#node_label	#score	#gender
106189723444098348646	0.00853912549216209	1
104560124403688998123	0.006928366035468896	1
109813896768294978296	0.006502578718345157	1
107117483540235115863	0.006127918713114472	1
111091089527727420853	0.005946238430762113	1
108640673873589796416	0.005382236650637216	1
113116318008017777871	0.005269653895452443	1
118207880179234484610	0.004800745252146654	2
112063946124358686266	0.004569652089810437	1
109412257237874861202	0.004433268407282021	1
110318982509514011806	0.004012440505933548	1
107033731246200681024	0.003767972236651552	1
107753428759636856492	0.0033298534928616194	1
113612142759476883204	0.003304719368383853	2
105237212888595777019	0.0031392315058535085	1
102150693225130002912	0.0031304730237235595	1
101261243957067319422	0.0030886148522463793	1
102034052532213921839	0.0029488046410268915	1
103171849011748425097	0.002879217154514384	1
101849747879612982297	0.0028610995468691053	3
109895887909967698705	0.00280917232530905	2
105076678694475690385	0.0027619234049950743	1
100535338638690515335	0.0027274585893520874	1
111164095920889813531	0.002506654572381064	1
117691391504351341685	0.00249938886007477	1
117840649766034848455	0.002490044381166431	1
103012564142649561853	0.002465636239347687	1
108082478497335384404	0.0024518007953167713	1
103111382143198287157	0.002416612879639869	1
110286587261352351537	0.0024051318581722525	2
117421021456205115327	0.0023004639062679287	3
113364856660738963998	0.0022793752558892587	1
108255750659110762991	0.002273255566600983	1
115565811010545226083	0.00223238290755688	3
112844561713780016118	0.0022102954597626543	1
104987932455782713675	0.00220513158909508	1
113210431006401244170	0.0021928724187177465	1
118418436905562612953	0.0021714838251296444	2
100523784851251213675	0.0021457004811115655	1
113217924531763968801	0.0021439903453451654	1
117377434815709898403	0.0021370101717092015	1
108159551615224338529	0.002122734696001797	2
108998673146368660257	0.0020819147816495067	2
113710395888978478005	0.0020575139614838135	1
115478779964227301239	0.002044844305195334	2
103716847685048716973	0.002041566790133861	1
112374836634096795698	0.0020187722261656264	1
100518419853963396365	0.001974107629363291	2
113117251731252114390	0.0019680098202323046	1
108176814619778619437	0.001956946063117409	1
111499908439497508351	0.0019567215800076823	1
105741303026472281088	0.0019203477699656446	1
103389452828130864950	0.0019181230680088907	1
111108757011887504525	0.0019160650787627036	1
105152503384268783597	0.0019049998991245427	1
114765095157367281222	0.0018970665075237374	1
111310990991240556038	0.0018539684674963805	1
104550678234629742078	0.00184697295660888	1
106318111152683661692	0.0018461859235157996	1
100612175927429294541	0.0018434692016567585	1
100834378485895409468	0.001830948595993147	2
102600774742322762226	0.0018238491830628646	2
107968787521028284191	0.0018139816754261329	2
111538009015644508967	0.0017998828545665007	2
110981030061712822816	0.0017995582908653103	1
104233435224873922474	0.001788087587477464	1
115622466243011136115	0.0017769727403670664	1
116214152295449083654	0.0017741851511137022	1
113882113745075873153	0.0017704500280315684	1
115360979797396777969	0.0017696967369954576	1
100300281975626912157	0.0017524923381517137	1
118211470604625240348	0.0017356879046472099	1
109213341727335961954	0.0017356879046472099	1
115064258994656104138	0.0017281482424454143	1
114274687956791581923	0.0017196809837209668	2
108189587050871927619	0.0017170379659570195	1
113475277239647026452	0.001710894093937257	1
103399926392582289066	0.001708587804277274	1
110260043240685719403	0.0017047702514640228	1
115018960949282516687	0.0016977620026579464	1
101174951617223562800	0.0016860911611270154	1
101235095970404720691	0.0016756705315736139	1
106792630639449031994	0.0016669982293987646	2
112599748506977857728	0.0016459211979782996	1
103861741370066605527	0.0016439308807023652	2
104484219049883711215	0.0016427703775422759	2
116805285176805120365	0.001636805275434302	1
112276589013569458330	0.0016243920678712875	2
115404182941170857382	0.001622779590975838	1
118320665823821681206	0.0016187985236304422	1
100940716892313727285	0.001612528932617119	1
103907806627406122152	0.0015470040911864972	3
117388252776312694644	0.0015451889845507923	1
113686253941057080055	0.0015398205376306036	1
108551811075711499995	0.001536459598186841	1
107234826207633309420	0.0015341889213076846	1
105910977869522122580	0.0015195832566193218	1
116651741222993143554	0.001514554844841322	1
111962077049890418486	0.0015057029113989004	1
102923147893327767382	0.0015056404488331774	2
103541694080221120019	0.0014889950153956063	1
113920721823301219308	0.0014846144737220648	1
106717946845088683921	0.0014809517761847284	1
116663982997041117781	0.0014784885585117959	1
107026299993226528916	0.001471164628451564	1
100124389520659251191	0.0014709218614266867	1
114313282220656400650	0.0014549896903888044	1
115744399689614835150	0.001451215042930803	1
118254993345625377660	0.0014321706797590097	2
103100496883422151101	0.0014224517869588919	2
102476152658204495450	0.0014167692503848756	2
118227548810368513262	0.0014078860059222396	1
112353571951662353120	0.001401968965189671	1
109904671942593267959	0.001400420503591844	1
116394575739281318169	0.0013926500494823712	1
113544226688149802325	0.0013826359663229348	1
110877363259509543172	0.0013709112243231974	1
114089069528015035598	0.0013549504845144374	1
108152786201218528136	0.0013537211940413394	1
100974258168375166691	0.0013446473776552138	2
107765155354887834405	0.0013387944691447137	1
111666959095947698908	0.001337367325220847	1
116594199576805510790	0.00131995721783221	1
100854202666064752024	0.0013133662764481014	1
114618043230336563405	0.0013125744576806373	2
116040565882702717981	0.00129428788610367	1
117041088134317407989	0.0012921749837845927	1
109140277806644720261	0.0012921313444928476	1
105847419267701979492	0.0012859066780032801	1
112218872649456413744	0.001273519363133261	1
104364058018116761460	0.0012617278759250472	1
115740425396974668440	0.0012557794127502262	1
113186623583029971455	0.0012514257522258576	2
113801236315350503728	0.0012508241213438126	2
113097276181543898574	0.0012435063545751235	2
107469895927414342167	0.0012423859442870144	1
109351399938437494273	0.0012418909155239356	1
101953803500909190578	0.0012408149288217945	1
101483533411566453214	0.0012391118088346546	1
111245623450043909906	0.0012330347065957698	1
112413860260589530492	0.0012328279295171552	1
111654284395316165338	0.0012259943878324508	1
100000772955143706751	0.0012207111615685957	2
100269980559891536109	0.0012151516087019424	1
111832530347449196055	0.0012151031023032405	1
108202274299391625681	0.0011910106642542685	2
103429767916333774260	0.0011865893909195758	1
109330684746468207713	0.0011856375139627719	1
104376123433741873548	0.0011854119249108633	1
101111725148957537937	0.0011841614279037896	2
116334142134816078699	0.0011824011963334849	1
107323726887023845557	0.001174641572130361	2
109268929184492148787	0.0011721674806089942	1
107590607834908463472	0.0011713772183837394	1
100177665092199474358	0.0011707733344260307	2
113751353481962008916	0.0011706932128039472	1
117344752225183656923	0.0011677579815609412	2
112353210404102902472	0.0011475598112101683	1
114629508960670409934	0.0011331195302267108	1
114685727151899977785	0.0011196109436095577	1
111169963967137030210	0.0011171236427133747	1
103739956981270863755	0.0011149838886357986	1
114632854492678778509	0.0011121246919322167	1
103233967921245494760	0.0011116516340579881	2
110701307803962595019	0.0011115323281060054	1
115695578304416858659	0.0011115314123107162	2
102991700177087923792	0.0011082759143308178	2
109667384864782087641	0.0011011204466135106	1
112726038360301567381	0.0010993119613292197	1
108219993075584340257	0.001099262404912205	1
102533732658641069172	0.0010962569971921803	2
103533326117556337218	0.0010939663741535298	1
107367382218779881065	0.0010934526973614203	1
102216887206636463918	0.0010872089902860295	1
111288574156818690676	0.0010794891368920592	1
104390246098751387487	0.0010765963755351284	1
113455290791279442483	0.0010759812019641767	1
116992221479414639679	0.0010751848856717173	2
116961301915403381264	0.001074220064171125	1
117259934788907243749	0.001069416094157007	1
103300363750121441954	0.0010621861999651127	2
107602882044753150398	0.0010541798800312186	2
113351703941294630458	0.001052408998174958	1
102604554618567108175	0.0010469014900649626	1
115242081056296652095	0.0010419600984608317	2
108172009599607363531	0.001037377334301718	1
113340344488226387361	0.0010364133304054325	1
100219691404074384850	0.0010349091831492014	1
104458801156000551882	0.001032892960182369	1
114951205049465295685	0.0010315827621403448	2
116785581294120406864	0.0010307124318249484	1
105421360534824524100	0.0010296642228132323	1
103097764320602190090	0.001029308554675035	1
106501936839371135482	0.0010281168034973194	1
100537991844787325512	0.0010268617166269724	3
100962871525684315897	0.0010231134958276376	1
102615863344410467759	0.0010192840529056287	2
103618543375127073102	0.0010177199717462922	2
115514397255079403751	0.0010138061315940914	1
113881433443048137993	0.0010123133504934476	2
117378076401635777570	0.0010112699586700361	1
107833107845497630206	0.001007817517889734	1
102667586673440114166	0.001007663957389324	1
103797409565331693058	0.0010055189862039015	1
116416314233992548280	0.000998446185286732	1
116919144680028951802	0.0009859094291489409	1
102865263115020893218	0.000985758076965574	1
117220917963904171499	0.0009737874417251398	2
100120811686666130149	0.0009600317980085898	1
115047896996200277508	0.0009553549217168242	1
109610954243983229925	0.0009544096462225261	3
103493459351957813291	0.0009443963159655282	2
112564135762572403710	0.0009433018555783374	2
100664794686416535524	0.0009387712503614947	1
111527751772875860138	0.0009366385695748687	1
107140884077582692033	0.0009353206537267833	2
114236604403554541461	0.0009347771736510102	2
112628253610969050321	0.0009319611818793787	1
115723497250720724489	0.0009311091575117773	2
114322062486142570942	0.0009308301700677961	1
102871123574468799566	0.0009283138260255869	1
117310042965407401917	0.0009270138825806292	1
112710501221399450850	0.0009246371365937444	1
116570889542655364711	0.0009221553091720064	1
104557885419342982371	0.0009130530694004697	2
112707199408484711520	0.0009119865144635927	2
105585910534036523948	0.0009105159323354537	1
104672614700283598130	0.0009077944163211304	2
115739378269261680935	0.0009053825176588785	2
115344454846169254013	0.0009049860103648243	1
107379489464447013340	0.0009049703078422025	2
107543460658107759808	0.0009034208969313157	1
101057616370673656059	0.0009033409087101629	1
100209651993563042175	0.0009020858874344284	1
102404812583412769241	0.0009006698851511239	1
106979372492552141708	0.0008945973498248036	1
118170059441102440825	0.0008930703268565692	1
108865224681518296173	0.0008910798203754482	1
103030116155431184588	0.0008879029508313804	1
113650768571943394508	0.0008872163399090999	1
106553543092892703402	0.000884923182098744	1
101629211371073711149	0.0008832514029365804	1
102341149880761839470	0.0008817861186598419	1
109661508583789456061	0.0008805355841255555	1
117239178441094078296	0.0008805355841255555	1
105545068944703206621	0.0008773985764534735	1
113735310430199015092	0.0008765255300990525	1
103438332263642514693	0.0008740662298887274	1
102545157386069758709	0.0008726682112986436	2
117841284165024027243	0.0008691089529520645	2
112395984886882740302	0.0008658438902484582	1
113097851206100618060	0.0008657765207299736	2
113581877241195310623	0.0008610854132963511	1
100512649718649402368	0.0008586617183741948	1
112661262066626464523	0.0008575872248429147	1
110963282172375105575	0.0008556876236828694	1
108705174211639807508	0.0008549563679990352	1
103765013042311928518	0.0008535569637164069	2
116872576248355504859	0.0008503339868581181	1
107383157816966336384	0.0008477614494408532	1
116374117927631468606	0.0008457059119653859	1
116860750964767060846	0.0008432522533570885	1
115459243651688775505	0.0008407436673656896	1
101035196437264488455	0.0008398497940389918	1
102648148748642147788	0.000839365918374202	1
112364132652438722780	0.000837989287568613	1
112072934052683456906	0.0008378214390247604	2
101333593083741950617	0.0008376261655478836	2
100275307499530023476	0.0008372798268707234	1
104577357381178665210	0.0008340347732137989	2
112401285503970814157	0.0008323351132581893	1
102797953003564182378	0.0008265619234493865	1
103875258484706784219	0.0008232483543163029	1
105841645449323318101	0.0008223642369425489	1
113814416929914847526	0.0008220134866716871	1
109596373340495798827	0.0008211503975197277	1
100447532306249738876	0.0008185809600563972	1
104482086818095930400	0.0008177299451260082	1
110738151335431124658	0.0008157624347012018	1
105134077748622298216	0.0008147148136575782	1
104424338679069151673	0.0008126258714930039	1
114199219545463600767	0.0008095362766024588	2
116222833568410151476	0.0008092149699590341	1
115011336313236833671	0.000808937868397216	1
105051985738280261832	0.0008075534121087381	2
107151624355255036787	0.0008065919159689871	1
116799045993451756042	0.0008028492058274877	1
103486150650858067282	0.0008024703626757846	1
107534991451098430533	0.0007968442126468973	1
111127765976287525565	0.0007936606847795974	1
106567570642614609073	0.0007924070580800693	1
104215081746139431649	0.0007900612680291665	1
109051167482734565875	0.0007880624589569245	1
116247667398036716276	0.0007871189777044074	1
115710735637044108808	0.0007846847353192317	2
101765416973555767821	0.0007832094890706558	2
107444953832494307031	0.0007832092982141062	1
117757565120070816446	0.000782660853968763	2
109342148209917802565	0.0007814783350723703	1
107708511291405757075	0.0007806016588963559	2
113211392356513293746	0.000778564808284158	1
115530776534617554663	0.0007763610006164247	1
102690010205037163853	0.0007714793884537277	1
117000174975734429056	0.0007708584671757223	1
111923578555541250439	0.000769659563213013	2
103572367332435363277	0.0007693349653901917	1
101962829696981365403	0.0007693193080791932	1
106636280351174936240	0.0007677405085909924	1
102725109790365996602	0.0007652210223079172	1
110615203095633370838	0.0007634255404615265	1
104703421092164625805	0.0007612453460176491	1
105902716863305090394	0.000759957185189284	1
115823743185218140370	0.0007577727759615991	1
112650518269025150644	0.0007549888151408943	1
108094760132961329912	0.0007547225408047222	1
116973390574320264137	0.000751998189041459	1
115788203615961124571	0.0007517818599652563	1
116154269478833904015	0.0007486871553713762	1
101960720994009339267	0.0007481369327258676	1
114853458007065354930	0.0007473365581559754	1
114092052797730247075	0.0007469884278336844	1
108439032486286528947	0.0007458070256022081	1
105547060999578080024	0.0007451587797833489	2
110067835153954222370	0.0007448664531171543	1
105551989431666449555	0.0007442407873786989	1
111058843129764709244	0.0007432561014264589	1
110865239138634754687	0.0007427631320357665	1
100490938532400683276	0.000741276711595911	1
115360471097759949621	0.0007400102759816709	1
103140137391526341351	0.0007392405833331194	2
101720949843787442951	0.0007383522835823298	1
108346637271615594833	0.0007369093333211941	1
101052845941647002594	0.0007359540010540902	1
107159481602229362655	0.000735315795988031	2
114387277236308334527	0.0007331776165187007	1
101703900497034523246	0.0007322235536818492	2
106100296973968329853	0.0007308003925622967	2
102090995491094543233	0.0007295108359529613	2
107156755577155979497	0.0007277380618071494	2
110749379267845817082	0.0007264546352971227	2
107375322906605680039	0.0007240104770665032	2
103216887847401478447	0.0007224952076340142	1
109964383582532868438	0.0007215145928424578	1
106311445273286723104	0.0007157610088185139	1
110378953230340021029	0.0007155572860364338	2
105354532715798223299	0.0007155448858594097	2
116113014152499702246	0.0007139884883122623	1
104250970445890717876	0.0007113789696670777	1
117296255407633884056	0.0007090962268673394	1
113399916484277886940	0.0007026679387377261	1
102285954355508747800	0.000698868994608862	3
105951083208800607266	0.0006982876666092226	1
106926403533589251639	0.0006940310247325251	1
100327603635717936220	0.0006937789115751828	1
107004843925454095805	0.0006932581312048023	1
111065108889012087599	0.0006925800154227088	1
102002299339025067376	0.0006916922943364045	2
106910495542306514033	0.0006910365113202933	1
116573735542965490994	0.0006896701478195006	1
109923941665874520762	0.0006880907388333321	1
116909590449750618084	0.0006858889142373742	2
116407635616074189669	0.00068362409835152	1
107545326706908151271	0.0006817394587558396	1
110317604568805674201	0.0006801397471790251	1
117920836752193813135	0.0006794097992062127	1
106533248943352121512	0.0006789011939991215	1
101567686389173421706	0.0006778829220130988	1
103984595971776502972	0.0006770131108616117	1
100305065349096811813	0.0006755117934763692	1
109306827362311084040	0.0006723740767534971	1
107808951807533655192	0.0006717084364497619	1
106551265799367505827	0.0006702459203195865	1
114783963660941257693	0.0006700607529098574	1
106912596786226524817	0.000669585843429308	2
103583939320326217147	0.0006694682826367309	1
118299777136505117634	0.0006692807530223324	1
113941490892811952666	0.0006685864465756141	1
117429013107995808644	0.000668483981528146	1
101349226599177874783	0.0006675321191126077	1
105072305864951447999	0.0006668152087179835	1
116197193480724162859	0.0006647039561082026	1
115995639636688350464	0.0006645813519086058	1
105248484118148978714	0.0006635857475029792	1
109869514522731886677	0.0006635033559425636	1
101975153326598871119	0.00066317965668565	1
102409541521880756024	0.0006610955855553488	1
113895942978964425455	0.0006604918587957967	1
102965501513711820631	0.0006582596310071253	1
113464569897311842405	0.0006582520583132058	1
109504153335660824173	0.0006581621092329574	1
105706178492556563330	0.0006577896972644577	1
109602109099036550366	0.0006571284418812875	1
104619747503393735851	0.0006565254112542923	2
113027837615023628132	0.000656297035780242	1
102817283354809142195	0.0006551453535229364	2
104895617958403173354	0.0006544616804068631	2
114664307180734299077	0.0006529722476468294	1
100655691978877752465	0.0006524087504427801	2
116464344073545994074	0.000651956976946464	1
107538503004482952974	0.0006514557383600148	1
109220060006128553211	0.0006511441075378587	1
113424222789153728067	0.0006508303516064369	1
113604292901011339914	0.000650804498693083	1
106944536119733342041	0.0006504751750109029	1
103515509493554252985	0.0006477331543962147	1
111716948575577959969	0.0006467821771214902	1
109667985886759290804	0.0006465955301300183	1
106724181552911298818	0.0006465937328117082	1
108855200241623204226	0.0006447755345205203	2
107289961585411779306	0.0006447349327213632	1
114345903275605514915	0.0006438576999734434	1
105329929314379043455	0.0006433659015540116	1
111417544948526728372	0.0006421711915819359	1
117464410931711414271	0.000641777877046171	1
113102862520765968586	0.000640788952185295	2
113754283359377615013	0.0006386495520803422	2
104441415299714065572	0.0006378769935759421	1
102889559256621132781	0.0006371844689768422	1
113687916808174552540	0.0006370714349457632	1
106297307715493183656	0.0006361426918137137	1
105226553876340461108	0.0006359213484688109	1
100673001273604863893	0.000635657794284857	1
100287516984807461444	0.0006343096812195895	1
104102743248207705784	0.000633401552352347	2
100623276740673202144	0.0006325003821270517	1
104885672108365535825	0.0006324751992939591	1
103697821787469756035	0.0006316657557855585	1
107849922105700858631	0.0006305621041593377	1
103839604733587411268	0.0006295183860065129	1
104401121686781166984	0.0006294363301549979	1
114516047414042281846	0.0006294111039271512	1
109946174927229272395	0.0006289103235487803	1
101283929962950159921	0.0006288466753154236	1
102633037393674620951	0.0006281022781456255	1
111991876596496628445	0.0006277827081583926	1
105440794443460562007	0.0006276553901940181	2
116347431032639424492	0.000627169609411354	1
114850559479625069262	0.0006247071083795508	1
111056444123779199997	0.0006247040556937843	1
116207116265059961468	0.0006244275371995415	1
107330528562005281406	0.0006229429358753701	1
109842117639520159116	0.0006228793309953336	1
100620732971603495982	0.0006223274081886231	1
109043804130056015419	0.00062217392244631	1
101080716464512110535	0.0006214611755187155	1
118230138066120295920	0.0006211475149801391	1
101465854435804471513	0.0006206925809532254	1
113891423043364949268	0.0006172864928032824	2
117763327806165990792	0.0006165230669618028	1
101872015774361781592	0.0006156154281033464	1
103103834116993607848	0.000614259439739615	1
116819601264686093434	0.0006135700442873025	1
103125970510649691204	0.0006134342625428033	1
103090889232468301451	0.0006134163067780156	1
106088764885830745677	0.0006130177430694677	1
100973338013746275174	0.0006129150170347004	1
114247122654933033701	0.0006118056334806373	1
107358865307002159479	0.0006110339753228367	2
114153859732710523651	0.0006104377231378411	2
104687831543694050353	0.0006092047133613317	1
103029870795404358045	0.0006088596361572081	1
104174037294742207726	0.0006079077534369007	1
118292708268361843293	0.0006077591007364857	1
112696040957795558674	0.0006070797032241176	1
113609548050074203851	0.0006070524212072029	1
103652441454188509895	0.0006065876573973616	1
114831291174925522786	0.0006054156753937598	1
101265890424846702444	0.0006048953374431397	1
113702637309752822154	0.00060484993813919	1
109193674823031718540	0.000603941597018802	1
114928937512638769810	0.000603849675989758	1
108685424780523341444	0.0006031557090530771	1
114870442606699980960	0.0006021801403911419	1
114870652491954460386	0.0006021567508957723	1
105593270217665985575	0.000602125214831939	1
116539451797396019960	0.0006018035254513076	1
115843902743138499802	0.0006012027240536886	1
104038699355103594931	0.000599412137188999	1
103825681530404900115	0.0005992630275576083	1
102945758979783986480	0.0005975165487341547	1
112671613807103204042	0.0005948467752605148	2
109590423597896078382	0.0005945868201086809	1
106532709318061274779	0.0005938067618304983	1
114592751246503219483	0.0005936553966439002	1
106166623138751182431	0.0005932930668736103	1
106517092226488584705	0.0005925593330028677	1
100333543044473222310	0.0005924722664853511	1
100258933461856349896	0.0005912617951928734	1
106250907587375690171	0.0005910558134234203	1
106983800549406471589	0.0005898630794782264	1
112188647432305746617	0.0005896457487086772	1
114122960748905067938	0.0005885899172465164	1
102766762874150493364	0.0005883262496123101	1
113331808607528811927	0.0005877811175312745	1
106802084872920510496	0.0005867625153276326	1
117297867503542100495	0.0005865397105844379	1
112798516308771746920	0.0005862657887309633	1
105545643950342933917	0.0005856722466345157	1
112528443699803395789	0.0005854834625088508	1
108056398297424061653	0.0005853984888814245	1
115450369001355623660	0.0005835598778675217	1
108330670019367598341	0.0005835027147746934	1
114653579246226677628	0.0005827672924720595	1
109829103207295789295	0.0005822299570342567	1
100634689476721730278	0.000582011536912593	1
101157854606139706613	0.0005807877847653711	1
103712172077289099783	0.000580540169392873	1
114487965928288927815	0.0005796723719165936	1
108246154658242260598	0.0005794256900288944	1
107988469357342173268	0.0005787810028402573	1
106001808066334889083	0.000578334418438502	1
111439704478822922350	0.0005781608545120311	1
112883523226102191623	0.0005777899623507837	1
101062235821996561929	0.0005773607546881671	1
100664314273585529786	0.0005771868096859687	1
100788271619010384968	0.0005767781459046368	2
109443407918560334714	0.0005761772752426061	1
113729277367184919773	0.0005760437870771884	1
113146799877690470424	0.0005733773459202793	1
110258899475477198037	0.000571989447118493	1
113625462103500841369	0.0005718552089382269	2
110891307255905847602	0.0005710415999941218	1
113768306902375393490	0.0005706614524297784	1
100110525811498968376	0.0005701346121053611	2
109789939743085010576	0.0005699085907995317	1
113649228054857237498	0.0005693185129029732	2
114935879585996359700	0.0005691756312589168	1
102943220293105257440	0.0005691719191117501	2
109467717400903653061	0.000568164014352858	1
103911183408644149411	0.0005676087871799366	1
105009504092403807731	0.0005674409584878969	1
116229124946104902105	0.0005668804778408035	2
114466969251209334825	0.0005668105120730596	1
106526452034734966566	0.0005655615223499296	1
105324761189549512199	0.0005647985974182518	2
107590093667978669374	0.0005647738992932312	1
114506169898055621778	0.0005642545344066339	1
108945615972564140630	0.0005630417227447553	2
115056784116835622566	0.0005626499792657124	1
110933278795835298751	0.0005622770365817522	1
111955500482710592727	0.0005616416824446081	1
107958711860940415885	0.0005615090015509958	1
115947571425501492839	0.000561092786251156	1
118301727363923491343	0.0005602292890956192	1
102218502614021519543	0.0005598026139795611	1
116965236050828694670	0.0005597489876512548	2
106682831104422461380	0.000559640026716212	1
100075370731033242197	0.000559630802212994	1
104570711580136846518	0.0005595256877560014	1
106324123467069891099	0.000558061741198912	1
114197728097920268135	0.0005574101035859711	1
106930366760781442169	0.0005566846383572716	1
109080723668547114837	0.0005566141333509555	1
113026104107031516488	0.0005555325239373359	1
103795921262630398720	0.0005548397653965772	1
114919915226752492773	0.0005544691895417055	1
108024592838097465800	0.0005540188711845799	1
106914186897370535526	0.0005533942992803293	1
115655034901162574758	0.0005528967091809318	2
108854030482751403518	0.0005521474079819685	1
115858612877723984178	0.0005514369206699942	1
117144151300189136236	0.000551056710245818	1
112448795483591020843	0.0005510042047398324	1
117108447922509773781	0.0005503041062467271	1
103515259519634902605	0.0005499703038272484	1
106086121009771648314	0.0005495421736942915	1
106812353891907639293	0.0005494042653804948	1
112658509879375652305	0.000549156825416521	1
102496577203990741245	0.0005486718935974078	2
100710846514306801296	0.0005483521004614935	1
105312096129013929007	0.0005482801859805404	1
107236664740300085612	0.0005480318072658196	3
116947906726568301788	0.0005472661634047921	2
106992071744711893668	0.0005472336380519822	1
114650747666128230743	0.0005471009782910324	1
113398482203091489376	0.0005465671206448706	3
102443055443356357765	0.000546508739009205	1
116013911318003177996	0.000546318426641799	1
110379434263550065795	0.0005450357707329858	1
107395795129791787754	0.0005450327661389893	2
110495070999511227462	0.0005441917399697461	1
116807883656585676940	0.0005441251074262603	1
118301801570268856235	0.0005435631949577062	1
112216705550566244316	0.000543094736848231	1
115970504272079730559	0.0005428861965222985	1
106950551569609292145	0.0005427517254169306	1
104508507682767510004	0.0005425434785257832	1
105540241924141497089	0.0005420289214759924	1
103150328351925153314	0.0005420144271204596	2
110818385850684816555	0.0005416005764483331	1
106037779398952255385	0.0005413525863942067	1
107318169263608653171	0.0005409116664070988	1
112614367259340988369	0.0005394372634110341	1
106755489263544557975	0.0005391067803480331	1
109980414289125676367	0.0005390299920484533	1
109446005446985447768	0.000538341163607604	1
103147347309732225253	0.0005370080123968047	1
101373193613128995135	0.0005362764722217127	1
100411393388776865339	0.0005350161969459628	1
105557068601771362265	0.000534975668959763	1
114699336529956127102	0.0005344153178963416	1
102467684150504816942	0.0005338851583067523	2
114044223936446378312	0.00053381510590196	1
108615254983735704342	0.0005328815855511442	1
103616688306533110915	0.00053253109946384	1
107323662131088936833	0.000532296788785833	1
108249232416813189685	0.0005312539181299386	1
112450551749208408589	0.0005305492211337636	1
113104553286769158393	0.0005298286608768354	1
100529254209883138518	0.0005290289048506976	1
116445437433162945363	0.0005290187619968578	1
102315706662673946809	0.0005284539630660029	1
111480413428119678209	0.0005272166881426023	1
101682840338947184385	0.000526864468954689	1
114617510344703462620	0.0005265019378479462	2
104896478495888175813	0.0005261838352408247	1
104431730105423927774	0.0005260355425305554	1
117630946657875928602	0.0005253355301432544	1
102463329848063353963	0.0005248506851088458	1
104487223275138277820	0.0005246642468515059	1
116200892915573902040	0.0005242194868439647	1
113180815516125966443	0.0005241308311872869	1
107760322959931160638	0.0005238539960589384	1
115106448444522478339	0.0005237422149541461	1
105015334290243649083	0.0005237143258095353	1
108012991939099820186	0.0005236944880458946	1
103077752838273980682	0.000523523581177591	1
111164617594851614734	0.0005233528870267985	1
112662956693744460184	0.0005232804433756061	2
110887657254002199157	0.0005225356197416508	1
109817727257275224234	0.0005214505386185405	2
109201681846030076792	0.000521415072513843	1
106808688302434879780	0.0005211451006308796	1
103916508880440628637	0.0005205371464583431	1
111965319170155055546	0.0005199612586417516	1
112594943080800558027	0.000519586704778137	1
112246941389479622430	0.0005192473956892772	2
103135469583952620852	0.0005191432812411642	1
100070927167992422053	0.0005189175312493164	1
118132874871419228283	0.0005181591221219183	1
108320953284407783437	0.0005180757794225698	1
101831002658760948914	0.0005180115885044904	1
102219475968800204884	0.0005178683811028622	3
115135147689301070319	0.0005162194397385312	1
101448421982595335481	0.0005155646549567717	1
100291090454863743486	0.0005154880935066995	1
110456453592220725136	0.0005151125387517016	1
101948839174240778386	0.0005149219465690707	1
117509701503569074905	0.0005143221011405274	1
111890945016831896743	0.0005140238731474639	1
109813811254829685344	0.0005138029548912702	1
105246828264278441318	0.000513629066559853	1
107332232527606860180	0.0005135896343406025	1
109145652162309851154	0.0005134136530625927	3
107182023412675026262	0.0005132186985606928	1
101692096009250888838	0.0005129506982689522	1
104743018975943257212	0.0005126413574223767	1
103912470393680459414	0.0005123070443242441	1
115017840964219023171	0.0005114892268334324	1
114031343427075940404	0.0005114442739944643	1
113859540036726448291	0.0005112693396178711	2
100141781431561572345	0.0005111614882269995	1
107161758471284783023	0.0005104071504083618	1
106086309847039327812	0.000509402453502026	1
101625160056474857859	0.0005090201298352148	1
110193533410016731852	0.0005089986777464055	1
102854311912714900388	0.0005089967947056433	1
103859341877402500482	0.0005084608343473155	1
115130390735317423919	0.0005083144716880106	3
117091380454742934025	0.0005082739333469731	1
105084887709488317066	0.000508232515227115	1
114503806689722509896	0.0005074185412979968	1
105881387186112317170	0.0005070461056323198	1
102904128915733925934	0.0005059691570517048	1
106075758531242552855	0.0005058447267371738	1
114604853277237932770	0.0005055729539809712	1
103145081878594422544	0.0005050576097853933	1
112472063587247013272	0.0005042677085989741	1
102085185756507251350	0.0005041196214538061	1
103234640511806627598	0.0005039717371662253	1
105071119031637859845	0.0005037877155406047	1
115080511474130363904	0.0005037187727504843	1
105872806106213007611	0.000500907446321147	1
102038831382717835405	0.0005006053724486197	1
118391804356750520463	0.000500565849534577	1
112375731670409469973	0.0005003019274614199	1
104397059726359189186	0.0004984350101300797	1
102556961352393259945	0.0004981530556132435	1
117270655453846612117	0.0004975261907655812	1
104075949870616365732	0.0004973773097337627	1
103721531088765428547	0.0004964514360954681	1
102128138296891622543	0.0004962797837387829	1
113069090773132071782	0.0004958576356261909	1
117290454194091097715	0.0004954890079298504	1
116056482297838775754	0.0004954481751633908	2
116499641291095397630	0.0004948546062428743	2
114806682162452947549	0.0004948462210843385	2
115578224090485355580	0.0004948461150512075	1
112960790583164686894	0.0004947491602361814	2
101777016929613982157	0.0004946669092648799	1
105601162334563131771	0.0004945783217558076	1
114124708527697564422	0.0004943263062662692	1
109398421611492546729	0.0004942293957854407	1
106356964679457436995	0.0004940720976961563	3
102767420110355783754	0.0004939096678641534	1
110351160992477343545	0.0004933600164208219	1
114204703228150089266	0.0004931584131029233	1
111159671558660040486	0.000491933161964475	1
110454253627715621789	0.0004916285443276994	1
104658400555923154675	0.0004916210557576687	2
102255986016613110352	0.0004908989580719714	1
101888861698655467345	0.0004908866763913524	1
111775909611846609731	0.0004903119337178754	1
108322543021146059132	0.0004892109531643477	1
108144430629893821152	0.0004891261827966926	2
100528843579371775272	0.0004891046451916579	1
110347380425323822802	0.0004886233250591108	1
117556389603643931415	0.0004883841471138525	1
104998691047937243499	0.0004881991964842489	1
110938159137165455276	0.00048788960017730714	1
112737087024763980113	0.00048774111508497267	1
112105164797306466706	0.00048769974648107955	1
103997409386976193988	0.0004876582758808342	1
100432456209427807893	0.00048732062415530255	1
109854304647212696025	0.00048730793924172295	2
109910390678756726363	0.0004867411526962907	1
106707821265981413302	0.0004864390809232272	1
114857801937726299428	0.0004861257242071713	1
116302527527023675412	0.00048586686226861957	1
113089996646628106127	0.00048560034630726844	1
111002131107129454275	0.00048537525437092387	1
110608103566738361629	0.00048533119185762926	1
101035116763922344248	0.0004852270445816007	1
117220229319287930142	0.00048516819216092385	1
107177203146640599248	0.0004849080303812814	1
115507658258745024139	0.0004848109265377334	2
117068310245969878270	0.0004839513304682152	1
108736646334864181044	0.0004835464862110897	1
116719211656774388392	0.0004835201118180342	1
101547242940587948399	0.00048284691647901745	1
107404242080797040590	0.00048284181384268695	2
111359614762054487763	0.00048274308702334057	1
103693408904411606512	0.0004824344312012957	1
104737437767089317857	0.0004823009704379395	1
118340792148219128230	0.0004815739365271786	1
109454408494598337213	0.00048152056867830815	1
107058695811249115309	0.00048044513286263964	1
114471843543990290947	0.0004803901654997895	1
102547044539623029950	0.0004802536597778359	2
100238778462210489846	0.00047989340414097455	1
113506898598086193893	0.0004795460297653595	1
108896556048763968559	0.00047915908840885776	1
112265135089213955243	0.000478975957874978	1
109446606288546100800	0.00047883476059255425	2
104418220446531200621	0.00047874632077511844	1
114757464889188562276	0.00047833867090295263	1
103020757351652425388	0.00047827372540094464	1
114121522802422541341	0.00047784440994236527	1
110523063757168736259	0.0004775793450583391	1
108646644922255760914	0.0004774954369855713	1
102968488537700363322	0.0004773704782201419	1
101967793050656360625	0.0004769585886977269	1
109345865429707844168	0.0004767919041073716	1
100073645661563176484	0.00047677751369080404	1
107565646610688820163	0.00047671994764998053	1
113144541265223594115	0.00047622692166278006	1
106862156479660675047	0.00047578353387743767	1
112799586715644830245	0.000475378380393036	1
117501857213226184953	0.0004753596441542299	1
107512419941766670563	0.0004752522157412241	2
107808632970543448071	0.0004749742995107675	2
113284787225540728296	0.0004749613491043842	1
108645589277926899961	0.00047482579507245303	1
116046131107486389598	0.00047374613789030734	2
109486203725207616885	0.0004731904854763041	1
114839638425953508537	0.00047271334777881035	1
109266052612007295479	0.0004725040635670449	1
113643425309682495997	0.0004721147597155487	1
110348137481819778312	0.0004716973646653465	1
115691607133254129876	0.0004707221625515021	1
105089049053826545003	0.0004704647295333637	1
111492199188028722222	0.0004703768477313349	1
115543483461158432761	0.0004690572567035414	2
114413456257455506493	0.0004690211542906018	1
111633725541752229957	0.0004689062492539101	2
107583881769758392932	0.0004676430625246854	1
111121336912406932897	0.000467635602910282	1
115772174763814642163	0.0004675063941697286	1
102669925369002527521	0.00046747355915104555	1
107892094740226004193	0.0004674361218923938	1
100971047062670393045	0.00046734939342973935	1
102586608504843508081	0.0004672249449583244	1
114308997625908526960	0.0004671659567637047	1
111910200485959385328	0.00046679581285247727	1
108182106411180467879	0.00046669344354310455	1
107111579950257773726	0.0004666487702520518	2
103419049256232792514	0.00046616322296620064	1
100221555167886931877	0.00046470770395789384	2
110997367831284648549	0.00046429262940759857	1
101441913939865423456	0.0004636922815454272	1
115623252983295760522	0.00046275532904527597	1
115227789959725643869	0.0004625638249975655	1
110237865839378164445	0.0004620773798834302	1
101206766570550710645	0.0004618048743946304	1
117904596907381647757	0.0004613138232803169	1
108037135973386438800	0.0004610976556448806	1
114700236104341164111	0.00046091163198071797	1
109019976856333185847	0.0004608652331706634	1
117680872003014443769	0.00046037986349788183	1
102974394189555668667	0.00046020706658287313	1
114979831891112909762	0.00046013194087296186	1
111142884289817620371	0.0004599879555010833	1
114334979365075139609	0.00045992427193768375	1
113175253983126961173	0.0004592380146247694	2
107727150903234299458	0.00045908625215200483	1
117410239624876462156	0.000458889736478785	1
108869749635348559485	0.00045888357062978224	1
117670425425169905243	0.0004588052202413466	1
105445338044186927815	0.0004587499692203819	1
112658633592720298303	0.0004587255663333219	1
117186458716523937136	0.000458630849574923	1
114746422988923214718	0.0004584754391961599	1
104586573589872571364	0.00045813369638739426	2
106558284273162270526	0.0004580155062299993	1
114717554329322767813	0.00045793695965324385	1
100217651363651256688	0.0004575670113290945	2
113524745665911089922	0.0004574212058994139	2
103310002187772520535	0.0004570733269246772	1
111162301399626566385	0.0004569458199297321	1
105980749351398247533	0.00045657882640476934	1
117746064116017163300	0.00045610393441549666	1
115130760540851771472	0.0004561008739123177	1
112764701986732618903	0.00045580989821632635	1
103006433735164333713	0.000455443566365847	1
105008830087888413540	0.00045532095595075817	1
115216294530290003241	0.0004551052187763651	1
112623527164721797936	0.00045463042112159016	1
112106208511864515140	0.0004544806471000674	2
108587324540492658549	0.0004543848770438818	1
100872931924256445066	0.00045411171069305843	2
113154773924849387260	0.00045394594008811307	1
101222125576635425546	0.0004539446044034346	1
105095083538991543994	0.000453547685720026	1
118184936255132270234	0.00045216333819631026	1
116075808135192798838	0.0004518065899056248	1
116634208853439812955	0.00045173010702164725	1
104167949686819312626	0.00045161305396507824	1
103461291458554701630	0.0004515248800749847	1
107782171898361344570	0.0004512196046050342	1
113169079069604287033	0.000450938273245967	1
107142256253029093066	0.00044988230585738356	1
104234578756982830104	0.00044960501305548915	1
108208513736292177751	0.00044790021165387795	1
106384851351514110088	0.0004475843695741918	2
105400736676917752271	0.0004473490052351985	1
111566503164646157856	0.0004472757509639187	1
112393248315358692010	0.0004469542141692787	1
110863422139789681191	0.00044628579116860864	2
113201971663885139375	0.00044624792702790695	1
113677817925719341659	0.0004459006937491694	1
115868784569078797995	0.0004454476492986038	2
111246222621577046613	0.00044543591065131	2
112425531150945810444	0.000445294346905765	1
104178723837900724588	0.00044505521786247543	1
116513405135290689474	0.0004449061476095989	1
103833388179391400138	0.0004445236284515283	1
104365935597993255186	0.0004438759539729844	1
116366087532591682557	0.0004436250324943076	1
106204349636430606809	0.00044352643914146654	2
103871883270165000246	0.0004433126550011866	2
113872202125493185615	0.00044317689477756334	1
117741745713138927677	0.00044301022014955676	1
106162495480110745488	0.0004427355525928206	1
100605864222557374608	0.00044208621902414784	1
102549623343643093965	0.0004417121553754646	1
113842444453130095060	0.0004413372262381945	1
112761413213697188630	0.0004412373499483405	1
117903011098040166012	0.00044119159827481447	1
110753107896469232101	0.0004399769767313952	1
100500197140377336562	0.0004399619161853774	1
113550515771257787396	0.000439517054101541	2
106955057806718560042	0.0004392030964790141	1
115958937168985975805	0.0004391152913223902	1
113204882497955654314	0.00043904386996949376	1
116124619152562783143	0.0004388387161509046	1
113127486243987630038	0.00043731359448041145	1
114394582004557604463	0.0004368662517788385	1
115006214012336069247	0.00043620422814691096	1
111528297180001290455	0.000436029229247482	2
106467891941793155295	0.0004360203179873671	1
107736282424750070684	0.00043507621527363893	1
107045935786045013731	0.0004346821901380167	1
105328255196448500543	0.0004339313420345551	1
107399243715599955904	0.0004335268383969239	1
111353258033215403477	0.0004333430950718253	1
103802815038584132955	0.0004331788421248144	2
102241100049670231461	0.0004331788421248144	1
108271734388645113229	0.00043315932138559936	1
107590479232148253312	0.0004330588320792848	2
114987957963756854287	0.00043262983770830227	1
114801877818306839095	0.0004323773163939158	1
100941266751440211155	0.0004317847245788752	1
110560093627011023241	0.00043145797276061305	1
118234550056300061982	0.0004314385143449308	1
110668479729372555286	0.0004310393802845719	1
107358098398038450654	0.0004306998059325967	1
111267563228401734549	0.00043062456026205756	1
115204885226017473151	0.0004301778743383141	1
103536565508377128620	0.0004297756916064165	1
106898588952511738977	0.00042972439079263884	1
107527001343993112621	0.00042959348359459187	1
106739423424023436001	0.00042900713376426314	1
100313541166146935114	0.0004286081363489006	2
115602572254983357301	0.0004285259580494493	1
112528361054207070701	0.0004277036549271727	1
116229548584533052328	0.00042711976661379756	1
108581371748491713295	0.00042706389130162386	1
110593963566088558937	0.0004263317935032933	1
101799324245089780949	0.00042600840890212827	1
103618199843630115520	0.00042567537430444706	1
115069038278384155581	0.00042559339918255603	1
105668631124768022675	0.00042557547727519894	1
109849052345512343653	0.00042486390613000907	1
114362374755134054810	0.0004237102259463844	1
113798464517411112752	0.0004219944510983401	1
117708409021914999498	0.00042198553887193155	1
103636424927191308211	0.00042194032768717084	1
100042589426158562339	0.00042174624165881066	1
111079409215987263795	0.0004215265644091742	1
100493440776527702800	0.0004213199572251031	1
103061218133986046830	0.00042128340969657403	1
105000875740568674706	0.0004210118265279858	2
102379575144160390767	0.0004209514662427181	1
102096212439240784920	0.00042055839339235615	1
108657110797634380814	0.00042034603465732447	1
117147861890251581645	0.0004201365175772287	1
112363215496879145560	0.0004193729745914069	1
109642110729336476669	0.0004193552020006751	1
103184227409155950777	0.0004191263588938233	1
108013686774011866690	0.0004184923999367248	1
107797841320768724118	0.0004184456885990615	1
112507602232162136334	0.0004183348624754458	2
111135306200683567183	0.0004181766887770453	1
115372405214595182619	0.00041798341420601706	1
100856215453651990855	0.00041760506622127297	1
115111902757485641613	0.0004174627020279033	1
118015300804185508647	0.00041670589414228307	1
113202456305358222294	0.00041655273449364857	1
117765521878416995230	0.0004164669687625267	2
114364966738487776347	0.000416344917356336	1
104314192726025938964	0.00041624066521627487	1
111435079858164240138	0.0004159650638137542	1
115702306533209355625	0.00041589431826306335	1
108466870039650470305	0.000414902673232344	1
111649579223579960688	0.00041480372378590257	1
111049168280159033135	0.00041479462948086664	1
117791391761541223690	0.0004147138272545551	1
112662293249952729394	0.0004141713274164434	1
109322383637704271125	0.0004138046980378382	1
113261832667487932178	0.00041371950076288656	1
105761279104103278252	0.0004136717754842224	1
105844328547178759011	0.00041344181309557965	1
117420368760274729369	0.00041314027205828925	1
107495401691428541405	0.0004129175443159538	1
111667286078689662332	0.0004122078832595205	1
113371583041637564562	0.00041208772262203545	1
100923216452194411003	0.00041186062804617204	1
113111731715139693250	0.0004113443263441255	1
117613850459230972397	0.00041108497555351485	1
103242931271139699369	0.0004107465890368355	1
116979744203859215898	0.00041033035209155625	1
112433233162542061134	0.00041006330147005607	1
117895053585997781991	0.00040968852130692825	1
104959258308193038287	0.000409273473065805	2
106448042991774980147	0.00040899896838117174	1
116675628399793386012	0.0004089088660505851	1
104699108013523482558	0.0004088064813456468	1
109123888989768381249	0.00040848018935478784	1
106779512870994415471	0.00040828611085017014	1
113348350930471935594	0.0004081371312634977	1
111246230333105721999	0.0004080563507295448	1
105450804580077896136	0.00040783378969998013	1
105118981108167668145	0.00040704265867231427	1
107782428411922679571	0.00040611070697147865	1
101242855802654844323	0.00040468932018908755	2
115919664843599780912	0.00040452002227290684	1
106935269738929891479	0.000404447352256318	2
105638923496773907911	0.0004043844909554294	1
106238517966209289576	0.000404196532792487	1
100415580625344661814	0.00040405842536311235	1
102665200552377966664	0.0004037254901705276	1
111121994667003605939	0.00040319817641337296	1
112424773829882275048	0.0004030092867209738	1
106544349933037831956	0.00040300064349252824	1
115924359456918546658	0.00040263271278071866	1
109823866624096356922	0.0004025189361370634	1
102204551868146455501	0.00040240215222657905	1
117382255404511271142	0.00040208080322822316	1
106451359869410125190	0.00040137882600521006	1
112333933532796782076	0.00040136435246138514	1
109385828142935151413	0.0004006717494493135	1
101738342045651955119	0.00039988729604351775	1
116420525701620762245	0.0003991694882879514	1
117908036374671367769	0.00039909401464325667	1
105959481511766460998	0.000398916777977915	1
114469254206078607532	0.0003971708987098135	1
114744510189908480227	0.0003969659025395787	1
118051310819094153327	0.00039659565815494983	1
109383523392433949793	0.00039659308082731873	1
105363480331625813313	0.00039632987527934857	2
108079904701697074842	0.00039579962852652814	1
102251598676125280554	0.00039555462532305473	1
110276241285032138769	0.0003955154723226911	2
108849711147881315177	0.00039546007513299313	2
112651821425677274147	0.0003953572633274431	1
105340385291038463121	0.0003950671061650888	1
102472204830503422684	0.00039505809084922235	1
114126308045090257233	0.0003950146084994483	1
106563076987268237912	0.00039487342308845025	1
100498911937242643071	0.0003947947421538325	1
106031648912799473605	0.00039406094373121514	1
108066571890832937802	0.0003938808719739529	1
115209488640908180409	0.0003937976572224552	1
101346228744192401422	0.00039366430807680935	1
110776101657735290617	0.00039357903744479414	1
106784868338928174619	0.00039347723925724746	1
104602860284118862026	0.00039321310093298767	1
112408773440208776137	0.0003925390886319691	1
110792617224152644180	0.0003917083274439108	1
113569976508806323153	0.00039108009451570335	1
118175515740251550869	0.0003908515186498051	1
104356883036782964619	0.000390746762697544	1
103743296950120157401	0.00039011788544685797	1
106568999494994647497	0.00038967068223165366	1
116975073519439921514	0.0003896183716670331	1
113114462378360775452	0.0003893085234557276	1
111112297042090413630	0.000388515130519406	1
105146290850515029724	0.00038849768033052934	2
112875351967017263037	0.0003883157889937565	1
109877035555455451821	0.00038812055230603125	1
111778902391984011575	0.00038802601679792837	1
102271937385988687810	0.00038688743965146425	2
110788689115113965536	0.00038648156726464275	1
108683283643126638695	0.0003863655247760459	1
101415424972852927890	0.00038629471407007474	1
107905455800180378660	0.00038612175759092165	1
108443027359212340995	0.00038598076159255867	1
111711145986835145800	0.0003859189341676031	1
103684974087620751394	0.00038589250220307317	1
108535506075040298355	0.0003857872049624671	1
107457872022788991018	0.00038566175201042207	1
112906622029151482093	0.00038537904714744045	1
106027609527831583580	0.0003853282062460921	1
118197810020432218051	0.00038507833684014564	1
104974535027939443031	0.00038504084749452244	1
113567079117038816080	0.0003849445169525003	1
102179898810351096347	0.00038439641260184306	1
107951627396497689055	0.00038426137839612455	1
114641280615693770833	0.0003839218919122594	1
106493827472880328627	0.00038374668146569737	1
105850770551722768952	0.00038332194656183266	1
113581201724147813967	0.00038322817358333537	1
117916903811396964681	0.0003830065223955157	1
107300439022352685764	0.00038235695351755526	1
116766352265080910418	0.0003819420272400801	1
108958174760197809965	0.00038190564793596203	1
114301140286672625486	0.00038173042016626126	1
115490868856377625184	0.0003813768865371497	1
115093555862694271963	0.00038124731213937113	1
103490014051577974992	0.00038111476097242504	1
114241302906882346008	0.0003809409260189954	1
110656986166810342588	0.0003804472761131721	1
105228342880444036996	0.00038041370469766385	1
110044546603209583018	0.0003803189599086908	1
113495817446278394874	0.0003801749095744894	1
106324260969464307293	0.00038015632985218575	1
103341723446617438320	0.0003797056070966938	2
104881963224863544027	0.00037966047749438993	1
102737705736968820678	0.0003793604949279369	1
111293145978179424990	0.0003792833694630667	3
112315841125189904802	0.000378368865530209	1
109130886479781915270	0.0003778196848746594	1
104794733870058284465	0.00037768530756069214	1
113222062708936891262	0.0003775204254149752	1
109371868348454784979	0.00037626678708205697	1
100306073783323857197	0.00037612493127337626	1
106160293361349494652	0.00037595932880947936	1
107211094246725549672	0.0003758978778923105	1
113004478335429508817	0.00037530866595671987	1
103827994744677907585	0.0003753084831445317	1
101650411383078099702	0.0003743765100312321	1
111513549056668450674	0.00037418241866057987	1
104621204832216628958	0.0003741309798614759	1
107926385284408156819	0.0003738873355915531	1
102607879302800614538	0.00037370039835518784	1
109111953166204474545	0.00037303842580988704	1
118224579703977604263	0.0003728384277160727	1
115296715063515200155	0.0003726342362815487	1
113064201123974964733	0.0003725010549017159	1
113593979594890738368	0.0003724746928908105	1
104082542933882592340	0.0003724433189962543	1
105198837466762147542	0.0003721610627661246	1
114287391248383368206	0.000371831053935448	1
100956828577544924912	0.0003717079256270798	2
102974204038528910074	0.0003714535339946804	1
113316148669723868015	0.00037068005474577613	1
112555506420381923902	0.0003705753993638024	1
118154672907573696758	0.0003705071472606308	1
107732802446301744236	0.0003703064606170145	1
104668334905772892105	0.000370131495525257	1
101748070371523002333	0.0003700173444257388	1
111444153923263605114	0.00036997958774119934	1
114954579537134392510	0.00036986762727061323	1
106710826125257583541	0.0003698197563466653	1
112516563418445177081	0.0003697018331099773	1
111510457148784436503	0.00036960112506719006	1
114340129708942794232	0.00036953395142913623	1
106612198252274444886	0.0003693035912301306	1
100555383096414009506	0.0003692701772164179	1
108859163880818889435	0.0003691991304892476	1
110214100657406833523	0.00036905510521661816	1
117204793383823278359	0.00036903742350384436	1
112818800603813886449	0.00036874903525550064	1
107453093640123102820	0.0003685818423115883	1
105620968080914847096	0.0003682371908601391	1
109711410811562752750	0.0003679333688233862	2
102457738449602087840	0.00036780614430813015	1
106507463771539639056	0.0003672287450960334	1
103647580612402146818	0.0003667913918875877	1
102744972162477610699	0.00036644954931228416	1
102029070250833342844	0.0003664061207131318	1
112900286865678671959	0.00036639843301750085	1
112471565622970159141	0.000365734012156791	1
107044550151209703496	0.0003650992761957494	1
106450719398380308721	0.0003649993577521252	1
109145684557742553091	0.00036493222456233996	1
117361056103401565748	0.00036491065691353835	1
100765846795946647458	0.00036485558975523854	1
104531828804862316762	0.00036430834929306955	1
102181974024531060353	0.00036420843247317303	1
107807734026366524531	0.0003641581609637233	1
103203314859566576853	0.0003638489693984279	1
103430354793980131606	0.0003638418934200507	1
117115495439924792722	0.00036347156857722315	1
112579116320573535497	0.0003630549682724734	1
105803618710924334481	0.00036291943324099496	1
107055831699570675932	0.00036210366431375435	1
103054616523979211707	0.00036210115714757017	1
107101180435512134121	0.0003620273223480945	1
105502178297258827378	0.00036119794164286725	1
110580546447401631126	0.0003610079959854886	1
109325518935169286094	0.0003601561171107689	1
114985346359714431656	0.0003599058886768536	1
101235736306258809897	0.0003597628636338675	1
103920960738189723326	0.00035969739280588105	1
104644540170824315841	0.0003596657822872624	1
118053787345192709725	0.00035951800859989783	1
108482500385131341255	0.0003589090499973095	1
107342445128902420647	0.0003587558677981256	1
112774212898820575229	0.0003586032117015553	1
107022061436866576067	0.00035839347997551304	1
102840920235699803253	0.0003583604785271558	1
111220150614792065275	0.000358193211703649	1
116721722877630861143	0.0003573732651862119	1
105126600602218044918	0.0003571293828176924	1
103454297475480511679	0.00035695385747840146	1
112898043205527989577	0.00035693515866540786	3
118303283951449952966	0.0003568882897871279	1
112451486399280374785	0.0003565192820076383	3
117998305764454673857	0.000356168978576825	1
108582380062864553580	0.000356128835233436	2
101061366161237199657	0.0003556080187751676	1
106126806550435061334	0.00035557542571912977	1
109339805471557551388	0.0003549322392638878	2
112244777198241083145	0.0003546911615709107	1
105239361028930170718	0.00035430834893372	1
104591903036738260658	0.0003542585497696237	1
111159036121102171686	0.00035421945576070247	1
116339430670263519533	0.00035364435832871795	1
114807464616644302585	0.00035346130019965583	1
111024789120844632248	0.0003534202272355966	1
103125254078422850688	0.0003532698522713964	1
108397967064327046187	0.0003531343829685423	2
112882310123511845775	0.00035291808437222424	1
118323006760401758037	0.0003527259110984778	1
111004328782782734958	0.000352402479610174	1
106223273394899986618	0.0003524016438181096	1
110542479265736697332	0.0003522638544545267	1
100555391510262533605	0.0003517105459551342	1
105513412023818293063	0.0003511283473025821	1
100329698645326486178	0.0003511065447612454	1
102904072906435195211	0.00035092778211824025	1
103859361322229323981	0.0003506846825336041	1
117698165607464864806	0.00035059063712913305	1
103219603394791671086	0.0003504837865697263	1
105539218412370809944	0.00035021297987149213	1
115243459806091371553	0.00035013434742382906	1
110446538727989465968	0.00034956691586510277	1
105598331474460267998	0.0003494211413919842	1
106414070518123325797	0.0003492308973455419	1
102915801446798382700	0.00034922653373062665	1
108689389278940173046	0.0003487144710877355	1
110688474802292277786	0.0003486360719794035	1
108105194941776408439	0.00034845002077115925	1
115027126761228160442	0.00034838579009456767	1
103420968359115326770	0.0003479064347069875	1
102989621403171986157	0.00034719851998720174	1
111035851894814840076	0.0003466098703910734	1
104553134624556200907	0.00034652261341379923	1
111707038330878541542	0.0003463983682236352	1
106319513029687215679	0.00034579853866901605	1
113436306744042033632	0.00034559850754229315	1
102522934609785480475	0.0003450123135635776	1
115184538171300917268	0.0003450043239494575	1
113684228229434604484	0.00034485452764146146	1
105016455740077064293	0.0003448007508708731	1
110402676895484917704	0.00034478390249860784	1
106330246449513547886	0.0003445893783689838	1
113289267877003023795	0.0003445175066577073	1
104679138423679974698	0.0003441179638630536	1
101222579319909953067	0.0003436795336651431	1
115395645419924848353	0.0003436035864648027	1
101383747265071086862	0.00034318790295697135	1
111983095812878629768	0.0003429696706892257	1
108453844271283334799	0.0003425181100597595	1
100487948960127602987	0.00034214021677513436	1
117520225301299920042	0.00034199218527645385	1
116059703588219590243	0.00034196309964218023	1
111860497034317566483	0.00034168316535842104	1
106033560980578682330	0.0003411886359721187	2
110401928563211888526	0.0003408430272147681	1
115708767330504735644	0.00034075235320846144	1
114329906590222235252	0.00034062320000865777	1
104408971224491390678	0.0003405233576840948	1
106123465281190845478	0.0003398289655338535	2
101707266351443161955	0.000339800865498918	1
100377940347053808663	0.00033953758256840714	1
103190342755104432973	0.00033953740029243624	1
109779459953869614768	0.0003389924704497194	1
108520672118814798920	0.00033890630364552613	1
105000959278885513983	0.00033842979409010173	1
113523342129587107920	0.0003381413417860914	1
102443887057408593724	0.000338097143874382	1
106986122404916886393	0.00033802653775530806	1
116340600090106376267	0.0003379731444665512	1
107523860527964908344	0.00033775557797554277	1
100763770877733610336	0.00033761273488006494	1
108802007785063759788	0.0003374899470874353	1
105650167745347450637	0.0003371429591981537	1
103701222166655506995	0.000337095867363009	1
101600139368162447769	0.00033706197484453375	1
117265302061982152409	0.00033612589608177703	1
113554941842237111460	0.0003357495644083573	1
111398535166903701288	0.0003355970978009595	1
112601371820511846657	0.00033472468780137494	1
117362037987288216670	0.00033437280884434934	1
117109117655029143874	0.00033410098994575015	2
108343902805808619968	0.00033384593292418494	1
116137317231363696563	0.00033363514637879297	1
110027801358289770465	0.00033346890997549715	1
107549782706666136548	0.0003332838985493977	1
101681034316065549810	0.0003332282415978114	1
104861217131133021649	0.0003332106278232938	2
101952359289544868450	0.00033319589492034963	2
106582900896228047489	0.0003331318282283696	2
108855865811376080819	0.00033290034753377136	1
107991035368810507771	0.0003328872246637852	1
112628169228874162264	0.00033234519409921386	1
104482598692938707138	0.00033213390418824606	1
107865644140918338722	0.0003318993419055965	1
107026562482823964307	0.0003314122240778548	1
106335292785856130691	0.0003313605789716158	1
115029103168794726630	0.0003310767400149238	1
113929616350498302317	0.0003307939737488136	1
114688759411241407928	0.0003306333313773976	2
100814778216375933054	0.00033032300692833967	1
116388205548839459693	0.0003301156426859384	3
116240469593348514266	0.0003299901594275036	1
115102821056917207074	0.00032962278131984455	2
103149424132366342295	0.00032953842952121947	1
102965645472907300610	0.00032938459573550997	1
113764089012565237302	0.0003289556278459813	1
109958516286878484295	0.0003288379883082342	1
116623044706877807343	0.00032856751340137267	1
102490257231357450303	0.000328164484509407	1
107846023896290257492	0.00032777030527735034	1
107959790171356428064	0.0003276594379902712	1
101733511248571240829	0.0003273044118721005	1
116965537346862010338	0.00032709437145815666	1
102974470354076977489	0.0003268097301660816	1
102207070313603828427	0.0003264773671177735	1
113715935026755255296	0.00032586301928664733	1
100168203957604618031	0.0003256636033067061	1
103875235756094794972	0.00032554207647377903	1
117095498385290983660	0.00032535139708744917	1
110396708543149601914	0.00032529365206902984	1
102149364210050358793	0.00032526721949757557	1
114151508338995369996	0.00032524491398906713	1
104273533877175622849	0.00032524491398906713	1
109454355652530787954	0.0003246798466465858	1
106534161494207401604	0.00032457306971569387	2
110171339580648239267	0.00032433344166329627	1
107625557514813177939	0.0003241788298836197	1
116196023757975181048	0.00032403482297963687	1
118189579474565903298	0.00032371436530133455	1
109181903902951496188	0.00032313520473637857	1
105857903906473238896	0.0003231108781952593	1
115221898088173734174	0.00032292368109272814	1
113384490254116477731	0.0003228456311159539	2
106525839712250107474	0.0003228447911548844	1
113556266482860931616	0.0003225630823377415	2
113322155096671173921	0.00032246231431936527	1
113863532089714339729	0.0003223617401983173	3
103053466327430879895	0.0003223617401983173	1
100972316015469632630	0.0003223617401983173	1
102737439755908612874	0.0003223617401983173	1
108318705012627692652	0.0003223617401983173	1
104949873683911887021	0.00032196400480140607	1
107869048080571449117	0.0003217510823101038	1
101216510577508126500	0.0003217136850212268	2
114066634313661891222	0.00032168989592494404	1
100901012624135972448	0.00032168989592494404	1
112440306961270690573	0.00032168989592494404	1
107672710521797409607	0.00032168989592494404	1
113129315825084736893	0.00032168989592494404	1
114089905852233598154	0.00032168989592494404	1
105068531496447333786	0.0003216196016215445	1
114306538396628698802	0.00032086618855112	1
105268634963924623607	0.00032081942653224775	1
111019334245925579392	0.00032081942653224775	1
101477108641827632621	0.0003207141311431625	1
114377498341959850131	0.0003207141311431625	1
101487052574943452610	0.0003204779667875315	1
117609108850021717306	0.0003204779667875315	1
116200608786204359811	0.0003203081316321162	1
111698080133801028608	0.00032016925957226524	1
117239835968550626698	0.0003198537949336849	1
114998541427420944514	0.0003198460932459339	2
102107985010072510627	0.00031972046826606975	1
117743515957583183445	0.00031971622117151654	1
110636639253275529090	0.00031963740543024586	1
113514115429569600130	0.0003195277872109156	1
109009314991990113794	0.000319406155255411	1
110426576287213799804	0.0003191934947904837	1
115428875322623438925	0.0003191068302166255	1
116098871290246433189	0.00031873431098203774	1
117392900508968244495	0.00031873431098203774	1
105666510498414949262	0.0003185025288510722	1
104287968168547394179	0.0003184457701754201	1
101404124598531542423	0.0003184303904736295	1
117848149943147482655	0.0003177585462002562	1
116737306836663798171	0.0003176692422002172	1
111673138323328180600	0.00031662169249488576	1
117888860379667170672	0.00031648587466278505	1
113581596275616200424	0.00031630203496468324	1
108052690474414852355	0.00031562600467702917	1
111737859526639530840	0.0003155088614976981	2
103321598587319677720	0.00031535618281736236	2
113053158284871212892	0.00031523810263493237	1
112527318327313368964	0.00031515728484720815	1
103198857718269795435	0.00031498808396545686	1
113003110209055466285	0.00031349478303852886	1
111400033629648464807	0.0003133798600735634	1
102815391713140794570	0.0003133649197415951	1
108462037665756760359	0.0003125993625997953	1
115541776543203333211	0.00031242809314259326	1
107722697769823273613	0.00031240023792396287	1
113202287320302059445	0.0003117475329564072	1
117116621786089717494	0.00031140146630328293	1
117872022281058444848	0.00031095121819150074	1
113838352498860544569	0.0003102742594525971	1
115113565079265629938	0.0003098163250672734	1
109807016039593009778	0.00030969326229072814	1
103368812767070779872	0.0003095412102685758	1
108329595878992536364	0.0003092607974331912	1
101739469994127372590	0.00030882999038960815	1
104263215209933653538	0.0003086578110395534	1
108362732635472987444	0.00030846323478591736	1
109318802055851257299	0.00030819790218822947	1
107831413340697273273	0.000308086564192547	1
107612997855711957528	0.00030808597686703425	1
114742546997782116347	0.00030741280145627484	1
100507339292091858321	0.00030724984844233716	1
113130804065852101231	0.0003072443873117631	2
108008623488351650065	0.00030723096356631097	1
111514703680615678387	0.00030584685578081505	1
101873161835035638887	0.0003054894348523458	2
107934448973779945869	0.0003053677655882901	1
112330426094287690538	0.0003053069521176701	1
103046039519355433778	0.000305022052939532	1
118092786772611649383	0.00030487516940902557	1
114346317659753507000	0.00030481868543604353	1
105859572248327107497	0.0003045435756843979	1
108890321075580155839	0.0003028538212541886	1
109998136193110715201	0.0003025289981181594	1
107356917258074344209	0.0003018650741577169	1
107985431922124428194	0.00030119214295057785	1
101944909681458315798	0.0003007237511620127	1
104205304649933408369	0.0003007237511620127	1
114458197108946720091	0.0003007237511620127	2
113910357978240753730	0.0002994577982633488	1
117204007711056468256	0.0002991125258302331	1
109522180282993900056	0.00029694155475403503	1
109226073494902415568	0.00029691954865699064	1
109042059733882129664	0.00029587856113107993	1
106480147588100474006	0.0002956393203045275	1
112299972688047529628	0.00029551197291088395	1
110638858118947494578	0.00029514028532304844	1
101701576124647463619	0.00029435539649364585	1
109317282441167678380	0.0002939573439990458	1
108515337642482876128	0.00029380117701869094	1
112503330565468810220	0.0002934765467870465	1
100731625547184858145	0.00029333282643735626	1
110379941768695489366	0.00029323314248241405	2
102829356913057400397	0.0002930747471125755	1
114497068161438955067	0.00029242843662255307	1
102278810216935213271	0.0002919488792496347	1
108222776324091828698	0.0002919163784386884	1
102321124479843527561	0.0002918241663841739	1
115925885941625757982	0.00029121909735953163	1
117254459099986987052	0.0002911281450946612	1
112149693829834144749	0.0002908521776310147	1
117527718645259277548	0.00029047110786044284	1
110074283080417411955	0.0002899933386212881	1
100213571627650662726	0.0002898817465412248	1
116803832571577151851	0.00028985067517642835	1
113208141773268590339	0.0002891720072309168	1
114267797061807497893	0.0002885767868899337	1
107469316929398268743	0.000288362646442295	1
111193388731102401849	0.00028769675279803413	1
112818281977389030863	0.0002876152160048172	1
104207830142330306167	0.0002875878385843953	2
109127587892186632525	0.00028751691732797837	1
106528121033852984589	0.00028725866686578864	1
114645086303061668621	0.00028717241291498913	2
107426011058867778586	0.00028683061742904205	1
111539653677669889601	0.0002866538324780113	2
106476414041949251325	0.00028646276197257393	1
109866211275292722274	0.0002861684774715547	2
116092650580949837948	0.00028567156926572514	1
113074415733820213505	0.0002856526507358252	1
112104039596696760494	0.00028564496801141684	1
111479780226003223433	0.00028561431656793377	1
109213115435922279192	0.0002854078070559707	1
108396103565552463387	0.00028483624033760486	1
113675700926418340762	0.0002843876221533202	1
110133069544294033303	0.0002842858747442491	2
110456120138558577972	0.0002842788291118823	1
103215918940588754895	0.0002841045179888796	1
117690226771208095852	0.00028409736779823645	1
105296535696151006860	0.00028398957656209435	2
114282227372710359403	0.00028397736230072185	1
110398550736963851900	0.00028321420999539987	1
100963512608776326859	0.0002831492111702483	1
104383154690315010037	0.00028313321143417353	1
114624283681206743155	0.00028281553372069016	2
112874675082222931232	0.0002826609425236805	2
101400666468286383203	0.00028237046865854925	1
117766241773876813219	0.0002821882213330957	1
118256792085468720576	0.00028156120586134793	2
117729920285001129679	0.0002815484572053524	1
105731969112988447003	0.0002813644688097966	1
113624782798510939776	0.0002813644688097966	1
116603832512331437569	0.0002813644688097966	1
111975525134255603891	0.00028107852252455095	1
105394885536871426964	0.00028076509904261736	1
107995619131918290344	0.0002806397882955557	1
109840066697238605235	0.00028060746803983263	1
108271072818821907893	0.00028052045233064633	2
106506213231880630390	0.0002799295202195691	2
100409517863217908626	0.0002799295202195691	1
107928962712073747513	0.0002797288300521908	1
117942904969114208823	0.0002795429468730297	1
100792109468542240863	0.0002793780013674453	2
100800802946536555539	0.0002793780013674453	1
100241261662852079434	0.00027922614344869426	1
112516469338744205372	0.000279170712992462	2
113691654116060042197	0.0002786377407789397	1
111814943123095142956	0.0002786377407789397	1
106844831006865531623	0.0002786377407789397	1
103038240279620690934	0.0002786377407789397	1
111809431196252245240	0.0002786377407789397	1
116129913336510059024	0.0002786377407789397	1
104359626267906791594	0.0002786377407789397	1
114111602369518390585	0.0002786377407789397	1
106732823970096437921	0.0002786377407789397	1
104229810472575939703	0.0002786377407789397	1
112314235956765275556	0.0002786377407789397	1
114782365646751377659	0.0002786377407789397	1
105280998932688864100	0.0002786377407789397	1
106004079080186115541	0.0002786377407789397	1
104456977179975993524	0.0002786377407789397	1
101337374796753795919	0.0002786377407789397	1
113257469967266097039	0.0002786377407789397	1
102739949588876885739	0.0002786377407789397	1
103942239590262982444	0.0002786377407789397	1
115935066330314284748	0.0002786377407789397	1
108917781740394847203	0.0002786377407789397	1
100426785941694973537	0.0002786377407789397	1
111700567914454965636	0.0002786377407789397	1
108547697316499989806	0.0002786377407789397	1
110755987791134555157	0.0002786377407789397	1
118109298130827184978	0.0002786377407789397	1
105596952066542384550	0.0002786377407789397	1
104589204246828218410	0.0002786377407789397	1
103831554992751113099	0.0002786377407789397	1
113705983467044220186	0.0002786377407789397	1
115520703796077717338	0.0002786377407789397	1
117356631289183186860	0.0002786377407789397	1
105406041373181196223	0.0002786377407789397	2
116196845534543846033	0.0002786377407789397	1
109969135417893216190	0.0002786377407789397	1
106564572939763266067	0.0002786377407789397	1
101394980214243787307	0.0002786377407789397	1
111798148380292789579	0.0002786377407789397	1
103898216576940080614	0.0002786377407789397	1
102352616853673031017	0.0002786377407789397	2
115203538913227627197	0.0002786377407789397	1
