#node_label	#score	#gender
101849747879612982297	0.008909202889560012	3
112063946124358686266	0.007079081570734343	1
113612142759476883204	0.006480076858303507	2
113117251731252114390	0.004933226045469207	1
112844561713780016118	0.004271565098457207	1
107033731246200681024	0.0040524114345191625	1
108551811075711499995	0.0039696100844638215	1
118320665823821681206	0.0038765122860401984	1
108082478497335384404	0.0037988550678086145	1
107632017202083922980	0.0037315836620938152	1
112374836634096795698	0.00370126396858611	1
102034052532213921839	0.003267607069704779	1
117421021456205115327	0.0031086060416694403	3
102150693225130002912	0.00300359407622347	1
111688503397322908979	0.0029945533949435606	2
115023338901292822064	0.002980249386278377	1
102221942940843100503	0.0028975734921516303	2
116214152295449083654	0.0028720541781170348	1
103399926392582289066	0.0028611470751149	1
108189587050871927619	0.0026845433236851292	1
113544226688149802325	0.0026676040722488467	1
109779057532625231365	0.002506173681419799	1
107296660002634487593	0.002496567577363355	1
116805285176805120365	0.002470611237795472	1
108527329601014444443	0.0023684494321805287	2
100317839179511153733	0.0023466474988002254	1
108772200278976934119	0.0023199716294490273	2
102615863344410467759	0.0022776511323041536	2
112528443699803395789	0.0022100150007122966	1
105273428597140573510	0.0021853126719684913	1
100551933170732618574	0.002181441651305504	1
107342445128902420647	0.0021069363678761434	1
102518365620075109973	0.002070977441369147	1
104672614700283598130	0.002030411430790094	2
108384201920217141722	0.00198609817495385	1
115471815788264818704	0.0019721370094336627	1
113186623583029971455	0.001953342271418199	2
102533732658641069172	0.001942504774798669	2
107742059751171695340	0.001918217023152776	2
115121555137256496805	0.0018985985047258193	1
117388252776312694644	0.0018656371202833	1
111873853137122484021	0.001852701565326131	1
114618043230336563405	0.0018105716666557941	2
107771181372242547518	0.0017548458287943462	1
101544238620721926724	0.0017402957475269034	2
103489752051792470884	0.0017286456667420047	1
109602109099036550366	0.0016811427340902756	1
106176762220398854458	0.0016797121456396367	1
103765013042311928518	0.0016773795452056839	2
105489064367742025310	0.001632500094788849	2
100521671383026672718	0.0016084631286479977	2
111048918866742956374	0.0016024045594270461	1
116931379084245069738	0.001594929572608395	1
114932796787973667313	0.0015794948579683742	2
105046530334806680420	0.0015788918608460917	1
105547060999578080024	0.0015701077790327143	2
108998673146368660257	0.001569933434180104	2
112754494243408214081	0.0015597220223516144	2
111058843129764709244	0.0015529359433819354	1
112353210404102902472	0.00154920070979829	1
114637279549407174662	0.0015434554457580709	1
103767034696306710437	0.0015333907589784332	2
105421360534824524100	0.0015080609173795205	1
101241183982769454084	0.0015024719021023713	1
108981679893410895534	0.0014839821570383073	1
106152073048911908556	0.001480927154215817	1
105164570509765092084	0.0014791253335055428	1
117486341715138634078	0.0014519366826344212	1
114369704013100203178	0.0014503205075908359	1
109596373340495798827	0.00144438620123234	1
100081010984768669358	0.0014396885234665554	2
118301801570268856235	0.0014390993961357677	1
110925473544483053569	0.0014329620495878528	1
118042097521181377409	0.0013915715238789856	2
102604554618567108175	0.0013723327442445733	1
103984595971776502972	0.0013668131783955131	1
107707592416977920764	0.0013641500726059449	1
104115183448962937247	0.0013562552188154877	2
108541235642523883716	0.0013479015555357401	1
101268387452694553936	0.0013450108398817234	1
114122960748905067938	0.0013382920501400688	1
112254467169147545881	0.0013246336084770615	2
114228869493885222559	0.0013134106969298538	2
104753156470151028358	0.0013121314285684193	1
114848435876861502546	0.0013087063278894387	1
115971553634517134434	0.0012998656552999572	2
100276659491293753586	0.0012963572147912399	1
116229616134152031538	0.0012890787093785493	2
113881433443048137993	0.0012853198276364481	2
114006544968779005866	0.001262228840916518	3
107219183520752939264	0.00124594250469844	1
103636214904400746295	0.0012354923918978101	2
111257156574198767770	0.0012322602709185185	2
101344339926158695884	0.0011966100908110012	1
114092052797730247075	0.0011878613288129815	1
105390077271236874234	0.0011722973247101302	1
114424163811716070551	0.001170345604368103	1
107902791674095682080	0.00115651603390756	1
104414006889440330710	0.0011560975880041426	1
116076186919541013139	0.00115286479360535	1
102788829471779007841	0.0011414156076993782	1
101465854435804471513	0.0011346373912119855	1
111562638514922412630	0.0011261446505364055	1
114251441237535155545	0.001123343040008284	1
100227436861049512391	0.0011228061167957515	2
114037378284666972036	0.0011223635920861734	1
102222722824849858928	0.0011173572472674637	2
102148715888439595783	0.0011108967355752308	2
112552063323035600956	0.00110571565882756	1
102645204215549659944	0.0010981840793266766	3
116416314233992548280	0.0010853710638901767	1
116427929385107378495	0.001083619343983178	1
112322792296174873610	0.0010633907907791871	1
100545200846207529612	0.0010570911580845051	2
111983961140937248134	0.0010423738870514608	2
113111731715139693250	0.0010314554653344506	1
115314173532868666445	0.0010311542338723046	1
115532858549528174900	0.0010130901356644442	1
112366735963271550830	0.0010110534928431973	2
107328949221172543768	0.0010047598693433768	1
100544147995321483893	0.000998899692385356	1
100679131071077043250	0.0009980200403072231	1
107148487955439180907	0.0009959151720901882	2
107590093667978669374	0.000995652086126081	1
117603418437094018321	0.0009855151645309366	1
118239708588385194858	0.00098122509596025	2
104857406109954440836	0.000968992158116301	1
100605864222557374608	0.0009662244091988249	1
100496182816634143799	0.0009617859420817566	1
100188557028585168265	0.000957454251872287	2
107180534974005900062	0.000955367893827119	1
104364052204053343998	0.0009550580676771551	1
109624958288421299798	0.0009542601662421616	1
109723709937833717563	0.0009443472054758457	2
110900759695819888399	0.0009437574830840047	1
118208834515255752193	0.0009435225350695563	2
109765070745957017568	0.0009432499331134466	1
102698176771570309722	0.000940230112668411	1
101381148878187968086	0.0009357929607640683	2
114675744806448439272	0.0009309618380982274	2
108215644829092784557	0.0009299770076397861	1
118107045405823607895	0.0009266268852979878	1
114831291174925522786	0.0009236396336479992	1
104441415299714065572	0.0009209205052949302	1
107066609145001672622	0.000914415992559514	2
106677033160092990257	0.0009143718779054109	1
117596712775912423303	0.0009132445390161426	1
103958441795544241153	0.0009085392718324017	1
113367609333589754250	0.0009074218723539276	1
115941911408278491291	0.0009043542163052047	1
105779560824580764120	0.000902572194291829	1
104487223275138277820	0.0009023313037754318	1
103038287804535196503	0.0009007524181787056	2
107468650619111216833	0.0008939227655997658	1
114835618008913240560	0.0008894808226796452	1
106002545837976723927	0.000888944384129959	2
101269616518480136760	0.0008883440560272315	1
103697821787469756035	0.0008863006405656816	1
116288848506537001171	0.0008781708379361933	3
112960355294745822387	0.0008667095921279749	1
117611181638655435522	0.0008653068256040953	2
100715328241636136414	0.0008652620761562807	1
108365807612905030742	0.0008637784626028957	2
113524745665911089922	0.0008609636836450637	2
113096993341203159664	0.0008602814427714784	2
112741383538017322511	0.0008592959793510915	1
110255737428907780217	0.0008587302578230799	1
110973279193285651016	0.0008586187631445163	1
113778016577597065634	0.0008585630251060059	2
102518571087840972824	0.000856589717872015	2
115505611402423023943	0.0008550899445181291	1
103139665625941938476	0.0008529868159256138	1
108855200241623204226	0.0008512349761890024	2
117344786984788205452	0.0008499679402711331	1
109253130253883441284	0.0008482462839128209	1
107588913389869807388	0.000846872148515394	1
103522381395520916508	0.0008451032348238916	1
107126665887970596868	0.0008418777022156263	2
106991151617762959435	0.0008416225437844389	2
104948978506070099898	0.0008390511532557337	1
100013726312732828307	0.0008380174106370031	1
105924818388092405620	0.0008365179085552396	2
102218502614021519543	0.0008334308493054326	1
117556046840215585814	0.0008322953614258297	1
101036414115172779753	0.0008314310150081974	1
104413947271083275229	0.0008306229950257665	1
113539880459449261884	0.0008299155498199824	1
111491466248379228198	0.0008294587345621369	1
107538503004482952974	0.000829016072786178	1
104028329852681318179	0.0008287320522461018	2
106473332550730818968	0.0008268619724515811	2
117328732331103841331	0.0008250465678119841	2
103528534457978794055	0.0008248978206236846	2
114146479114949843175	0.0008209860237419231	1
101811340813117737931	0.0008198813622414208	2
105131465804315148148	0.0008116998198978364	1
113756014567052941747	0.000809407257760114	1
109794669788083578017	0.0008059280943557654	1
103226907226789753873	0.0008045775805104812	1
103911607910068922429	0.0008034906733531592	1
102990590043088792590	0.0008026707250491512	1
117843617175570491498	0.000802517285886762	1
115687178185726009185	0.000801501080364381	1
107478042154956538631	0.000800582445021751	1
100889510556913995048	0.000799979108233578	1
104873353332707777690	0.000799961792465796	1
109080723668547114837	0.0007947530826951478	1
102426112696730995918	0.0007936295294646639	1
103900810161918675722	0.0007921809613471707	1
116469556577026921142	0.0007913360231247273	1
105535247347788377245	0.000789060050459453	1
108767818548653547719	0.0007883016716490714	1
111299594167177765377	0.0007878536154984424	1
111092625654641205891	0.0007841575565368727	1
111587275602535962045	0.0007830883959099884	1
106992071744711893668	0.0007790470221255967	1
103049373110021341267	0.0007779492669853305	1
111554675602464825364	0.0007776335297721323	1
110404902994335579225	0.0007753896543445829	1
117958363368979774542	0.0007747659946525849	2
105611889600461566935	0.0007744272624326032	2
104909957153613601241	0.0007742994623043149	1
107189810823071706764	0.0007738037096297032	1
107034798934468013182	0.0007735259543228332	1
104007434457787072396	0.000773434642407568	2
103991716516369698018	0.0007725603609465346	1
116113014152499702246	0.000771179661121808	1
100186938589206311054	0.0007705388734561103	1
111413155182039517335	0.0007705323140497629	1
115470071077898720170	0.0007700299043414362	1
106407425466046895546	0.0007694443083061807	1
117297867503542100495	0.0007653802264623592	1
100180255535882016515	0.0007653096963109771	1
107159384276538584672	0.0007649764047850995	2
109624541469636130247	0.0007649259048173656	1
117950453145750849911	0.0007640509411091614	1
117753663884433442337	0.0007605045330712995	1
101348397943983026449	0.000760235861293481	1
108142535124574804277	0.0007601942912602183	1
116426856572060857037	0.000759101337265707	2
106738570823745562395	0.0007582130417621591	1
117333898007490665484	0.0007569583089360582	1
110335957258500659825	0.0007541048832753642	2
102485256966075350197	0.0007519138582656025	1
100259110586396288358	0.0007517183299517252	2
113722211762693166526	0.0007504922728987245	1
101453162215777563254	0.0007492824985457159	2
112974221880210124316	0.0007490801070848336	1
104133332337726318650	0.0007483121496954335	2
111051039748078110427	0.0007441436736571502	1
105151155717631151471	0.0007434641623891594	1
101536109537442359228	0.0007407307081278659	2
118114557675104381720	0.0007402355016701774	2
113284787225540728296	0.0007400927425093486	1
114541171450707334622	0.0007382522061240251	2
117600726279884936059	0.000737559775432478	2
108437871879281403721	0.0007374114305779608	2
118037704650497803921	0.0007372161323281432	1
108106777511843418164	0.0007370135295288161	2
110555297068667896528	0.0007361853978326973	1
116483744752939586910	0.0007359017367356824	2
103993273325440068842	0.0007358219162104543	2
112414992948457167291	0.000734572252780102	1
117484352468587338564	0.0007344028265904039	1
113107253403679023320	0.0007337970757349256	2
106539835304510344813	0.0007322154253562766	2
103068825327398983563	0.0007320883355526005	1
103147347309732225253	0.0007319480472848328	1
109330888148498296880	0.0007313622214694227	1
116315897040732668413	0.0007311856325967753	1
115891230387484725858	0.000731114007817317	2
111624531888169171475	0.0007278180588175252	1
103324921589846414494	0.0007274969992530409	2
114685023358456466132	0.000726081215290574	2
116415680507412220854	0.0007251069043932322	1
104547479578794185941	0.0007219590326839589	2
106419400577988151299	0.0007216010442091655	1
101160779705572880332	0.0007203696781781859	1
100584443531788315896	0.0007202638381418981	1
103685740157136493702	0.0007196474943866737	1
110292076036271913623	0.0007191043218160166	1
100661648032094165691	0.0007139062884107361	1
101432770709896418691	0.0007124183749541423	2
110195764203732426662	0.0007103105290761667	1
106498407730292221001	0.0007042160739868877	1
111087985741075040202	0.0007035256282964748	1
104601966579636115281	0.0007013706854278906	1
116581478643467215892	0.0007011431587342898	2
100811509175342327997	0.0007009178791583036	1
110374722426802601407	0.0006983572333641005	1
110255709702147736441	0.0006972985229178612	1
116795161954909872149	0.000696611948607283	1
111696858863337011625	0.0006962379529933122	1
102321373525880560392	0.0006953719330178764	1
109074100355066593797	0.000688052787516791	1
115459243651688775505	0.0006850528252798077	1
113438256900303213931	0.0006844443075715664	1
103857459148999991693	0.0006842308451621176	1
105553989670577958354	0.0006834631116401737	1
104345801144381868824	0.0006821098902240627	2
104663717862364151484	0.0006797315459121893	1
117942031999241633112	0.0006791669978949472	1
111518107987791238275	0.0006789531891710094	2
102180104406220147084	0.0006784456711715963	1
113417057124767990937	0.0006768077832043362	1
100071640255400554059	0.0006767859407097717	1
111777968611195853979	0.0006759205891342642	1
104283104920976967309	0.0006758805668935335	2
109410878385939067590	0.00067525472451022	2
101170858167877590028	0.0006746602538779034	1
112915508949553064969	0.000673119366265436	1
109299031650536547441	0.0006714937599865663	2
111022243600121278114	0.0006708949758708806	2
114905688294887439850	0.0006708294741982409	1
104359568476968412848	0.0006699259871191378	1
109143384193766932670	0.0006698135698960238	1
113607881597695397209	0.0006693172103239427	2
103103834116993607848	0.0006685546619032864	1
101901232143740160078	0.0006672985642865193	2
103875657007779608001	0.0006671562994670642	1
101915227705460638776	0.0006660218241505699	1
107396241442191327319	0.0006655465158581943	2
109345865429707844168	0.0006649267801051654	1
101653798591830993272	0.0006646042428239068	1
111060030077135962736	0.000664204612448218	1
116118401489516405562	0.0006638538688120813	1
109711721158856077787	0.0006630626177199749	2
105568760052131786383	0.000661296924571335	2
115743003961327538050	0.0006609584277637337	1
114124708527697564422	0.0006592187175593507	1
108346637271615594833	0.0006591686531728531	1
113946715443571015123	0.000656884973955095	1
105231704254423883185	0.0006566933911291294	1
113895757504658643526	0.0006543714586247994	1
115659381740440493762	0.0006528653951202408	1
109233967092403118726	0.0006516920667984489	1
106506904710823801874	0.0006515745549179466	1
110788689115113965536	0.0006513065869423429	1
112999253285147253060	0.0006505339024241948	2
112293211110756762362	0.0006501651687362834	1
115230695084310626614	0.0006490115273840199	1
101813354733932909678	0.0006472324297519269	1
113381483153888636532	0.0006465764199062604	2
105472596684664595999	0.0006462847905888746	1
115870126696259475982	0.0006461455728233798	1
114610751804622117115	0.0006458418928951542	2
100264010813126229552	0.0006447342064849018	1
107507539268974734333	0.0006440471704141555	1
111606657843793183578	0.0006437018337132491	1
112770918706467783925	0.00064013276569393	2
105536307565744613528	0.0006401009700615003	1
101062235821996561929	0.000638024708532402	1
114330674492518947055	0.0006366698533708782	2
109626763051544142642	0.000635970675591366	1
115315860453938426799	0.0006358156318932421	2
108719090649071657338	0.000635540690311894	1
117287523098373414196	0.0006325498991788767	2
112165207217703042652	0.0006295521421822096	1
101911244022495787835	0.0006276553958712615	1
106275325331586032939	0.000626802811144462	1
108591074969686655440	0.0006264834398249399	2
105888615414982242080	0.0006249666647805362	1
104753138879126909236	0.0006247081759077768	2
115074742580527848126	0.0006228916350910662	2
115589129717097285211	0.0006220044334259934	1
104119608064940163872	0.0006211909819082439	1
110260890556821654420	0.0006206242129229187	2
110215430573558736964	0.0006200143051867052	2
111771137426879353123	0.0006176794365870056	2
117187191018890588214	0.0006175258614567979	1
107671625306995512637	0.0006175118489572394	2
116969930454143715987	0.0006170559773991009	2
113801321038842101898	0.0006159742968656309	2
117327973844438638644	0.0006153313888575988	2
108273660324649677046	0.000615232377186333	1
102549623343643093965	0.000614979306014792	1
101319199068187021366	0.0006148139062201904	1
104279107049574225556	0.0006133313419142317	2
103140028521053633480	0.0006117506221905473	1
113592036791543362211	0.0006115420956386111	1
115076337182080225257	0.0006112301569476231	2
115957092291818573863	0.0006101640368740243	1
101423581602122657410	0.0006092271638254795	2
107073852799630124249	0.0006067738229392812	1
111683164628531163271	0.0006053527794554546	1
109043804130056015419	0.0006041741402898399	1
101869954449217888195	0.0006024956134798376	2
113201752009926106074	0.0006001339984524312	1
111964805797913902399	0.0005998993203495135	1
117030595458474812773	0.0005994438181534276	1
115366624923467413091	0.0005994174189889594	1
105440794443460562007	0.0005986742015845493	2
100148131753059528231	0.0005977908473564219	1
104750041678566059477	0.0005974120126282515	1
104651858239149478872	0.0005969294395226525	2
114821822690045428621	0.000596870092673294	1
110765037159669773691	0.0005944732182604292	1
114283344058175789562	0.0005900708177146829	2
100969972953036434548	0.0005900203799104287	1
117952625717994307054	0.0005893487574567293	2
112137554369262651455	0.0005880622141072907	1
114108578576957148102	0.0005878718812658085	1
118215695902537271064	0.0005878376845248211	1
115445642427433788455	0.0005875366562795329	1
117303659386196918905	0.0005869495581903052	1
104683587911483636596	0.0005863471421378373	2
107874114351340563166	0.0005857005477098196	2
114954712448394413847	0.0005856747790079195	2
110042512432413772727	0.0005854373925759024	2
105292315290754691973	0.0005830311936939194	2
117073040170994945399	0.000581788186481284	1
106343379607573256044	0.0005813507048728768	1
116555835417750405659	0.0005801248185362818	1
101952976429462756517	0.000579372395595876	1
103132137648863008501	0.0005792063429946291	2
113317110399966884817	0.0005789909191400688	2
110479310742964256734	0.0005765361405927875	1
110492063004265612431	0.000576360275621127	2
111050672546250921180	0.0005762091154798085	1
104083130541705011920	0.0005752236101763876	2
111184157083393352278	0.0005751180437858627	1
105786614346700227776	0.0005734009013540723	1
110911916608524574152	0.0005718100444222872	2
117298410055998935548	0.0005703983513683552	2
106327011702418086602	0.0005701666842994214	2
108904607472189043979	0.0005695166161268777	2
107179421315824659117	0.0005683426540113789	1
113835591871491270522	0.0005676974394461095	1
105685080644423449925	0.0005675493879379	1
101825217033322650601	0.0005671334486966005	1
108821299053288074400	0.0005671046524260274	1
116937581022538783895	0.0005642349283042255	1
110528202096810721992	0.0005640879297187623	2
110834396747922253787	0.0005609952021878996	2
106220600090297128338	0.0005599657578948568	1
100093902492789669774	0.0005592778824131216	1
113842444453130095060	0.0005589067892304824	1
105492119742825421749	0.0005587526012263604	1
111352549809884687077	0.0005587051048336706	2
115746329005161350508	0.0005582370183750687	1
101333593083741950617	0.0005581183380342473	2
112547381334151121538	0.0005578602871174457	2
105755907055366112916	0.0005578143114899712	2
110106763481038704899	0.0005574387639206324	1
104041730971411982745	0.0005573832707796559	1
105840111265403535654	0.0005573252785615607	2
100635199823372514242	0.000555267470695714	1
104058124842486191904	0.0005535450624929322	2
105073221672682346129	0.0005535023841796743	2
112360867913985105653	0.0005534026331933578	2
106687590803153376067	0.0005532136615353109	1
114328261138944701055	0.0005528839879111269	1
101448691399929440302	0.0005503621512581248	2
108487704755892354468	0.0005502633038116052	1
100060736817358360806	0.0005494676197696698	2
107863796156749531232	0.0005485969529486735	1
102295892244191044193	0.0005478252760779495	1
112609602594560475948	0.0005469100051100266	2
114180866831850234000	0.0005465652872225261	1
101691152556611912102	0.0005454691589399659	1
107307708524394964276	0.0005447190181614653	1
107847474107489231827	0.0005443176667311023	1
110320677301405648758	0.0005439161079566051	2
105431055560076303076	0.0005437201782427359	1
114492520059525754665	0.0005432077752581224	1
105818664045220812496	0.0005419720608605792	3
109255183145564237493	0.000540787945804199	2
109466960372762300135	0.0005401190613475836	1
104385895670279050872	0.0005394516753363479	1
109743282915484037978	0.0005388816314005375	1
103090889232468301451	0.0005388103953891018	1
115724883099396204735	0.0005385661439295152	1
110539629556793511406	0.0005368271465698802	1
112814469332626292759	0.0005367708651944608	2
102668364885894493476	0.0005363222216847216	1
114752870863000007466	0.0005357201250752649	1
109985107950951550288	0.0005351634354569115	2
104602860284118862026	0.0005347958506084683	1
108674734428845026172	0.0005346597616863923	1
113442485489276644417	0.0005346204043190083	1
102485180282201748928	0.0005334517151636718	1
105756919375191125112	0.0005332220428001443	2
115146484128708835538	0.000532675725022898	1
112325758177811548294	0.0005320121048783133	1
115891696950731235305	0.0005308540692220147	2
106632164238171300064	0.0005303484807058514	1
111760848883991243199	0.0005300935398438735	2
103364943684742367171	0.0005287120736872582	2
114125059648511830046	0.0005284787843028966	1
101005240119432390037	0.0005265025801601969	1
105360886504399318117	0.000526495394283765	1
114528432518230914438	0.000526475499054908	2
108871877301789098084	0.0005264029642360186	1
111920649327427068114	0.0005259547606338567	1
115701858978533297883	0.0005252763878125693	1
102738997858817302487	0.0005251314405584365	2
102737705736968820678	0.0005247703815793349	1
108557531309397355660	0.0005244568447291476	2
101861996949895074943	0.0005241944747161919	1
100429564727464307274	0.0005234575877257325	2
117105778530924169363	0.0005232723671453543	2
100295373702562394797	0.0005226724980252027	1
112042014201468594771	0.0005219189612538761	1
112786890450122407289	0.0005205466217951121	2
114821712131163652030	0.0005203623948617016	1
115137849030052712728	0.0005199926955325812	1
117399283230241619463	0.0005195515136397483	2
114718380011770565988	0.0005191728351800363	1
101940753538647020405	0.000518818779220177	1
115694135638787408724	0.0005173358780123289	1
112547787110181924087	0.0005172353241614224	1
104442667248845242268	0.0005154432813214042	1
108513113150724685390	0.0005149388194174404	1
103441445293352388059	0.0005145903889568936	1
108231209777510945309	0.0005141918002191394	2
101975133966831452277	0.0005138790007723205	1
107817577197168016509	0.0005135901233942125	1
108177488619958097971	0.0005133650009937629	2
102075502307857613322	0.0005132808438201434	1
100140666577536355564	0.0005130215097795045	1
105713223960534386075	0.0005128917169179534	1
104250130116253463837	0.0005120198795992335	1
100415345527134852246	0.0005120011150878852	1
109250592228334719871	0.0005119146239944616	1
110399185565600323230	0.0005112758683689277	1
113078788648919261909	0.0005107595286281462	2
103102159819474141302	0.0005105503112517215	1
103927762651271833951	0.0005103238264044811	1
103258880630136693404	0.0005101662993072049	1
103249675628818392156	0.0005101034000571131	1
105514142573871707546	0.0005100426279277418	2
117365132592390718483	0.0005099552141038249	2
103267764850778840042	0.0005095347861926768	1
117036888556644526115	0.0005093533062161988	2
107889816939032412666	0.0005090230114227493	1
111986060903313779567	0.0005088234126128811	1
113511279752012786991	0.0005084215449048849	1
115493843986611547716	0.0005083723181871499	2
110807482166400328009	0.0005061993393300351	1
117198237302447279931	0.0005061415768887242	1
101825755540666946765	0.0005057231090439477	1
108855771322927272374	0.0005043044175431544	2
118415395431028697378	0.0005034278922578516	2
104120758022073626695	0.0005032539891169383	1
106089837993051709758	0.0005029687392397816	2
107228327000259967745	0.0005029471230041747	1
113941490892811952666	0.0005025232026153551	1
115467119827317080331	0.0005016856211064754	1
115648054840814963877	0.0005015715582237904	2
111056444123779199997	0.0005009161718897473	1
108730891819413525439	0.0005008407110041226	1
118376713757104359544	0.0005005884802356558	2
114189060316578419831	0.0005003948530460793	2
104814476220868629008	0.000499014316780341	2
106660584659892866650	0.000498903613933967	2
113953592758896789108	0.0004986365900115944	1
102835412008947310524	0.0004970556447934836	1
112247611440196124954	0.0004968999341264188	1
104087812869056701482	0.0004964643515733454	2
112005390393978914665	0.0004958738638793286	2
109321743890995716651	0.0004952910907032939	1
118078438045310432421	0.0004950743206859108	1
114579789889032395212	0.0004936539172507723	1
117408020200694760927	0.0004932437536888197	1
115709805649803380122	0.0004932279408454778	1
112682658471407165205	0.0004913227506062493	1
116103620303424989457	0.000491114774502853	1
118050849940309986243	0.0004910941287578052	1
110687757011038291457	0.0004909628385381434	1
116326924089461824021	0.0004899396472352885	1
109560261334146066652	0.0004897982119189023	1
109519872564472121189	0.0004893502275311799	2
112172895831966524738	0.0004888102518839685	2
104606380007647841092	0.0004886029759807871	2
100994959835228500824	0.0004885751322922246	1
103044560534407250999	0.000487976782153488	1
100751529912611655620	0.00048767731683828884	1
111924432457519468020	0.0004874025287629702	2
113195090316479167313	0.00048729848973355	2
103255130479497734964	0.00048582237683387575	1
101445247481137522686	0.00048566272008473564	2
114649689207571214338	0.00048542298443596233	1
107252994441340905036	0.00048447848978427997	1
108842492591796792953	0.00048407284202102864	1
100565437335936094929	0.00048371963785296757	1
114427619140485635394	0.0004835004847988573	2
115527615316927235156	0.0004834679475405534	2
114531070097717314226	0.00048310108099430056	2
112352920206354603958	0.00048307718686827253	1
110831145427311371794	0.00048238815192091166	2
114393576789415157783	0.00048237915052560577	2
100583643768601491449	0.00048095313365615656	1
116491285067171323298	0.0004807024409395355	1
107660875906928406568	0.00048060254638680223	2
103153247122233483421	0.0004794465836305505	1
103352505633175885924	0.00047913428537333324	1
114362893782996264270	0.0004791212419521674	2
111055028010401074243	0.0004789253563357869	1
101015964088772576261	0.0004786466244344013	1
106799163953157740237	0.00047764768375102725	1
103614891582957065589	0.0004774456740559524	1
104249478394329674539	0.00047722203018970265	1
107516591509355176463	0.00047670745638563907	1
114348243220523407047	0.00047667198942741697	1
105885949022711540914	0.0004766164381539333	1
107563140683873861979	0.0004760285165559987	1
103961050545011124941	0.0004755902374511666	1
103184227409155950777	0.00047408579457581623	1
111285156314431541418	0.0004731503030348448	2
117867772481375558351	0.0004719484655178538	2
105812804246298442915	0.00047156243051170183	1
108165610406198760190	0.00047135261926675774	3
116337470434095717442	0.0004700337528016897	2
109420348171622152415	0.00046988603269706086	2
110497909365801371707	0.00046875770841292976	1
112818800603813886449	0.0004686598400559927	1
113358276319317182211	0.00046846854852119005	1
106451612218720183245	0.00046817001777478215	1
107370568576953703553	0.00046759904244216954	1
102915270775998208524	0.0004670162183652469	2
109590423597896078382	0.000466451484917905	1
106274368374008083713	0.0004659942908314727	1
102637183526072842850	0.0004655890196947533	1
107973528337861416233	0.0004650383672826935	1
111554372054862834896	0.00046498811724510864	2
102503573464210184147	0.00046435082521768356	2
104220541664395498712	0.0004633156556930969	1
112104019710863190872	0.0004631407638795394	2
106649978359921982022	0.00046289374622377616	1
108708746323271173453	0.00046250754414670027	1
111241100413429718765	0.0004611134865987054	2
117223008787555494824	0.0004609237305038432	2
105289953309342914507	0.00046091439897358614	1
113885344285909043613	0.0004598562556352323	2
100266471059676971176	0.0004595414986567741	1
115513110200860773170	0.00045895226578898587	2
102661798289968298068	0.0004588360541460545	2
105139939102105571207	0.0004579094278089513	1
106793409736995197316	0.0004578888549774838	1
102097892256472472261	0.0004577762946204113	1
110706249967061240650	0.00045772110508927985	1
111427232323640771136	0.00045743657013952216	1
104214901993894018115	0.0004568886961652974	1
117189268819713435859	0.0004549756576083879	1
111036447472883317694	0.0004543046818552438	1
102294154344875880082	0.0004541694353084697	1
100556897150850716981	0.0004536836964364175	1
105607476388378833699	0.000453354765058055	2
117876455225579101939	0.00045324512894375527	2
104202263011113038990	0.00045323292221930903	2
101123396346539265589	0.000453094800123668	1
103791857800149318323	0.00045270402499795017	2
100977678341657858013	0.0004523787068717609	1
106890225437412284292	0.0004517552990018417	2
109046702500700099488	0.00045149491592431966	1
100401708106444405523	0.0004509425859286592	2
103271464175082072294	0.00045068619574494375	2
107120385844936556531	0.00044969054019039273	2
103547101416445539717	0.00044928805452150976	2
102699000494066195263	0.00044904974292449306	2
103072738433357468653	0.0004486151097550809	1
115600254781270647377	0.0004485602557900163	1
101499816432106570532	0.00044752519082042776	1
104400411479647274773	0.00044751532989444575	1
111972311379491101006	0.00044731374646180867	1
114077525644661833984	0.0004473054514424657	1
113146799877690470424	0.000446621680673366	1
100447532306249738876	0.0004465067944711917	1
104667277078128870418	0.0004463381605734338	1
105245457841191729686	0.0004460960574554428	1
116375325352702759007	0.0004445692270116077	1
103462873333877980961	0.00044359434937986527	2
114399570243387179751	0.00044341390495074783	1
107113551744529905366	0.0004434068964757686	2
112655230505571035208	0.00044336344366410535	1
106843338102240703726	0.00044290521018630565	1
102816074043142195103	0.00044249663901989436	1
109801998543492604722	0.00044227457202327243	2
104101152841050811746	0.00044157805865256	2
104534380308019152290	0.00044055160019703624	1
101512420337702535236	0.00043994880541860335	2
103637153024917466425	0.00043809802203304443	1
116229124946104902105	0.0004379770905705677	2
106121094251803029121	0.00043792546974608045	1
103493918134928092342	0.00043687877174342505	1
116409964638305566440	0.00043667143462158733	1
110596783676197533644	0.0004360927445896201	1
107928640229455398348	0.0004360204894418441	1
111234552344495202201	0.00043509000588865074	2
110914707330141967062	0.00043501455447043284	2
107475311944047979978	0.00043441883799177287	1
107134006808153049846	0.000433837928297112	1
111162703867739869407	0.0004335151495881781	1
102926741437771714510	0.0004331338317548317	1
103158890103017744496	0.00043262679319111736	1
113224301981519210459	0.00043256557792773344	2
113148226810585996487	0.00043244791532281264	1
109730230595248901367	0.0004322520628772759	2
113813274156978819148	0.0004320208944358365	1
116411437512689977320	0.0004317001253898862	1
117214313689757671977	0.0004312113295251623	2
117227223410553236894	0.00043054220612402324	2
110459739605591286046	0.0004303319932017856	2
110213257974797510242	0.0004299016584889536	2
116673267032149965789	0.0004294733144475073	1
108272078672528229681	0.00042836205925779057	1
109371009787047031940	0.0004283594564378951	2
103540075949276725160	0.0004280713139540285	1
103170649990710136632	0.0004277711929137277	1
101653113390846615049	0.0004276877729796495	1
105813701068511899418	0.00042759193662227286	1
104979585499014359056	0.0004275579323959114	2
116258753317291654387	0.00042731452814215385	1
106287891128908587621	0.00042652181078276587	1
116477723365542234239	0.0004262642798477421	1
109419904780548143489	0.0004257956517407669	2
115076929696311514715	0.00042577618687677414	1
115990260207311840638	0.00042542045597457036	2
114230422317297262372	0.0004254083753860356	1
117358845486245155054	0.0004251957733083689	1
116942282137531770719	0.000424999412077811	1
104734046196051113612	0.0004248644705060942	1
118031582330944929058	0.0004238913598391972	1
110308609618542819697	0.0004237513543484114	2
103183570053193175186	0.000423136235936146	1
105436543523132908556	0.000422773618384329	1
108403181342872321914	0.00042268055733127297	1
104793006412017412781	0.00042253401553656977	2
109083209902337691886	0.0004222937310106829	1
105282465056533626637	0.00042201997047228146	2
105346954017303214847	0.00042168335014528094	2
106238092400087274094	0.00042165907486152655	1
109494454858819438409	0.0004216243753608614	1
104302681036039358240	0.00042144337334170393	1
109799852943001494117	0.0004213051190603322	2
116877614893060255229	0.0004212837650799375	2
107169475135045361140	0.000421242426001788	1
104591761732283774043	0.00042061497885471824	1
112216705550566244316	0.0004205171036883523	1
108505558087127895508	0.00042031753710555477	2
104836858653936934045	0.0004202843123250459	2
102092047367002713246	0.0004199961756801544	1
116577043335619579498	0.00041961470412197883	1
116187175725652260700	0.00041838911735155585	1
102155592687386681331	0.0004182829965980766	1
116117407518330452909	0.0004180908515899171	1
115182741546942495442	0.0004173033459188394	2
110279511361603882003	0.00041716708507887144	1
110851036080983603012	0.00041704217933488446	2
100502770020470411205	0.000416446529480251	1
100197756586698521738	0.00041601844643826037	1
108133989305617114507	0.0004158231166714401	1
110955794934773798071	0.00041580351825056124	1
114870708428770188638	0.0004156448188686558	1
115434806160641041267	0.00041483189074395163	2
111662182151481614771	0.0004142962974791035	2
104267197610854819052	0.0004142806753550751	1
110677843573216268994	0.00041427481593308093	2
103821787201277424527	0.00041408115331467265	2
109601009311059762503	0.0004140801619981542	1
107348677878446476231	0.00041353448770407647	3
110215708496522939991	0.00041335306181689555	1
110360784207374607325	0.00041333453486697266	2
105000875740568674706	0.00041302252867132403	2
111242022821986815316	0.00041243739329403784	1
105989807116077671770	0.0004122430227230364	2
102078098288357515431	0.00041168288244803155	3
114838255487560800704	0.00041153460777173655	1
102887305136484095999	0.00041140543855970764	1
108204520910031019882	0.000411218713314419	1
105742711042244390029	0.0004108409381832609	1
104757968261584893988	0.0004102380807153687	2
110422080214945443369	0.00041019798574600896	1
111935566152570666802	0.00040944959480473204	1
108433868087720085139	0.0004092520084671125	1
115970504272079730559	0.00040900655782234144	1
100446039411972959876	0.0004088838781516717	1
101403398734300997354	0.0004088160726045471	2
116182046833529036082	0.0004077974130413854	1
102961581170694777301	0.0004076880837056379	1
107895589408692326451	0.00040687026144322854	2
103169847734430108086	0.00040671811625860347	2
115110315270201006571	0.0004062847169524599	1
111045659538457768080	0.00040625753852838046	2
117723764369906086947	0.0004062269868318937	2
111379026657101157995	0.0004055589883735407	1
114004560710426751369	0.0004054984450738235	2
117948914289725399427	0.0004049396430285969	2
103876938808548359026	0.00040469725951957074	1
101669500851185912803	0.0004046672510517837	1
104799160568450312846	0.000403837619749701	1
100685930795708219583	0.0004036217603570915	1
105001446861597336709	0.00040327797593191965	1
117437841282077965369	0.0004032113246986965	1
105709844095469041260	0.00040320996845680967	1
116563127088683051053	0.0004029571150029962	1
109147614746022635692	0.0004024706018447311	1
102260352671679304849	0.000402336795297103	1
112092488761167023855	0.00040223074598131985	2
104546878095894843869	0.0004019323668702765	2
104859346014137939134	0.00040191663418618213	1
102929132146240115061	0.0004014635277111084	1
107951196831144721116	0.0004014547938945707	1
102829146421352914877	0.0004008319178021583	1
106250234179615025320	0.00040075904674451564	3
102407528040831558639	0.00040063032238763494	1
106624908229691820592	0.00040058815386188374	1
110901670413205051194	0.0004003911543216585	1
103316479042578333532	0.0004002486124463524	2
114499032537341401608	0.00040013896978206636	1
113816490961622062438	0.00039975414869780905	2
104245892273717334914	0.0003995700928929542	2
105562329798775583649	0.00039911741791331425	1
103520302320671933587	0.0003989673606767608	1
112843152742675344622	0.0003987445004343101	1
101924860229360230412	0.0003979826873474335	2
103229534559239679893	0.00039725102900209217	1
100031852932201570050	0.0003970484447096039	1
106777383482946175314	0.00039638516511286063	1
117747519402946677522	0.00039602340794729315	1
111650093897289111063	0.0003956434834105917	1
104401988555974168779	0.00039549354127221907	1
102952346214218463718	0.0003948250019313287	1
116749208215142394173	0.0003947800086104503	1
112150186487261109035	0.00039460652803712285	1
110281034374785808008	0.00039455072055213523	1
115730807221904022645	0.0003941652319724532	2
103206605407547059039	0.00039391339888257716	1
117489719308961334987	0.0003938173354162001	1
105155765336297774634	0.0003935296189820501	1
106048688481221945110	0.00039344955535359897	1
101388192846948683219	0.0003933195703077439	1
114345903275605514915	0.00039309180146527157	1
115715986216905531432	0.0003923940415074737	1
103182730811333468960	0.00039127420388973414	2
115547183038886391869	0.0003907475684360982	1
105865266917646011349	0.00039047705707998296	1
109014398008509103105	0.00038981185327642895	1
114972188188532497558	0.00038975386011560174	3
114183903475778371767	0.000389138863735572	1
110972318601650054660	0.0003884349662486808	2
102738311227610607654	0.00038769508166295187	1
107925351942298524985	0.0003870185151945829	1
110160017787625765352	0.00038701506905644713	1
117769183950879842645	0.00038698540734078606	2
103652104484740643755	0.00038646850454614873	3
102255986016613110352	0.0003862790904492976	1
112237116051768932507	0.0003861958919080258	1
103975985646671572610	0.0003861842682814296	1
115222258986073905804	0.00038565673863439286	2
101941383608017821792	0.00038564199712520493	1
105421057423009814548	0.00038537891899834435	2
118241908293598797317	0.0003852873977309128	1
106482853927171444129	0.000385080640471726	1
110097491049770827203	0.00038507889783812764	1
107015588462254731742	0.0003848327433508776	2
113422603820442115811	0.00038480468687442776	1
110082365305792362807	0.00038467223323104805	2
113581984289692358560	0.0003845712234601693	1
103808257313847253900	0.00038455536295240356	2
103048400709642338108	0.00038451135360491	2
100543926403936709353	0.000384413064252238	1
109505213127312877306	0.000383976527441972	2
107360993311566660432	0.00038378534922030755	1
112395956093280877939	0.00038369911048275786	1
111106393112797915133	0.0003834368524027879	1
103635560854722598764	0.0003834042710072576	1
100860729679253738753	0.00038330211160001457	2
105493081640219878951	0.00038195421726130074	1
107205202166971363528	0.0003818915717395491	1
100207476365394910924	0.00038173291226281127	2
101660858886010338254	0.0003814930288024011	1
103310775682180126480	0.0003810903194802405	2
109790945278744699004	0.0003810836777389633	1
113329792100896065459	0.00037993518747414247	1
117285792439228987098	0.000379447030089541	1
117938562967932661864	0.00037922788397295874	1
112749216212330183140	0.0003787803677531502	1
111713762535801723101	0.00037832955302984653	1
111496743724945078388	0.0003778416424492874	1
117191276486016381231	0.00037765279960025517	1
110649194482998885131	0.00037761128992323085	2
108227766059398780608	0.00037745018874310067	2
109320210849447243467	0.0003773352665826069	1
100356297571660441312	0.0003770805160906329	1
104034810132675245855	0.00037673634285381263	1
114927689811601165023	0.0003764186620082426	1
104566036510148529746	0.00037640083375881594	1
114308159357538333105	0.0003762292758440721	2
114271265748247772016	0.0003761031100829201	2
107032124145388891917	0.00037608573943288207	1
116259043236475953037	0.00037586131511864847	1
115175122097563306340	0.00037580759226753864	2
110859403217752039593	0.0003753452579259765	1
103104857274117679241	0.0003752285536793273	2
105012906421646245980	0.0003750775922097211	1
103611995560779121343	0.00037501363765796126	1
115854627409048262045	0.0003747779966764165	2
101022289376513408625	0.0003742426636305817	2
112451681343577317102	0.00037305808385011175	1
109611870475725745476	0.0003730254791273662	1
105401589388383764856	0.0003724685148986148	1
105251016907897564702	0.00037206230312877495	2
115716975235711625176	0.0003720457746275352	1
114709382650617717472	0.00037150766258122625	1
114760769207275489039	0.0003714044412199553	1
105234078372997475460	0.0003713057232901909	1
107484244624460943125	0.00037072849936471014	1
107304785030330205681	0.00037066758404395906	1
117595994484713128623	0.0003705975565304823	2
101642560097969013686	0.00037054417943394036	1
100007424942599633021	0.00037037533728189343	2
109270663043539314605	0.0003703672997338388	2
109642407447455585167	0.0003700712588167428	1
111440779310782029162	0.0003698784289161161	1
112282212796964740130	0.00036956565553513407	1
100169752353386235486	0.00036940823251042215	1
112330796199551178519	0.0003688215519578439	1
115165205120331393982	0.0003687454059626261	2
113442679776672101730	0.00036817477900887583	1
100321691796574035876	0.00036814769039287566	1
102228097879574601296	0.00036811014565224964	2
103518596854349692245	0.00036795062841672244	1
101948357432176602599	0.0003673345213566066	1
106629137435682213230	0.00036722592529712185	2
116319627715742877481	0.0003670414242518586	1
100071314542033042636	0.00036684607884428146	2
105422295613267466762	0.0003668417587612902	2
105828956223326995394	0.00036647574876221077	1
106611527312201523154	0.00036569189561158264	1
103232742995020421781	0.00036556459086419153	1
102918064082723690004	0.00036495213906345843	2
114777683783632447465	0.0003646801978769308	1
103490014051577974992	0.0003642126614841265	1
114634215276087663630	0.00036331534396267574	1
100973338013746275174	0.00036309968599158166	1
106835948809045250521	0.0003630641120800577	1
118000733962204569952	0.0003624724495014612	1
113977564565884412904	0.00036182394762787027	1
105637155712287876601	0.00036170640164102995	1
102879926723765458903	0.00036155121788047494	2
115805651877872032979	0.00036134120200152916	2
116521610682324260680	0.0003611367153118327	1
100770362378770488768	0.0003610214598418183	1
100872876956795042185	0.00036088992611641704	2
104873021163951124714	0.0003606478981399686	2
110223882654120290867	0.00036047860463984943	1
115857438916409542836	0.00036013120426299906	1
117884186630207744727	0.00036004746363026857	1
118301062646383652931	0.0003595914852607492	1
116829716295477682588	0.0003595044110652474	1
102603206946621089190	0.0003595016218348846	2
102679339203808491281	0.00035940751913396456	1
118112646647690067574	0.00035938727887118745	1
111801042405027358379	0.0003592035001794391	1
114530282685788609076	0.0003588556723639767	1
111348912152371258922	0.00035884765004805827	1
106975779381283978922	0.0003585847099946592	1
118219831824758665656	0.0003584733067950518	1
113007652673980589649	0.0003582324977596126	1
116000809394109669660	0.0003581772070832362	1
108487822477374389081	0.00035788905777136843	1
112567117703230042072	0.00035778565197370035	1
112069484480728694214	0.0003577256460802499	2
107202319058481094174	0.00035750450814190206	1
107157557029555822002	0.00035747985622024944	2
103333947960815041657	0.00035714056456040183	1
100539149775913614675	0.00035707290567225664	1
115035061673098405753	0.00035691312441130465	2
105637932978148321731	0.0003569018506520315	2
115884897721735446510	0.0003568167851588269	2
101304314150594135482	0.0003567060470219488	1
114870652491954460386	0.00035645676487881263	1
118272434101169578887	0.0003564043126331772	2
118182931401774316033	0.0003561814774248155	3
103678870073436346171	0.0003561154650479167	1
108121932550768716443	0.00035604677297964253	1
108543083581582161607	0.0003558061213200838	1
108408858617232053127	0.00035538648155331487	2
100391113974708701277	0.0003553849932258551	1
101664453409254657587	0.0003553028160745115	1
114433175893636519764	0.0003548328122170544	1
107331671966442326244	0.00035463909849682974	2
114597803448853770006	0.00035462675595730714	1
117360103600409535739	0.0003538046827761765	2
109726816422075121059	0.0003529995143845567	1
102146414203682149837	0.0003521699147106141	2
117528910726956582907	0.00035200601980816637	1
108564774959534277266	0.00035161140031094167	2
113065206498246855586	0.00035152736651515094	1
101942903620250281696	0.00035137353842609325	1
101210571578214364678	0.0003513606032942946	1
106850276179352478318	0.00035132487526313787	1
104476158444060445287	0.0003511660726298671	2
111425389710625097093	0.00035098656101916864	1
103294358672505913167	0.0003507873956989243	1
117381185784348491514	0.000350750056939696	2
115023834238558979464	0.00035074331653260496	2
114564355960507159444	0.00035072912194515746	2
104748407954193366459	0.00035071519162392	2
116747667960171383329	0.0003507088967894553	2
116823159925507003638	0.00035045768945506973	1
100789550912276592952	0.0003500821018474085	2
111833893026903630547	0.0003497340312939574	1
111802754925114763101	0.00034959860932693646	1
104412286655413823507	0.00034931245094125597	2
108999765655839446046	0.00034868338414544334	1
109234925256743791332	0.0003484736931666338	1
112926100936353718011	0.00034734737065860707	1
117913560372655127349	0.00034730915198619876	2
109329533304048146236	0.0003470073318814948	1
101214390565708255235	0.0003465524631056145	1
117032113600154455464	0.0003464230290514816	1
106472708094044495742	0.0003454968998981125	1
101733511248571240829	0.00034526979738835114	1
101315742492526339632	0.0003451538375231888	1
111737181594798710014	0.0003450389194401948	1
103990216012166127536	0.0003448145008811386	2
104107887176979793079	0.00034473959649489324	2
109711006618128625246	0.0003442208940627172	1
107106193255722487200	0.00034412461997066423	2
109333428471648214593	0.0003436830564037201	2
110786187070689328745	0.0003435749637106973	1
103355828447574595701	0.0003435409343867192	1
118303245777999095791	0.0003427631133688283	2
115312105864775717810	0.00034276010781303053	2
101634972359197853733	0.0003420753983465203	1
109881041140257701273	0.0003420733095535306	1
117109117655029143874	0.0003420642510344032	2
109287020152672215822	0.0003420121339022382	1
106461514211730207895	0.0003419077091749062	2
115287228091669334278	0.00034186894892071647	1
117964845337145483525	0.0003418308937854787	2
103234540369296760304	0.00034174251828767696	1
116316884445587960365	0.0003415224970714271	1
114206318263110605424	0.00034152065385785495	2
114242488970562508327	0.00034129843584268407	1
109896764299719102648	0.000341097897571731	2
108664481984172425741	0.0003409771286340202	2
102741071035918489669	0.0003407949011597325	1
117571253469987235432	0.0003407580267717954	1
108464051335402226680	0.00034028792861571686	1
102663262570307163740	0.0003397265798027477	2
105908946018927746505	0.0003397079102976042	1
105436735810698049548	0.0003394788687806153	1
116135963476096063106	0.0003393756870689041	1
109641970228283237386	0.0003390082295985472	2
100327603635717936220	0.0003389878182490482	1
108039606928186244729	0.000338731681835776	1
108572997575267586337	0.00033856960624606853	1
115948986521808202385	0.0003384797426203592	1
115444781898731016866	0.00033827533846310864	1
107696593710338979616	0.0003380394159314667	2
104926854905340031989	0.00033797001679277343	1
110062340723043312962	0.00033766025643102565	1
103527665374001123765	0.0003376258946490361	1
109228697540894416120	0.0003375604911797362	1
102857810590527421931	0.0003375453968111307	1
108623241107635805071	0.0003371718647668195	1
101567686389173421706	0.0003370491226266165	1
116380653872256638224	0.0003365300237083375	2
110536059454538019392	0.00033651787217731793	1
102197192447963404381	0.00033638372302107866	1
116038350716337582317	0.00033627260293227	1
109483289976806241364	0.00033605336073590285	1
104504981805192333775	0.0003360428314651112	1
114754986248751812965	0.00033595994721689426	1
116721310204582207099	0.0003359053292797739	2
110482170335241239408	0.0003358964272989103	2
106835527256079594526	0.00033586250665502894	2
106037630578126019323	0.00033585035442058555	2
108575961322871913333	0.0003357211063173593	2
117415172384840716734	0.000335297371645562	2
108118246138877929062	0.00033512312223687936	1
106322465979385944906	0.0003347635962171196	3
104096937985518245605	0.00033461839205224295	1
110992347936872775524	0.00033461748058910876	1
114500123940436101602	0.0003345332995377693	1
110260799123621709651	0.0003345093729824575	1
100622502206917250723	0.0003345016014904674	1
115045465856038711729	0.0003343583041866161	1
115587132101896457773	0.0003341925103716839	1
112965688302831166567	0.00033389867779603166	1
114837315757849666490	0.0003337201622075326	1
112155586707055024969	0.00033370860770910705	2
109058337663359754785	0.00033352014793824544	1
117268380659841428229	0.00033338533338439193	1
106844184289605969981	0.00033333025420210626	1
101578908305271892137	0.0003332395150581549	1
101852810220253351481	0.00033301694482919383	2
111490837071919746239	0.00033262663438037585	2
108271507069679184793	0.0003325336092357921	1
116438603972340062055	0.0003324514585147014	1
105773781211679853353	0.00033243926105492276	1
106120892232863506345	0.00033206275582258593	1
116543692206755873174	0.00033180894008432116	1
111059970532919761644	0.0003312819935806593	2
118384074629061704735	0.00033122410298273635	1
104312101745348855122	0.00033122093295964846	2
115942441009247123586	0.0003309733446461628	1
118018940737717359948	0.00033080557514320546	1
110931152668652350896	0.0003306897887278297	2
117070732876216756814	0.0003306102738525187	1
107018052311350972389	0.0003294468326791633	1
116355285030133048112	0.00032934038460462204	2
110367546804237452889	0.00032906587248342255	1
101035769552354147539	0.00032891129819368305	1
101952763473436363778	0.0003287477976545232	1
102056827869667810545	0.00032866330494256716	1
100431683136235886510	0.0003284839609534193	2
118161298737497440336	0.0003283402988081342	2
108894901907715020153	0.00032829643189356974	2
116287958548276644222	0.00032808116886744556	2
112527609011635752387	0.00032792279629210124	2
117580334862683341512	0.00032788214564521723	2
109432665441779765819	0.0003278044571956033	2
108012748909740538391	0.00032759433387781413	1
114514799374654508108	0.00032740895688751763	2
113740598415746415240	0.0003272030489105081	1
117134344024080177268	0.0003271043282768318	1
115148539543102770153	0.0003269756568144714	1
116902740844794234040	0.0003268739469636875	2
110788067680240080378	0.00032687067035509223	2
117631543620684483483	0.00032632069271270003	1
100028689656197242043	0.0003261949287638572	2
110478024622618960210	0.00032616783779603224	1
101275179870005929648	0.0003261547446887915	2
104782431771106622644	0.0003259847079181049	1
104273722838405399476	0.0003257969861708781	2
100358568221445126337	0.00032566192300637845	1
116214973323641326362	0.0003256387342497722	1
109427269937333297397	0.0003255549415662184	1
107613682152293496500	0.00032522665840044253	1
105718045706606975227	0.0003245923149405606	1
113240938251076632970	0.00032454834857444743	1
100586292717363443048	0.0003243549811676314	1
115836722305915213977	0.00032432555162318597	2
112326391429001970160	0.0003243240008275007	1
100825884322873650899	0.0003243050550719267	1
100679973417070601526	0.00032413491015199355	1
111910535419751834600	0.0003240338526344888	2
117033421772248657862	0.0003238816010611949	1
112856852069290617900	0.00032386225960001993	2
117034741859407054850	0.00032362401946282437	2
106069777789720184451	0.0003233373937445195	1
110179269301468260175	0.00032277301410764566	1
107455392897059137525	0.00032276986477444	1
100428070096167744335	0.00032270220182135673	1
112391268677800082202	0.0003225842041164695	1
105485917986706392110	0.00032252543197806345	1
109657624862688852375	0.00032243684143965564	1
102963089216563509217	0.00032235762886352593	1
110404121234978833851	0.0003222864039787662	2
113952010793377772767	0.00032227236781704	1
101050864722964115697	0.00032217049617236794	2
103716728307249097768	0.00032208832178407047	1
105302606557514579641	0.0003215317518324146	2
115706222799194506830	0.00032147727575202394	2
108261451694632059942	0.0003210900444673077	2
111467014974214199699	0.0003210871368148976	1
102251766629138634463	0.0003210841511997597	1
114459654738061491522	0.00032093654585148957	2
104564660075265244452	0.0003209291729080113	1
101386720881220467114	0.0003205950766347791	2
101514107857336767747	0.0003205335849891979	2
110216775375869747308	0.0003204683028471256	2
109403002305616155346	0.00032013056273185467	1
109783916924896941830	0.00032001219902055226	2
101175509352518427726	0.00031970070979026776	2
105373589191095322547	0.0003193861728822798	2
103068374571686487868	0.0003193642545389126	1
112716498939198144931	0.0003192301779412264	2
105115979121734412207	0.0003190020006958309	1
111653641366793842174	0.0003189612851616493	2
117296255407633884056	0.0003187502513970307	1
118142535392533860810	0.0003187142141518191	1
103015251222547167150	0.00031856769475566474	1
113118779910737235414	0.0003184611885473449	2
104957819454738884673	0.00031799245867186927	1
107576000524639319106	0.00031788232437686783	1
104796122208019995774	0.00031740308387729477	1
111590901213239324246	0.0003173405989963405	2
109351566851431429800	0.00031695982505385955	2
115136446869665020841	0.0003165743370294702	2
114085190748679588261	0.0003163617237155888	1
110852665225369391971	0.0003161403589357969	2
118089854432630639826	0.0003160210108031712	1
100494264179552780611	0.0003159576546166779	2
100532748295806038875	0.0003159318924002534	1
108660184952722259169	0.0003158735317720837	2
106326973089842217186	0.0003154475477146957	1
102615206842116786829	0.0003153979721342317	1
113886305999177111894	0.0003151958658425117	1
104990888000006699338	0.0003151258930386509	1
104461270372989098596	0.0003150573130024306	2
106356748085224053476	0.0003148666270082274	1
108959577300504968814	0.0003147063049061307	1
101556140211689043689	0.0003142092051117299	1
109267048894926681081	0.00031401988125775613	3
103636959055130559060	0.0003136397361816573	1
114919915226752492773	0.0003134439088230952	1
100420349253169050253	0.000313344871981259	2
108684873053779023051	0.0003131642368760485	2
118382222849341409443	0.00031314463854934676	2
109479560363527324813	0.000313034699246799	2
112196147061241546117	0.0003127947646619986	1
114656704900569262437	0.0003127080767445604	1
109475113854351579364	0.00031267580983352847	2
108799775197556390408	0.0003125559289595127	1
109219075976635448224	0.0003125110381204149	1
110890905098483425944	0.0003122781253675393	2
111947765234599144923	0.0003122630054331381	1
102695506211664042361	0.0003120686010480549	1
105821241826446325759	0.0003120298891875553	2
100859050728709312464	0.00031180674143646824	1
106324123467069891099	0.0003118019603827904	1
108618369151071018402	0.0003116721407402697	2
117473477005177317943	0.00031156854376183907	2
116060036649605123334	0.0003113025652937148	1
101303899182022562093	0.00031115973156454216	1
108667968580174698698	0.00031109368030652967	2
117310595726857993328	0.0003108895493652004	1
112610217478828272264	0.0003108475192914589	1
106145469678511903598	0.0003108313955475161	2
118408978290364069755	0.0003106607323108892	1
117464410931711414271	0.00031046193674530675	1
100276607276492249396	0.00031020802128963306	1
103970106103092409324	0.00031019504552597896	1
105112620193039173363	0.0003101900556296741	2
112798623377959973460	0.00030977938750337145	2
117553689106088684456	0.00030970327822584236	1
110980858757137478851	0.00030933160893265195	1
113135851133733756895	0.0003092334608637249	1
108361158913993172732	0.00030892910306332637	1
105501612924248234412	0.0003087292984672152	1
103230264267539483579	0.00030872027653322564	1
113376107215245749249	0.00030861269095710056	1
109559736754428418668	0.00030841237372239677	2
104543747523266493483	0.00030793358396049696	1
108141110098021829094	0.000307683020646858	1
114952391973962435242	0.000307173314166769	1
115633038132191385679	0.00030687855932244276	1
112812462595058642652	0.0003066370158119722	1
101179305091815209891	0.0003065565355998386	1
110787951497089371843	0.00030653121094442043	2
106116309894154167936	0.00030629692159835797	1
101864551594535183656	0.0003062758684833636	1
113315984982357868560	0.00030627478380884654	1
106812353891907639293	0.0003061989854500541	1
115573645226191116974	0.00030619405347341935	2
115776904698341375063	0.00030597112675162676	1
102547044539623029950	0.00030587651455365116	2
100696736492387120828	0.00030582550290412895	1
113854591964374444379	0.0003058040571344499	1
100275461827190613538	0.00030563791953788956	1
105330508189198953561	0.000305370092762815	2
114975395101514335516	0.0003050977278124277	1
100507636570832524160	0.00030508803231110395	2
107592494492193543612	0.0003049211067995215	1
108016343392634120881	0.00030466530896528226	2
106754555474669860321	0.0003046318190032466	2
107098810014635698204	0.0003041751571035949	1
108367648185791071267	0.0003041001399061696	1
106976838186319814891	0.0003040872949456998	1
106502607787729635990	0.0003040266012851483	2
112167619931817269636	0.0003039459633732965	2
118138213421584943329	0.0003038156398947577	2
100848471312240602471	0.0003036250604894843	1
112871617630543116034	0.00030359476575945326	2
103274251626717875952	0.00030340488107355196	1
116096816187931801304	0.00030336560583564233	3
109967027135756554055	0.00030280519699061226	2
102589586575431744231	0.0003027580405235073	1
112563912347268020968	0.00030268503344263063	2
103414156623126654112	0.00030258001916018916	1
106950551569609292145	0.00030256634275709223	1
102043085355425659178	0.0003024878404621405	1
108873304153780597752	0.0003022307672205395	1
113288759593964992914	0.00030188307612691854	1
114197728097920268135	0.0003015589158153686	1
105985738299358731760	0.00030125272379706743	1
102184428662561384645	0.0003011780773794386	2
107359041727465523495	0.0003011179914863318	2
107587687879128613513	0.00030089422038732163	2
102804978685505492815	0.0003008912816179417	2
104353771822666127250	0.00030081052285773664	1
118206918258826590490	0.00030072497408826186	2
102278810216935213271	0.0003006806268211668	1
113718343049546470841	0.00030056239221984285	2
102979263661782211525	0.0003005593981097878	2
105135366106400885786	0.000300499170019652	2
115281302998726339527	0.0003004518595455118	1
108102879464925551155	0.000300402504319853	1
116650285075232966159	0.0003002840809454895	1
114142528070147926514	0.00029994181812162505	1
115086020530995525916	0.0002999297645857951	1
108871986628238771394	0.0002997796538505558	1
111915787075701688418	0.0002995421487393714	1
116935874148006850815	0.00029932240437861044	2
114003647341521034282	0.0002992859585241813	2
113609890992580347769	0.00029906276108785436	1
117630946657875928602	0.0002990290844949022	1
102766883669334173191	0.00029900511781503786	1
107738400028496333395	0.0002987918981617006	1
108651717657234645162	0.0002986456440229185	1
116917864033830936795	0.0002986064964067641	3
103020087355939742123	0.0002983771536578624	1
113677250341630247339	0.00029832135770764475	2
103560944371498447988	0.0002982393044912297	1
117994381802446140543	0.00029817479006260926	2
113117290538080775751	0.000297866682097148	2
101142206796069014482	0.00029786309297745087	1
115425169524817140869	0.0002975594938627665	1
113384781229853229081	0.0002973586568230204	1
101149213714420581181	0.0002972724815001436	1
116587706417674222489	0.00029718295002883295	1
106129703344859067339	0.0002970689666027692	1
112360877887145932233	0.0002970628592225175	1
116552636517228859900	0.0002969804339807231	1
117961212741161886553	0.00029678044069009885	2
103744669593777813178	0.0002965787892308078	2
112623722232653545872	0.00029640628131209345	2
105638696998409169520	0.00029596673283371444	1
116654096266355501130	0.0002959607755344972	1
115398900372263208745	0.0002958534072401976	1
102886038329141028036	0.00029584551883282657	2
107691163524835429537	0.00029566716932176586	2
109204863030492721026	0.0002956095084339468	2
111961464973554286254	0.00029540702363303875	1
117106864988585204018	0.00029540567330921556	1
115912014509582860095	0.0002954033345650721	1
105035058281179718814	0.0002952394623737088	1
113180815516125966443	0.00029463377131923134	1
100569688293113899798	0.0002936580787008038	1
111890953647026369695	0.00029359129287746344	1
107930758893139892849	0.0002933724318566145	1
107728981484346651383	0.00029331054529392473	2
113945748980655581532	0.0002931037833424116	1
111849160724194900617	0.0002930498924208186	1
115766320523160683162	0.0002929551628773428	2
112299780757625782612	0.00029275907021945	2
107318455538025660709	0.00029271641610177743	2
115831097763812861731	0.00029261602356817724	1
117994214140365623551	0.0002922999349866027	2
103020802233930940029	0.0002918818475428041	2
115949346423495632626	0.000291853712011251	1
101799324245089780949	0.0002917868897186429	1
105559429410378216754	0.0002917302578125345	2
112954151067260940064	0.0002914060161923277	1
114085939943834183247	0.00029067755009221997	1
106996219274768543954	0.0002906080639049555	1
101699904654066419055	0.00029060369561127296	3
111191474352938436934	0.000290403919975381	2
111158118722052430084	0.0002903347267855763	1
115993155958620671742	0.00028984123743043555	1
107736115036724962817	0.0002897397497836429	2
110578077938829292846	0.00028969662144872157	1
107482594213368942080	0.0002895610221559761	1
117260992652590041727	0.0002891770697337797	1
108608451730739256125	0.00028885552910837617	2
100806981966366833878	0.0002886423883244834	1
100618599873162525277	0.00028856029410227177	2
111901192154153217896	0.00028853618901713744	1
115751635726520440346	0.0002882274718545986	2
104534444718011435675	0.00028806410421932397	2
116119023366630383283	0.00028784049635567784	1
116848411883646700104	0.0002877019233554024	2
108478935769402351252	0.00028742706877519364	2
114705227849697554573	0.0002874267089505008	2
117293232859273045310	0.0002872520941993059	2
107447038825785316943	0.00028650571325779034	1
103599879912793608226	0.0002863836602125636	2
102881052914977050318	0.0002863365439105668	1
111994682676510404411	0.000286237646174298	1
110847150167079833178	0.0002861495300101075	2
107159481602229362655	0.0002860951529665416	2
100223059795902095775	0.0002859882413348428	1
101693014555125876600	0.000285598817398499	2
100948028386391491556	0.000285513053117712	1
113420009895303633889	0.00028533112164595904	1
108658853913186600512	0.0002853017008167194	1
100438893716134579256	0.0002852864390705095	2
101001754553539339525	0.00028523670913712306	1
114846415078494730444	0.0002850680348960672	1
111633647385349309572	0.0002848914764488058	2
102321872757613122216	0.00028481889212538664	1
110659154322241123901	0.00028451563435330133	1
106033781316334155856	0.0002842798848063871	1
101824923181156392444	0.0002841587222980998	1
101584477573242727874	0.0002838580234558741	2
117104354898873541959	0.0002836729780416415	1
116706153803896610134	0.00028363419217342155	1
117032773678442908606	0.00028353987071237554	2
116056467215954146450	0.000283486474144575	1
110553328778846344097	0.00028347506251561	2
102523020817764358367	0.000283456046339495	1
107770611289171488572	0.0002833753549032383	1
115866542052252108031	0.00028337007965426595	2
114748946960624528754	0.0002833480374799742	2
114144167816919387092	0.0002833286220586444	2
108927852246718577163	0.00028318411585870335	1
115425872214858724922	0.00028308387119936303	2
113268795088098824556	0.00028305894056412874	1
114504915540234424197	0.000282811741505608	2
116412147235752808523	0.00028264156165512815	2
103232569713157928293	0.00028239709564487113	1
105252629276588206452	0.00028206518298986823	2
108497038204779014845	0.00028205381502117126	1
111996705890298062663	0.0002820494951297276	2
112188647432305746617	0.00028181811058600875	1
103134443000885565193	0.000281718301924405	1
117196493939960489707	0.0002813941293854795	1
112084483558246473762	0.0002813847680921077	1
110891551901311499640	0.0002813423764581597	2
116244232979306311271	0.0002813187755551919	2
104340490963572760615	0.00028111682729034125	1
113419225083269643113	0.00028108534818378994	1
108572024831133433382	0.00028108534818378994	1
102917774273044202480	0.00028108534818378994	2
110374285151379544748	0.0002810832516625067	2
108368721218025158196	0.00028051485418617426	1
115521032846715906560	0.0002805053426606122	1
115482236651088047670	0.0002802711409545694	2
113950109696785210472	0.0002802230837935905	2
108612520344032016790	0.00028017498592248743	1
110538244692163552116	0.0002798987206415443	1
117943346260028259210	0.0002798600757968676	1
112189969475262743119	0.0002798410004808907	2
117337958158952242811	0.00027975752657679047	2
109449836358762596183	0.00027974945638163196	1
103527592457462565990	0.000279672444372274	1
106300680058382009034	0.00027953303649867956	2
115973983464852041020	0.00027935397888570614	2
113092195609448236716	0.00027925019300398994	1
100957567517946224349	0.0002792349101173035	1
117811525016398692676	0.0002792047123164848	1
117612451402347716426	0.0002790895298044067	1
109132499341901394336	0.00027891327918417333	1
102452242106567377625	0.0002788310126367812	2
108545998538519041868	0.0002784837814506177	1
106321154878807835082	0.0002784665338141855	2
107455794061736265081	0.0002784178036517674	1
100221555167886931877	0.00027841083888206655	2
104437588860502489763	0.00027836662012781764	1
100696725517602845923	0.00027790978553766466	1
102872329895197895370	0.0002778750118123784	1
112917279535453700406	0.0002777864320156004	1
118322204469107190686	0.00027777214034024845	1
100363987443176807491	0.00027775586456483316	1
114646012645957748689	0.0002776507603101233	1
102624264212801608398	0.00027738557781008824	2
110999643891411006365	0.00027724534016727387	2
112921894149246301401	0.00027720832332495517	2
116163754096446458259	0.0002771596114624806	1
106159565832662315847	0.00027688269742968675	1
110456109679571852707	0.0002767499006798567	1
117117243109101385379	0.0002767156209724323	1
115267125292734440844	0.0002766632975284482	1
114699113735978841366	0.0002765518752145451	2
110439359427525716603	0.0002764664684467295	1
105626183847851485682	0.0002764530238114598	2
114970525955091479340	0.000276273260125483	1
108529222612621232413	0.00027622680159513345	2
104300905002221104754	0.0002758923935143198	1
115979685029026206701	0.0002756876013996721	1
115579516985044880989	0.0002756820476560792	1
110411499216725051179	0.00027557689900570737	2
106614510278165896512	0.0002750793301659116	2
107330218258870552495	0.0002750111615858521	2
111675759130975675454	0.0002749117053690533	1
111094075863963545154	0.000274300147774453	1
107902413199140775867	0.00027389277857102793	1
108552852799000979597	0.0002738367804710003	2
100264894132254993765	0.0002737790056542295	2
106460091049486784517	0.0002737790056542295	2
113399785752705562903	0.0002737271236693881	1
106407903380021395602	0.000273512484055271	1
115573360867382528229	0.00027335991000336854	1
111496323664129888727	0.00027331755524182894	1
100353683506226276281	0.00027331452092707815	1
110630495306964512428	0.0002731606609301392	2
108763555712847120407	0.00027305531408321844	1
111137938585356003735	0.00027305531408321844	2
104754473803027069876	0.0002729046013058235	2
116545842347056881965	0.00027273775385352165	1
115171909284870068699	0.0002726186759756838	1
113747974162186408310	0.0002725998210523034	1
106178583455047889906	0.0002725881788263697	1
114456351183795885149	0.0002723860352979451	1
103981527513996142809	0.00027208435093743777	1
108155601641892969907	0.0002719143790758044	2
116445649889966714632	0.0002718993097896315	2
113925391807060513033	0.00027184014061151334	1
105613496050680673827	0.00027169489758078536	1
113565870724813097212	0.00027163271731344443	1
113289276011585830741	0.0002716120075993086	1
103944806119684977441	0.00027156421510341557	2
107018442635554700202	0.0002714505633478026	1
107266675406427148556	0.0002713917605166275	1
115771740205107081386	0.000271369838542605	1
114403154176908804583	0.0002713509507370746	1
109050107863846136002	0.0002712290157871183	2
103375542801396350118	0.0002711903627525854	2
114830191140996195398	0.0002709499633165239	2
115609767292683513419	0.00027066403496968545	2
101812976245192927574	0.0002705391704999023	1
100846321432199933896	0.0002704465948468481	2
116436842135995594840	0.0002699578916061361	2
100765827185632795164	0.0002698983358950676	1
113520200107396087494	0.0002697208490051641	1
114657986795530732382	0.00026971418563026225	1
115352602850836259449	0.00026928465029389784	1
114935435173320717405	0.000269273179391707	1
105124769821172501802	0.00026921908182776696	1
101558201988184499670	0.0002689974888830806	1
108207761965956936386	0.000268920471497744	1
117393876103524690286	0.00026816956007378055	1
100052108766087397367	0.00026803992258060287	1
112744760710263848638	0.00026792921377910344	2
105567491680949380655	0.0002678914945402507	1
114361596077509038117	0.000267770237778759	2
111165366879875301274	0.0002676227410409531	2
114900647339123838907	0.00026748976996176556	1
111499641772870869244	0.0002674560552536105	1
116085027999597552670	0.00026739224348087693	1
116518984173135100550	0.00026730978176528735	1
112183819311352500254	0.0002671338947210533	1
115838073957413876487	0.0002668419552604387	1
108762842416089247473	0.00026664576004343377	2
100001803773152492451	0.00026654310263265666	1
111110282441594104451	0.00026653984094840476	2
112687120095990604728	0.0002665142649857174	1
107854378317011031991	0.0002664988709309205	1
103096391434062438097	0.00026626000058245416	2
111883522285464139993	0.00026606390191185296	1
113549303491259786424	0.000266018776274843	2
108852091124503074794	0.0002659767121031933	1
109725632622469813325	0.00026595330680831154	1
118288096864347764089	0.0002659029823562386	1
116600561576210993617	0.00026579085977784025	1
116918406797649901878	0.000265728868090382	1
105001542879577510093	0.0002657118139223092	1
105303268415735417294	0.0002657049342718985	2
110914779605699995714	0.0002656138758126181	1
114862621862421576459	0.00026558601280578394	2
103966341061811193241	0.000265163187301611	2
117737121552544823396	0.00026515627707313327	1
117370659306066821697	0.0002651468992119425	2
111306163550223504584	0.0002651110266094501	1
104582897695875351905	0.00026496465015933465	1
110690392741966486180	0.00026488968418375314	1
115338348211278326410	0.0002645058779158046	1
110714332500354915214	0.00026438395918302514	1
104313782265210957801	0.0002643080389802842	1
111653235450133676491	0.0002640433325461928	1
106616767928244936223	0.00026392467971398737	1
104444216800588328109	0.00026385923112657054	2
102776946801529938816	0.00026375831804736937	2
113916333798067078222	0.0002635857519205924	2
107015719204181487981	0.000263582907994469	1
114906480309425755480	0.0002634232882590892	1
111072241480417627191	0.0002633279263100452	1
110816032472866489951	0.0002631812780112576	2
100990802010042991403	0.00026310967404451576	1
115473744607929446722	0.000263029470669164	1
107904165028012786328	0.00026275507260501145	1
107996240019878761727	0.00026267116715651315	1
116755259834136772630	0.000262618593964198	1
109531362806691064428	0.00026255239690700893	1
114757828002716893774	0.0002625177709833841	1
111553795984597128518	0.00026243266286124246	1
112286818960992527726	0.00026239746079987226	1
107153186556641123522	0.00026236725637579386	1
107578475734229635225	0.00026218633477019624	1
108932788008800738020	0.0002621630558949565	2
111581970208756049987	0.00026204644628478874	1
111460901695997018144	0.0002617720354493063	1
112582671124715989188	0.00026171538087753387	2
108985069770923500411	0.0002616161662134197	2
110762854126289964173	0.00026158780753922004	1
103000428814326899358	0.00026148367179247063	1
112491442714629266497	0.000261392110395434	1
105824099318569893626	0.00026114094947672547	1
115101198456724971651	0.0002610835617066269	1
102073315759648260583	0.00026097493925676316	2
110628308558818952047	0.00026097175419462746	2
103720777859156643423	0.0002609620103986466	1
108273722545439040514	0.00026058548873679325	1
101577820395486260608	0.0002605049972623002	1
116909089288281056526	0.00026035197559198066	1
104005436274006934209	0.00026033868936934187	1
103235412042557128838	0.0002601730838204899	2
110077524130470245304	0.00026010569256705243	1
115918772640340049606	0.00025989354370596537	2
101899205245872995458	0.0002598015993636798	2
101503993313738855097	0.00025963647609916995	1
100075160462198738161	0.00025958401259800065	1
110509364187212265472	0.0002593741831936338	2
104633316183824827079	0.00025919552474752087	1
107107824182882844477	0.00025915592001796763	1
117416276497260539668	0.00025910675996729666	1
111469958502827977710	0.00025906934567151855	2
115141092509721329158	0.000259004520602557	2
114266956039786259104	0.0002588658887502677	1
111131241018584590674	0.000258722654959358	2
115939073975077571524	0.0002586670985026949	1
104278345775393146746	0.000258500087940857	1
101341716829353760937	0.00025842145218399993	1
112330195727204081851	0.00025814870695676676	1
106715538773874086695	0.00025802966932246817	2
110226111560242545695	0.0002580229656071794	2
105400672089711238360	0.0002578682122912964	1
117931172372482383006	0.0002577693179912592	1
114690972417932491721	0.00025765727265601593	3
107405255115642232315	0.00025753395553352253	1
103204930938817570135	0.0002574892921865974	1
105211066216903231199	0.00025742026609745533	1
107046477716976438029	0.00025741037079798007	1
107320437223702857592	0.00025735824284744665	2
111316402965963865582	0.00025733175121816793	2
106579190189287944536	0.00025729206202973676	3
110587795777511375466	0.0002572059317707683	1
112344947653391010824	0.00025699065844795135	1
111939626988908665949	0.00025682674309376733	1
113142250702474269711	0.00025652760405424043	1
112805275955918765847	0.0002565197086846301	2
106735749388036321131	0.00025632511299075733	1
107977108836273421666	0.0002561884863955048	2
109191174192730990434	0.0002561856528899035	1
107944083207487427694	0.00025607830744566975	2
116306683618740308150	0.000255656615703893	1
117810420001614797779	0.0002555583593219837	1
103255845558930465252	0.0002555582280791668	1
113023958671273268275	0.00025523817937190825	2
117708409021914999498	0.00025461044073624313	1
103011091457132318020	0.000254555098790977	1
115654915922809073743	0.00025452206356605663	1
108363751592363667557	0.00025452206356605663	1
103618244832690689689	0.00025452206356605663	2
112778694337605586457	0.00025452206356605663	2
101735172800673090495	0.0002544782775212229	1
112675735045332034682	0.00025444037755741956	2
109525458823242424928	0.00025437542662007113	2
111790340242821465187	0.00025429343336487903	2
113867426238779845398	0.00025395860213169144	1
105128764521029021821	0.00025384158854064155	1
111539265885175147251	0.0002534851265958699	1
107176073754977513315	0.00025335544925891813	1
109835343555995849165	0.0002533553193148216	1
105039280239188622463	0.0002533093141830229	1
103989456549587984018	0.0002533024096748202	1
114548871884464558682	0.0002530569219732471	1
103624825280477605881	0.0002528444289082067	2
103936827743475359519	0.00025261709115553626	1
107025264973231459230	0.000252482787391391	1
111055025952002702931	0.0002523682736018745	1
105518452623347894208	0.0002523536622009585	1
113465799753001273616	0.0002521778663408749	1
107245848055437034624	0.00025200147950669744	1
114697544857181799361	0.0002519569162451327	1
101193855300496662272	0.00025190337017908166	3
100656749491859603781	0.0002519018313109254	1
106579262669161740805	0.0002518883968952773	1
105992316080306349144	0.0002517779879916439	1
107018384079212893430	0.00025141670680605197	1
117636622857360051728	0.000251409636191154	2
106273601158716653819	0.0002513757209544882	2
105445729724036171501	0.0002509639259706878	1
108998022078946637101	0.0002509228331102271	1
111455759385633481555	0.00025091198361349625	2
113498200739911917070	0.0002508457084305913	1
114334979365075139609	0.0002507169112552855	1
110989250509522485452	0.0002507116756389109	1
103325054230241351589	0.0002506208914557337	1
107441876006843268036	0.0002505872182298383	2
117120899220348900166	0.00025056160790270886	1
110168126908245477964	0.0002503126451603055	2
113067953912005058151	0.00025015784755069	1
109060195099924633352	0.0002501258992554504	1
111609610754130053369	0.00025010362636428303	1
113769422703784740150	0.0002499734461009718	1
110163810147675006375	0.00024969300148132754	2
113549801430520351189	0.00024963559182930063	1
110051674459506908139	0.00024952755893922795	1
102671307375200696706	0.0002494596301966444	1
101066774501353405200	0.0002494293000908136	1
102665200552377966664	0.0002494181291174188	1
111819844682503085049	0.0002489295260282348	1
105283496744569420597	0.0002487753896076052	2
115237665476336934606	0.00024870357220680214	2
105276279690752564159	0.0002486276711289543	1
116763120588566505995	0.00024856461601246093	1
116325872509968290257	0.0002482834088122242	1
112359429365013434388	0.0002482394212020377	1
106179733123702088243	0.0002480780408971329	1
101734491933104822226	0.00024800345360388	2
103479497423072494633	0.000247864731632075	1
105731116454805321635	0.00024785997796609153	1
111596717972624916158	0.00024770638315242904	1
111680303274158989902	0.00024726973633564675	1
104313927854510114907	0.0002472665731436702	1
111729686673821534950	0.00024723126226757527	1
112115780352180365351	0.0002469881128919823	1
111807787512427173790	0.0002469786217450779	1
103803564424720099883	0.0002469294162244775	1
117494247809531721067	0.00024692809825746585	2
103457284275282052778	0.0002468297298027567	2
113159314465972753219	0.00024663149012114314	1
116680161220060343509	0.0002465045368842455	1
113933188142370557001	0.0002463081259020841	1
116863776222727730672	0.000246201934241935	1
111658856861405987986	0.00024604145691709754	2
103623163172113566856	0.00024588648441891867	2
102277502600965369160	0.0002457682724600851	1
114448012211595806225	0.0002457021891302681	1
111728089482067381606	0.00024556013344294195	1
103500108183743394604	0.0002454966770469219	1
117555797420103623545	0.00024549016513553275	1
108094882766264948411	0.0002454663484741858	1
100665437773776724078	0.00024529102984695837	1
103882272094347007692	0.0002452328121532698	1
100581626167078922517	0.0002449949675769578	2
109687008378558523762	0.000244878520783965	2
117424744804595368959	0.0002444425583100216	2
107588868062388296338	0.000244220615641249	1
105865533924482514770	0.00024410157034857006	1
103402604547044437621	0.00024402131816023083	2
106218047355904320426	0.00024399384066425513	2
114429340373260054333	0.00024380603494495652	1
105382311931569368732	0.000243783518579106	1
103271045211030417661	0.00024377681687331836	1
113618837720608625489	0.00024369913576182135	2
113046410027988176936	0.00024356616499355405	2
111490038599843263453	0.00024332324626789964	1
100780547933866773954	0.00024321098678918774	2
102002416005009227991	0.0002431259952407337	1
105872485431940129053	0.00024300033125386413	1
108967749932516318839	0.00024287081937744356	2
112093760018769524953	0.0002427050974368107	2
104803646263072880370	0.00024266503349330785	2
113835407187658627873	0.00024245834390416204	1
117330851195969518784	0.00024241348086605596	2
107488230614679224150	0.00024213243713835453	2
103531545775366939746	0.00024207986110300577	2
107255577546729665792	0.00024206471800464966	1
117631564735373597750	0.00024182863279921939	1
112944720844947065015	0.00024181982723871394	2
110676974310164766723	0.00024162427442664188	1
111089353731255501845	0.00024142702785405747	2
108906884820731677254	0.0002413827497158841	2
106834327471290434911	0.0002413205982742627	1
103490257692431314030	0.000241295206177245	1
103427788040864083972	0.0002411845740735429	2
108167209651567871551	0.00024109929495635962	1
118174047967293905944	0.0002409151689044862	1
101047809996269228974	0.00024088140051755884	1
113429176524057112703	0.00024085520575421775	1
111371872034353697884	0.00024063888602607946	1
108678536678815991201	0.00024044982718974967	2
117590739768158432959	0.000240343342103314	1
102102343676622575335	0.00024012903539752107	1
112970989373052700394	0.00024009058822713078	1
113718280152724114356	0.00024009058822713078	1
114990717980181358584	0.00023993157630454792	1
108599058013377623120	0.00023993157630454792	1
110752081138684171126	0.00023981911820941735	1
113124557151589186745	0.00023981911820941735	1
105857147097895520566	0.00023963716513918	2
102074252322180952509	0.00023954322870240458	2
103300163775354335830	0.00023951197961315397	1
108523587127926020401	0.00023939819841113704	1
110262741404508571373	0.00023919026136233205	1
110465672043656996295	0.0002391583946872395	1
114121932233302784420	0.00023912844993868317	2
114496864724735567792	0.00023912075417342589	2
110823121488952961125	0.00023897406598726552	1
107257339924448853547	0.00023894222895169827	1
114685723668493364887	0.00023889404188605235	1
117012892116407849084	0.00023883520341674977	1
106349974192297782964	0.00023876214253353847	1
103384136848628795515	0.00023861979422921554	1
100286475657610958628	0.00023853803733446015	1
115556583489271055785	0.00023836966132772283	2
111174864960647794799	0.00023816300876778815	1
105770359874870588212	0.0002380791179388976	1
104994838109992159534	0.00023795865237386803	1
104264121339839722223	0.00023791053565459628	1
104299613095652761659	0.00023767630843944123	1
116912273033467156297	0.00023756890605167681	1
116502394635958271022	0.00023755096631691004	2
116023076408524703501	0.00023750230839958257	1
112352407172259703322	0.0002374943892739463	2
116141628119040595912	0.0002374734380746539	1
115304676279298648745	0.00023736916370177845	1
111230422483653737789	0.00023734719154570177	1
106977227791011162644	0.00023728909380007026	1
113272223350443264895	0.00023725282526067696	1
103816880090130133622	0.00023698911587578152	2
102228763662195926264	0.0002368613353453437	1
111947577453598158287	0.00023679127013766043	1
101062092876913154235	0.0002363494624665429	1
110990982886509613084	0.0002362845370639746	1
105643161078399965865	0.00023620145507192343	1
106615249681148107876	0.00023596782369877972	1
107558166091051909377	0.00023585119415317623	1
116852173753874421412	0.00023562297830638453	1
101913642651443955289	0.00023557953021584478	1
109744341036015570668	0.00023542992476188566	1
117463284268445133287	0.00023528881011062575	1
102550014243263413931	0.00023528032606323943	1
116096842711917133770	0.0002352174691847825	1
100813085642180917060	0.00023501808832065543	1
100589764553189779383	0.00023480589531642347	1
108172792563822271898	0.00023474805561925048	1
109252257877777459957	0.00023473679199661785	2
116377862426488056172	0.0002345671122877872	1
103499580898914474624	0.00023455500971775482	1
106262424995805724246	0.00023454032178480463	1
101550817552076955691	0.00023424748989895832	1
111593529042468885826	0.00023418069018034474	2
103363186582409589918	0.00023406951711505368	1
112855901809470941864	0.00023384306276787485	1
110125969366862686399	0.00023368551638664026	1
105917734515809002180	0.0002336380895382057	1
104821684767533821666	0.0002335348996349722	2
110472775327756567349	0.00023350942338108894	3
102552880543713181525	0.00023347115560213685	1
106926363141423152118	0.00023342759864929715	1
111294648399916888937	0.00023329308969061762	1
104426511016919473313	0.0002332568102656897	1
107114778862847255068	0.00023324226227387527	2
107395460720598676651	0.00023319176265632698	3
109992269966631903248	0.00023316870364096287	2
100689290279008475991	0.0002330639405862878	2
117493309149519712743	0.00023272609507188273	2
105411103202273088261	0.00023270946195260532	1
100675311559073723229	0.000232681183056921	1
110284647265862514444	0.0002326702078256651	2
103913809888527111702	0.00023246952425612117	2
107869642372835834055	0.00023217933249614593	2
114403979364136057168	0.00023216922173229684	2
114971448970801442794	0.00023207857939827194	1
110838167701520712205	0.00023199317548378226	1
108409966512130887558	0.0002319877473561875	1
107695178293694863843	0.00023188111098699794	2
105765300454932721164	0.00023186581293519135	1
117769032558011718736	0.00023186008102290447	2
106518536071105937479	0.00023163048497257022	1
113310933187570157722	0.00023161726125122046	1
111263765689084305480	0.00023159498863053104	1
104256046390246309927	0.00023153306910421174	2
117599539762680945739	0.00023150557000152158	1
113798198844216662312	0.00023126260457309247	1
103884843154949413644	0.0002312200016626429	2
102500710121496672443	0.00023120024518807002	2
110884014494616088972	0.00023120003755200597	2
113634296943872893827	0.0002311238305839051	2
109040275352792268350	0.00023100936549209033	2
115694173861709351323	0.00023092604075348284	1
110252485844473315445	0.00023086904320546013	2
111718018022624143076	0.00023084497736627796	1
100325832039912143717	0.00023077181285425881	2
106706096740773075923	0.00023059705226215974	1
109331668989395293075	0.0002305693394409021	2
106801291127083930594	0.0002305594481276912	1
102499710225940458265	0.0002304121078688217	1
115615319819630033507	0.00023040756260871314	2
115856688961902269592	0.00023018581259175508	2
102736987222365866163	0.0002301124717256175	1
105161433838355128817	0.00023005318304659234	1
116584112389347701588	0.00022980124035116675	2
105314067116199943882	0.00022959615298043934	1
117535887677634084937	0.00022947301122183984	1
113954820061432803454	0.00022940395802480468	1
100040621447440961695	0.0002293360810201564	1
115293137891569179981	0.00022927825976067236	1
106329564229612059458	0.000229109612447682	1
101832556425985536245	0.00022901199501620205	1
101336725040542920394	0.0002288036386579737	2
100584818713801104648	0.00022872914348048292	1
114323413414595303363	0.00022846296619371715	3
112589738113520754034	0.00022842158388591366	1
100870906078683909623	0.0002282788524632756	1
104815050291205218627	0.00022822725890551783	2
118073800010888128057	0.00022766554240925274	1
104480992884297451248	0.00022748633041328565	1
100748382336025217088	0.0002274114156582412	2
104516698291477982321	0.00022735497357212887	2
103127201376531395186	0.00022735497357212887	1
116087923084229575728	0.0002273058549095832	2
101465706043927957060	0.0002273058549095832	1
111501402615244893613	0.0002273058549095832	1
111063275060285516079	0.00022718643696083906	2
115400272737457705608	0.0002270155326739077	1
109916344231602788098	0.00022699407330994742	2
108820344848920293513	0.00022699407330994742	1
111734037887566690461	0.00022699407330994742	2
105152125414807222774	0.00022699407330994742	2
109192256324675137773	0.0002269102983302684	1
115844039306444602645	0.00022690225037165783	2
100040550700132989562	0.00022688730601944015	2
116811081630443095601	0.00022637063545132208	2
102007958997205087385	0.0002262607246602197	1
102997274792472360224	0.00022621922722058132	2
112010234993565047438	0.00022611196093778055	2
111903907615046915373	0.00022608714414375358	2
101306402688444650183	0.00022605607170855707	1
115722829851477319854	0.00022582764695312647	1
116896196880931536204	0.0002257812348681992	2
109339070487112465770	0.0002253821881019078	2
116543800252180161371	0.00022529814492238358	1
111093817681857218053	0.00022511701399237114	1
116907542919207388502	0.00022490747394928506	1
102417040095952316153	0.00022488444672260925	1
116244977268508647614	0.00022488444672260925	2
105062021525166335528	0.00022488444672260925	2
118419258318516805546	0.00022488444672260925	2
113062199363306905623	0.00022488444672260925	2
104453752977540089834	0.00022488444672260925	2
112898861999773266588	0.00022488444672260925	2
104009466852534069400	0.00022488444672260925	1
101325325148981933020	0.00022488444672260925	1
103762703738950145738	0.0002248295655811465	1
102792578373645223909	0.0002248119877699456	1
102089688125376718549	0.00022456861328112954	1
104766311982324283507	0.00022447153331395201	2
102184095512577290802	0.0002244586108786222	2
103072523726343626560	0.00022420133252504685	1
107999909388672048395	0.00022419513813137738	2
106460851365846339434	0.0002240449099878984	1
108981131304113823478	0.00022380779127786167	1
108125098466777608522	0.00022380779127786167	1
109126190883851717223	0.00022374594898952162	1
111835656067677731794	0.00022374594898952162	1
106076550553840952962	0.00022374594898952162	1
106020656672669350880	0.00022374086758564053	1
103552826056621198004	0.00022346121622497656	2
108582024615539513202	0.00022333838439549374	2
116882243503180629315	0.00022333355483187924	1
104286056463562229827	0.00022310026200168557	2
102846081679212347485	0.00022298299094706468	2
111518242569873171711	0.00022278795677248788	2
117371850375457404298	0.00022273440750928224	1
106530483749522759228	0.0002225140603194004	1
107114409500690033404	0.00022237806522699085	1
104039396550565479738	0.0002222463244602361	1
113525275004500522871	0.00022221544119700197	1
104371435528150921650	0.00022217701960933106	2
105496202656024274678	0.00022211868584151156	1
112490535570779975735	0.00022210045258539725	2
102501661842283380711	0.00022197586336358428	2
100174944347869247949	0.00022196583976386732	1
109290140154357105474	0.00022184475768004017	2
116022156544995620477	0.00022155901298970127	1
106005665195130711086	0.00022153751075856424	1
116333457055615297476	0.00022153751075856424	2
101132100131646524103	0.00022153751075856424	2
115006061098436117385	0.00022153751075856424	1
111835889355827820044	0.00022150836427742364	1
115400739861155362045	0.0002214047328352591	1
114732497498065312809	0.0002213972485020903	2
106854628669896656823	0.0002213559447422292	2
112741512878867878406	0.0002213393642103901	1
103275848612884790103	0.00022129793832755638	1
112306059068625832413	0.00022106097029960453	2
117875299329613038609	0.0002208080029963553	1
107897523848773321721	0.000220614413588204	2
105077128045308907894	0.00022048228479494228	1
106753049292900693083	0.00022040097324179487	2
113454623543862813177	0.00022024231670238968	2
102914568592211631906	0.00022024231670238968	2
110033297597049288311	0.00022024231670238968	2
103495531457133077652	0.00022024231670238968	2
104754116165905764716	0.00022024231670238968	2
104178037123360100799	0.00022024231670238968	2
102048983853049524907	0.00022024231670238968	2
112146712817578695637	0.00022024231670238968	2
100847518007610074485	0.000219531414017731	1
109889527669063449910	0.000219531414017731	1
106581666819726850339	0.000219531414017731	1
106096543469669410794	0.000219531414017731	1
105187867680252229908	0.00021949918135111385	2
114340245065231409693	0.0002191771750185206	1
110016093486037925654	0.00021849078580951433	1
111895349801038427546	0.00021849078580951433	2
101744967487493261521	0.00021845787326638376	1
106736454152362680097	0.00021838744264162925	1
102686993934175943671	0.00021827001530882808	2
107738500769207918486	0.00021819734013009217	1
117752662046127097349	0.0002178298998035774	1
104570009298196731269	0.0002178184880707554	1
115501533932028052673	0.0002175203703601473	1
108463672701594192036	0.00021740341568390764	1
114674760089178000230	0.00021740341568390764	1
104988663905380233631	0.00021740341568390764	2
106371489052530261375	0.00021740341568390764	1
100883473693193924495	0.00021740341568390764	1
114066994050508938681	0.00021740341568390764	1
102719310395232286938	0.00021740341568390764	2
109839671422818210987	0.00021740341568390764	2
113953067823760661233	0.00021740341568390764	1
108381837924186809382	0.00021740341568390764	1
108310575121017741175	0.00021730874001393553	1
111596638497278268890	0.00021713025413259634	1
107215822068934505751	0.00021713025413259634	1
110249283716633930701	0.0002170435149408769	1
110377937771422828005	0.0002166501928001284	1
103027055271148699549	0.00021643064793065318	1
107923242973666201553	0.00021626393031461962	2
114861661984499551200	0.0002162369889727148	1
113355045546664007372	0.0002158697388586695	1
111205767119760555700	0.0002158697388586695	2
106586062905250428243	0.0002158697388586695	1
115481497340870972170	0.0002158697388586695	1
115668910142005081942	0.0002158697388586695	1
101411557237369358022	0.00021577070642706558	1
110604075396229317429	0.00021577070642706558	1
110588263460639664028	0.00021577070642706558	1
104336928388778206711	0.00021577070642706558	1
110494755951504789018	0.00021577070642706558	2
104750088449691547364	0.00021577070642706558	1
116114637671954392571	0.00021577070642706558	1
101070766035462785293	0.00021577070642706558	1
110296174507909138134	0.00021577070642706558	2
112163482957100991885	0.00021537551452172353	1
112734244294361797635	0.0002152675061296476	2
116433417896433834821	0.00021523099531876234	1
115507789455103003229	0.00021513488779039726	2
102284148899941152293	0.00021502998602925075	1
115965968117957965269	0.00021491562852709721	2
115901553479872970817	0.00021473505669636806	1
110123773096612102856	0.00021463761123145258	2
103712524225990736234	0.00021457920541525073	2
117082367181440440444	0.00021455917946278718	1
111015695080350256820	0.00021444180453978899	1
116069261925363697853	0.00021444180453978899	1
113036685545904215767	0.0002144363632623534	2
103520919565871596771	0.0002126022551555581	2
111278083905797217630	0.0002126022551555581	2
100354266701684387771	0.0002126022551555581	2
114075757023666142753	0.0002126022551555581	2
116360387905769998738	0.0002126022551555581	1
106084052941186395139	0.0002126022551555581	2
109513812342681688830	0.0002126022551555581	1
113383116812587201484	0.0002126022551555581	2
103033484297290638468	0.0002126022551555581	2
103682615036601210611	0.0002126022551555581	1
113795873255618332830	0.0002126022551555581	2
114664172680250794506	0.0002126022551555581	1
105518357907241956771	0.0002126022551555581	2
105026963941434608011	0.0002126022551555581	2
106907920987019159968	0.0002126022551555581	2
117685858465075522068	0.0002126022551555581	1
102341169238536120372	0.0002126022551555581	1
112574760752843915097	0.0002126022551555581	1
114495016828747395218	0.0002126022551555581	2
101612519435706743932	0.0002126022551555581	2
105909304606495162073	0.0002126022551555581	1
102364769795033424704	0.0002126022551555581	2
114463126735863422180	0.0002126022551555581	2
116907818196444060024	0.0002126022551555581	1
100963999236085677830	0.0002126022551555581	1
116979591210080781703	0.0002126022551555581	2
110467824616241489174	0.0002126022551555581	2
112530390410504635027	0.0002126022551555581	1
102209113534919495470	0.0002126022551555581	1
106389287124272501058	0.0002126022551555581	1
106801665384152984834	0.0002126022551555581	1
117193363998322384034	0.0002126022551555581	1
