#node_label	#score	#gender
111091089527727420853	0.011901768010763595	1
106189723444098348646	0.0104470953173258	1
109813896768294978296	0.008034716041041131	1
107117483540235115863	0.007488461057975623	1
113116318008017777871	0.006430914355030395	1
110318982509514011806	0.006407864395972043	1
112063946124358686266	0.006370051069138903	1
109412257237874861202	0.005785958227689455	1
107753428759636856492	0.0057112932925596945	1
102178700954286324866	0.005519817866154646	1
101261243957067319422	0.005429811533635443	1
105076678694475690385	0.005156571977474817	1
101849747879612982297	0.005116905523232521	3
113612142759476883204	0.005059755332734967	2
107033731246200681024	0.005003125255282608	1
109074857816744029470	0.004770040585618571	1
108082478497335384404	0.00469679192480703	1
103171849011748425097	0.004630369904709558	1
113217924531763968801	0.004564270189727833	1
100535338638690515335	0.0045576478427160685	1
103112588675637065591	0.004453035430292728	1
102034052532213921839	0.0043905038000386885	1
109895887909967698705	0.004363503926714739	2
103716847685048716973	0.004356705332283332	1
116388668762198604003	0.00435626624582711	1
117421021456205115327	0.004218959396574298	3
105237212888595777019	0.0039827314356664645	1
103012564142649561853	0.0038133649114606236	1
105767865708024219801	0.0037925645076057903	1
106318111152683661692	0.0037257767689520874	1
115360979797396777969	0.003651735347731327	1
103399926392582289066	0.003648746192443235	1
111310990991240556038	0.0036091945739843657	1
109809835379677001002	0.003512753455412366	1
100523784851251213675	0.003506186311192704	1
113475277239647026452	0.0034569316977730727	1
113210431006401244170	0.003443528908622271	1
109174551750397653742	0.0034138363235806293	1
113247423264358423892	0.0033430028474357434	1
113364856660738963998	0.0033179198684427256	1
104987932455782713675	0.0032949107820677993	1
103907806627406122152	0.0032137567600374986	3
117730059940991287354	0.003123359827497352	1
108255750659110762991	0.0031212881588711583	1
111538009015644508967	0.003091197516617224	2
103130659537995939845	0.0030403427292899203	1
109908435403153802108	0.0030139888316922966	1
112374836634096795698	0.003004816481691005	1
102367169990784136666	0.0030046232647086665	1
100892500100144569705	0.0029941271712678862	1
112276589013569458330	0.002960478040568012	2
103325969492772452485	0.0028948191568399237	2
103861741370066605527	0.0028559446669988386	2
113117251731252114390	0.002785114314178735	1
110727249496967897430	0.0027788822470695184	1
107896527414017792767	0.0027705197060312855	1
115622466243011136115	0.0027527263224535275	1
118320665823821681206	0.002723043958458288	1
113920721823301219308	0.0027122472053906915	1
111654284395316165338	0.002684369671464987	1
114089069528015035598	0.0026747575727363057	1
112339769006469685593	0.0026546552437870146	1
100834378485895409468	0.0026451320294959813	2
116394575739281318169	0.002641258826594739	1
117377434815709898403	0.0026187513454343273	1
113164038788726940319	0.002582050652185097	1
112226108704688540728	0.002568962222749925	2
100612175927429294541	0.0025684568651400228	1
111499908439497508351	0.00250568765796545	1
116663982997041117781	0.0024551768801718324	1
100193529331792590881	0.0024125381155300552	1
118216759969087724610	0.002398523920253309	1
108091551972268210530	0.002396903038844875	1
112599748506977857728	0.0023702848580364143	1
118122556596388698587	0.0023606243524628857	2
100397511207083609950	0.0023527319177989946	2
102950386334793113219	0.002341683966157871	1
106591112842949957185	0.002315943084364033	1
104612091113514802664	0.0022564383805942813	1
106979372492552141708	0.002252504154977024	1
108865224681518296173	0.002249334268673529	1
105910977869522122580	0.002223472476554954	1
114274687956791581923	0.00221153466121459	2
108152786201218528136	0.0021942257745343457	1
100341021522735699734	0.0021786806114077236	1
114693106429955632649	0.002130658697151261	1
104233435224873922474	0.002123135927953295	1
117034807403884912887	0.0021228198120698963	2
115658896387238242974	0.0021197233008994334	1
101157515665197265493	0.002101142608630705	1
115047896996200277508	0.0020821578483573334	1
106078945425159812521	0.002076630816418638	1
111285782175840598932	0.002059015535992252	1
111666959095947698908	0.002051808240825843	1
117818363829980497205	0.0020429487917209364	1
117388252776312694644	0.0020319741770375046	1
116873605619141481480	0.002023095433338968	1
103233967921245494760	0.002001762886611056	2
100091195470102550762	0.0019646099015237506	1
110210972491686396800	0.0019519018196293345	1
102559200804713337506	0.0019083890535041954	1
103541694080221120019	0.0018975551950615168	1
115695578304416858659	0.0018708843519359248	2
106434073353360803681	0.0018682149858107123	1
112726038360301567381	0.0018661528925527089	1
102222722824849858928	0.0018287795501091227	2
105376842241046675559	0.0018225839983531313	1
113097276181543898574	0.001815290034000966	2
101057616370673656059	0.0018020541150922148	1
111138510438291281890	0.0017927406392249387	1
116805285176805120365	0.0017875397292758332	1
116594199576805510790	0.0017740824773076072	1
106717946845088683921	0.001770567844380948	1
101890763489079583743	0.0017631872846547185	1
109610954243983229925	0.001755091416650468	3
116205349749133086640	0.0017543668196113838	1
107026299993226528916	0.001750905266407669	1
104458801156000551882	0.0017498897160237818	1
108334318341392054568	0.0017288987547046336	2
108551811075711499995	0.0017272736319075403	1
109129654499278135352	0.0017203112871352491	1
104484219049883711215	0.0017139372945807585	2
114414450692051602113	0.0017126957480309425	1
106906694249072827398	0.0017000531194807298	1
103579304160477212496	0.0016971023392525345	1
113127438179392830442	0.0016956829161433823	1
102216887206636463918	0.001691648950378526	1
103207773865797007066	0.001668772724121811	1
101567641239571518754	0.001657055458293715	1
112364132652438722780	0.0016521471843947172	1
107132441412267024073	0.0016386310846524053	1
113544226688149802325	0.0016351986284773472	1
101235095970404720691	0.0016347162866971532	1
109051167482734565875	0.001632832548349648	1
109351399938437494273	0.001629915063784846	1
112707199408484711520	0.001624347866213004	2
117139907586011263319	0.001620218397733838	2
105037104815911535953	0.001617802225324386	1
110260043240685719403	0.001615625705385591	1
116214152295449083654	0.0016141345319330685	1
105863188856924083857	0.0016125673938793019	1
110655010437639508032	0.0016056270375318699	1
105720182363687923195	0.001600679884637579	1
114611527685763785467	0.0015892809926689813	1
109924523490220939961	0.0015751411008508463	2
111203177111013925515	0.0015715636343203543	1
114277687548103339609	0.0015687826996160022	3
111832530347449196055	0.0015570372927951423	1
107691215066783437198	0.0015392948069373916	1
107128631227082107398	0.0015358007073055882	1
116768967108862685383	0.0015178452618090108	1
112850950254504072129	0.0015177237311726174	1
107420422968461975442	0.0015037985927982642	2
102533732658641069172	0.0015009078316003865	2
117550971892000156946	0.0014980982566629307	2
116092342562393168390	0.0014960991421085821	1
114407290472947588380	0.0014851318871645725	1
114958816157363001987	0.0014732062468071979	1
110981030061712822816	0.0014648773511597062	1
101185406398932804414	0.0014526178054246853	1
115675748062237570841	0.0014397692385153152	1
108406016159589760228	0.0014368724789257682	2
101999611917463153647	0.0014317550418373591	1
103036608814734002706	0.001428804725023218	1
117693415411676715849	0.0014231165911575408	2
112686812022654710137	0.0014166015531939923	1
107980702132412632948	0.0014165416440098356	1
107653612581075530674	0.001414683644505866	1
117378076401635777570	0.0014131529911837078	1
102864603075591269997	0.0014067576711690134	1
107838676623404440847	0.0014034046878138883	1
110321775511217120259	0.0013900743279428207	1
108482743103405304468	0.0013854666414839943	1
114629508960670409934	0.0013769983645781595	1
116802117190197146689	0.0013765704439942647	2
108897363724526154071	0.00136690392723487	2
115314704721793037922	0.001364675722310892	1
115403621788538540544	0.0013576357587348794	1
114826457457941066820	0.0013553072559367419	1
117682024645575752797	0.001352934343131045	1
100258208745065110297	0.001348921891118657	1
110209787594312878744	0.0013427491420232125	1
104665574772836691928	0.0013412541953886927	1
100974258168375166691	0.0013338234606416343	2
114744510189908480227	0.0013190028967816824	1
103965582964444715563	0.0013146825730428816	1
100313449630224835004	0.0012943015649992651	2
100518377843427780987	0.001287403694088354	1
106032617394663510746	0.001282911164415573	1
117531531564039468512	0.0012811073459485002	1
103493459351957813291	0.0012802144936928882	2
111527837101258158939	0.0012782004270986956	1
100021025784352405813	0.0012768838364881194	1
113227252986293896064	0.0012705077974471022	1
100000772955143706751	0.001266224131468898	2
114474252347218597235	0.0012585801179781698	1
109192762341754846429	0.0012536907332633697	1
111012240823583431742	0.0012524418086479613	1
102944610657154936062	0.00125017056460834	1
108384201920217141722	0.0012452038357525321	1
105792974653067277317	0.0012344624187206618	1
102839963139173448834	0.0012297003470739757	1
110025177084709634671	0.0012296061469922962	1
114723964985237592593	0.0012227154792790774	1
105172830973111328846	0.0012143536554339248	1
106021262914257249762	0.0012129332393569147	2
117950453145750849911	0.0012008869853454465	1
116420879762061226015	0.001199463286962657	1
101262147826811866992	0.001197998702114317	1
107082593606402385292	0.0011917690191012198	1
100632170426734690257	0.0011904905904297418	1
110352049954858592591	0.0011899127576491834	1
108172009599607363531	0.0011839977894640289	1
114244914082871792125	0.0011786612875883192	1
101629211371073711149	0.0011782495564813696	1
107460400955464713852	0.0011773345230449454	1
114476892281222708332	0.001170781106360029	1
104482086818095930400	0.00116211055305971	1
107383157816966336384	0.0011570400782671406	1
117689362923608221663	0.0011542745693584276	1
117362177282595168386	0.001154132953868796	1
110720576611232766643	0.001153504767469637	1
106802084872920510496	0.0011493411748801374	1
102896689791899460747	0.0011460592068301776	1
115788203615961124571	0.001135843078331508	1
103952215474318614668	0.0011232945128051433	1
109299348960895456083	0.0011181009416041938	2
101962829696981365403	0.0011169122308534278	1
111978401270545934076	0.0011150848770463155	1
105813792265834303690	0.0011130342577201462	2
104215081746139431649	0.0011053890230238847	1
115242081056296652095	0.0011051139770709853	2
114853458007065354930	0.0010980455892272117	1
117297329295419308855	0.0010974109004964559	1
101336441946387245415	0.0010935395641249132	2
114892667463719782631	0.0010914244543255556	1
117599103108596130864	0.0010887125673485628	1
115037313319624350537	0.0010859486150683949	2
117490083650718194659	0.0010850928821312424	1
106749254706410187997	0.0010847392277785156	1
109193674823031718540	0.0010805831182995715	1
101169865857654555922	0.001078816558669953	1
106027609527831583580	0.0010787839127340813	1
103030116155431184588	0.0010729659004430465	1
107459220492917008623	0.0010701617076827462	1
116312861051138180882	0.0010654942341139224	1
107858226132224039781	0.001062376214089806	1
115193236884506869693	0.0010605280747099893	1
103765013042311928518	0.001059670043775975	2
111820719976283896771	0.001058408966303354	1
104731758602756396967	0.0010494235500429468	2
104961406012654314344	0.0010468134887823002	1
109602109099036550366	0.0010458662711980273	1
105616606109443088514	0.0010456731960435447	1
109946174927229272395	0.0010401000972714764	1
107797272029781254158	0.0010392198193191191	1
113524745665911089922	0.0010385594205861216	2
100750360421266047261	0.001036385278592677	1
103609242313555707641	0.0010360266428705235	1
100587561646339426146	0.0010326673396119299	1
112661262066626464523	0.0010197296261548554	1
108320076017192696836	0.0010188860032237373	1
100042105400303837110	0.0010165212058741194	1
103911183408644149411	0.0010150826624848912	1
106008941849648772680	0.0010144995216678325	1
112650348159434958899	0.0010139291045017228	1
108894779805940659869	0.0010108264137830372	1
115918125306643310533	0.0010057496770671213	2
113920684085515272676	0.0010031806918291274	1
118011150937226826770	0.001000825771429427	1
106660499961741445550	0.000998521047537867	1
108886384290148097554	0.0009970345553901078	1
105951083208800607266	0.0009957867790664965	1
112944532473909341307	0.0009943629331256214	2
116247667398036716276	0.000993303197513212	1
100075356758919993129	0.0009930790664743967	1
117283174365630308265	0.000992791684370581	1
109346934284284816926	0.0009927730888530653	1
112614367259340988369	0.000991160946137396	1
112026058728255591897	0.0009897421875989213	1
112969372099771127032	0.000986083601069237	1
114753028665775786510	0.0009853436580833977	1
113001073761536909453	0.0009812944614757818	3
116558562366390541447	0.0009800768847025207	1
114338217792003600242	0.0009718438002959256	1
104405539079062799451	0.0009702609537157839	1
111221480964536174264	0.000969300843612261	1
102945758979783986480	0.0009687810116143919	1
108178180066149902997	0.0009648372837264004	1
109800106410847822961	0.0009645431936278438	2
107945426404682361496	0.0009604162214956971	1
107784212140893392732	0.0009598856637878761	1
108034523839257798935	0.0009567393299696544	1
102814019596965765116	0.000954016687100683	1
111406933001277454718	0.0009533607096778461	1
111504766733019844026	0.0009516106921717906	1
110899709105002539146	0.0009509362308874795	1
100239357383983715731	0.0009486739068061459	2
113027837615023628132	0.0009482962036926144	1
114468593663912084118	0.0009475151353484373	1
103347290758775301384	0.0009407235483151544	1
102948679177783493401	0.0009350276624360955	1
105722900792713093105	0.0009321692868577069	1
111991876596496628445	0.0009307715556770205	1
106073502505833617615	0.0009282560494687255	2
114634469290344215480	0.0009278257470811717	1
114519877662741226877	0.0009265151781109466	1
100275307499530023476	0.0009257663135422476	1
106775609116257959283	0.0009230724530430265	1
109910390678756726363	0.0009220115946888455	1
115470071077898720170	0.0009208743029442508	1
111480413428119678209	0.0009181278111600551	1
116491285067171323298	0.000915780480813131	1
103697821787469756035	0.000915738794244785	1
101365156049054444643	0.0009141946738318814	1
112314888508967277593	0.0009114063026791992	2
102449949858490990934	0.0009110737477894459	1
113089996646628106127	0.00091044542128162	1
104487667381992067425	0.0009088517268979417	1
102698565860163989231	0.0009061363890906395	1
105969250795932291062	0.0008998002393574107	1
118415476422592578743	0.0008975451041569606	1
113835509938352188173	0.0008959567592487837	1
106478271434987235213	0.0008942446927136211	1
112336147904981294875	0.0008933494134784726	1
106229788723821153349	0.0008932280736980889	1
105459039689531835195	0.0008927149349066527	2
106914186897370535526	0.0008920299465639883	1
105556156212520020796	0.0008911773770130904	1
109410049853740963142	0.0008881289553811273	1
109031486518632696635	0.0008873568996650124	1
101023108591163366943	0.0008818182694194245	1
100375039590442232070	0.0008815401864843498	1
105247363018524520952	0.0008755818736057899	1
106421499646188057113	0.0008726864643294319	2
115673881208416151793	0.0008716706718013805	1
113349993076188494279	0.0008713165618031731	1
112750091316252656625	0.0008682621037021836	1
108652640482631482795	0.0008668758374558406	1
106493629342570608597	0.000864030299727855	1
104548306530057959963	0.0008638021625947094	2
114516047414042281846	0.0008604172374269083	1
111227574151447599461	0.0008595168505417087	1
108418315587103056537	0.0008555424828165809	1
103280468156635978844	0.0008531495302374108	2
115121555137256496805	0.0008503950038866036	1
108694322269563399860	0.0008497558636829505	1
107165093852558360345	0.000848521837789971	1
101994363144373671664	0.0008474830424498709	1
111825772685055991114	0.0008473453509008886	1
107656088609554509650	0.0008470635991664857	1
108919128138116663981	0.0008452271440385947	2
102337108560618763815	0.0008414950547855351	1
101127849472046131831	0.0008404487238698583	1
116909590449750618084	0.0008399072660908424	2
101269616518480136760	0.0008388267791726386	1
111262146038004038186	0.0008344434245540085	1
113881433443048137993	0.0008330877359746765	2
116811352610210135232	0.0008321479322342387	1
116792953962445337353	0.0008312165861966298	2
102469951620293509326	0.0008257428906191624	1
111930537960877583226	0.000823839572012124	1
110772209710911977955	0.0008217035426347414	1
105421360534824524100	0.0008202560870530027	1
110865989691505155360	0.0008184157432087899	1
105212076651611561309	0.0008177794486448479	1
100715328241636136414	0.0008170459901195088	1
108254994768513256657	0.0008145921635939663	2
117414240941443846478	0.0008095990044350818	1
111048918866742956374	0.0008090605532168279	1
108233028875375016776	0.000808107649896665	1
105807759993964978463	0.0008074842529587636	1
103150328351925153314	0.000804422529502541	2
112985463104483729127	0.0008038777922079213	1
116537345815762703211	0.0008028566908958349	1
101479244668199959800	0.0008021940880403062	1
105030465637303791249	0.000801456219474726	1
110318545394875008530	0.0008011821362422192	1
102079555934063753024	0.0008000700731605505	2
102989073624322904979	0.0007999043510469803	1
103255825090584164428	0.0007955740166418707	1
112002751904024593568	0.0007949879917798553	1
114738075629051960079	0.0007948072517339865	1
106445486315230745362	0.0007931109346313185	1
101951294740286010890	0.0007884761238537587	1
100125012078853567494	0.0007853510442981074	1
105076569159070683815	0.0007790701608560429	1
112028666405582179625	0.0007770698126392951	1
113627804166769379647	0.0007768557570018304	1
101231306660961225805	0.0007761503643661538	1
106500517318873656493	0.0007730063405887344	1
107101208158314368393	0.0007726290471377695	1
108503817414288157930	0.0007716913057131881	1
112728852089862207616	0.0007708646085322133	1
114831291174925522786	0.0007696464035493416	1
118112346708818508960	0.0007676070071303485	1
104947743178154254036	0.0007634892258852645	1
109139237014771009015	0.0007599397002725193	1
102834614007561141183	0.0007562464306055873	1
100349743543849719885	0.0007554068944046527	1
102728424893660965123	0.0007549850686328375	1
112444182697680730473	0.0007529040300060433	1
109195518707202683127	0.0007523294096155914	1
104013835962992611989	0.0007518465381147442	1
109106843297496158611	0.000750792799946331	2
104192008501436536872	0.0007507823227967099	1
104166683851434520973	0.0007493172267290859	1
101081750997452193114	0.0007488126238299769	1
104011213533731612611	0.0007482617345515264	1
113011991260557689823	0.0007463075155677909	1
104953626382313361698	0.0007437745476119295	1
110215372857969443518	0.0007410606958144007	1
102583849990761016900	0.0007403596708899642	1
107267095722524064779	0.0007403014138861828	1
114126118441356742729	0.0007379635804235385	1
117108447922509773781	0.0007369867477993474	1
100458071620246434265	0.0007365337460603966	1
107391346918211701146	0.0007362333991782535	1
114896892290324391860	0.0007325264179044891	1
104861455140173164919	0.0007281527923517083	1
103239655111676058756	0.0007272742139000273	1
106526452034734966566	0.0007267027101986976	1
114892703028341590446	0.0007261164720371131	1
100051691779523403652	0.000725640083091563	1
110792797923527485789	0.000725565302675305	1
111433245253472835474	0.000725130858393468	1
113512364761904452911	0.0007247057357831838	1
103077697604541281766	0.0007239785864858897	2
110933278795835298751	0.00072355613138786	1
104834129907874592944	0.0007228902787260079	1
110379434263550065795	0.0007226065818561112	1
108047613699294138985	0.0007209430276580351	3
107069657208835769440	0.0007177526216239994	1
102998696062504667685	0.0007158344995339938	1
106391505795084010894	0.0007156507818651091	1
118344481609730757471	0.0007123606494565354	1
110623746254439487621	0.0007111961095171109	1
110581693083408452344	0.0007086126838469182	1
114016697969349382247	0.0007037887164660243	2
106801123277860411011	0.0007037887164660243	1
113899310637703974412	0.000703646580697349	1
106724181552911298818	0.0007027995272055858	1
105207689891479566260	0.0007015932346835097	1
112408773440208776137	0.0007009803851662954	1
105209855889676456488	0.0007006084486778682	3
111557988109638065224	0.0007005491258484584	1
115785601687445616629	0.0006996243379091341	1
100238778462210489846	0.000697412013456952	1
113756014567052941747	0.0006965499744308786	1
115524852692828190898	0.0006947646697073051	1
100860607625286470922	0.0006936172008678316	1
116375847890292587823	0.0006926836836931851	1
102221942940843100503	0.00069101475228091	2
113082126848885774249	0.0006868056490338449	1
112999253285147253060	0.0006866524642360366	2
116063623328346676608	0.0006862443902244096	1
117114202722218150209	0.0006835413985349864	1
109681527157826275367	0.0006814352479106898	1
116963236140044523988	0.0006811129000857379	1
107439296467832903946	0.0006804401892598908	1
115174457819914037873	0.0006791086077048169	1
118331569604232438938	0.0006786760587334402	2
109770122122532409357	0.0006781066194729271	2
112047805398947513196	0.0006748011299739264	1
107342445128902420647	0.0006746391911544127	1
104265422458271861932	0.0006740366965349708	2
100290407917717250862	0.0006711162061314072	1
100738089189831118761	0.0006704305990501677	2
100570943621691880802	0.0006701094595232403	1
115376804135318461031	0.0006690644830160319	1
114313615710604492651	0.0006680650427318597	1
111775909611846609731	0.0006678706043351222	1
104108470253317688307	0.0006672265959699773	1
107542632252660344559	0.0006669466221388711	1
104179323350489956912	0.0006669191099997728	2
111030915700039774280	0.0006656186683513571	1
108568701262975419501	0.0006632720835311743	1
110141112835304053696	0.0006606595155784592	1
101892269165398528426	0.0006606058533556517	1
104681313125038107957	0.0006588114139555875	1
101670520258823517302	0.0006579284998848795	1
103049795721861200692	0.0006563957747589169	2
115552999294763744109	0.0006523829539189584	1
116426599319620195799	0.000650873008686917	1
108855200241623204226	0.0006503327589742924	2
113420422244530728570	0.0006502695116154046	2
113111731715139693250	0.0006497572827349241	1
100892411376421396254	0.0006494313939521931	1
114128403856330399812	0.0006491124725365538	1
111707854651652464890	0.0006487483299082799	1
116481445670176776088	0.0006484591803755722	1
106918696817758477211	0.0006471600862733698	2
118397406534237711570	0.0006456458498158143	1
107192195569453684660	0.0006455189077444884	1
108432909864222282451	0.0006448501254048384	2
103095210715429333548	0.0006447390664447916	1
101686894830378532020	0.0006443661259902504	2
107650271986223730197	0.000643218598378232	1
101975133966831452277	0.0006429053214200231	1
113093598958600969183	0.0006417403386331203	1
118292000513305131142	0.0006398580989975181	1
116491671324535118714	0.000638402423124994	2
100722422346737607191	0.0006369818606797363	2
113541743317822167165	0.0006357615487275241	1
113284787225540728296	0.0006347960945802514	1
101635778478816147846	0.0006327237388664766	1
103520907987098229443	0.0006303606396178111	1
113842444453130095060	0.0006288744933115475	1
112042758585313034250	0.0006264353885376265	2
112715893016592650608	0.0006254290747225003	2
101919728428437233122	0.0006240902705434312	1
100838276097451809262	0.0006225294842659966	1
101023852178007414194	0.0006212861744639683	1
100277158729208054590	0.0006212726307539184	1
106990869661427548133	0.0006193894007046876	1
114335601363343122477	0.0006190037882068612	1
116376026193090625040	0.0006187045129377592	1
106575945432505992012	0.0006177244915146771	1
117555990096315491864	0.0006167679266325511	1
117186458716523937136	0.000616409017424688	1
109854785137745177366	0.0006163661651424435	1
111903264144278356023	0.0006155182033147767	1
113348970451681522698	0.0006148799419017133	1
116940305523653374313	0.0006138812709976151	1
116756512638937817440	0.0006130284271693327	1
110694450299661318989	0.0006118208769114796	1
106620873921373880165	0.0006100351384741269	1
102060784065029072375	0.0006097340847070595	1
108502544742527327179	0.0006072165667790495	2
116825083494890429556	0.0006071826368190977	1
111051154018198848153	0.0006070186136573617	1
103339558400246918847	0.0006069718100529914	1
107656134628768818535	0.0006067951750637942	1
102175805501655310602	0.0006052199506344018	1
109590423597896078382	0.0006040584923040118	1
106947344095706000175	0.0006037668588237566	1
106975707959313051828	0.000601651979418727	1
114875588593485801330	0.000601425504949505	1
102798599339450967796	0.0005988379881793005	1
107006451657785892476	0.0005985059236966353	1
105574772736074475000	0.000597314145499031	1
116935055731344627745	0.0005963795459110268	2
104244326302398789616	0.0005963393120922148	2
116980162316472154289	0.000595342997481364	1
110808332396199370089	0.0005953394769294767	1
105628192186131306330	0.0005948303394402537	1
110255709702147736441	0.0005947906221533928	1
101025137707146490654	0.0005927753385009708	2
105086289130573705851	0.0005925391649090945	1
111712933100448299142	0.0005910664741284422	1
110458620781302154184	0.0005907080852200267	1
116143340835822342380	0.000590692757302553	1
112817227923667759331	0.0005906798518722712	1
109975101214478735406	0.0005904697798046388	1
100968948740458346745	0.0005847710792695432	1
107029192075743210845	0.0005846688751395253	1
113081506638830554414	0.0005845075743223808	1
105068177904528817630	0.0005843309254166878	1
107943855504806730298	0.0005842537960211306	1
106933972856076071655	0.0005836710420537303	1
109210006696205769848	0.0005823093735160033	1
110479591560176287829	0.0005806010570583903	1
102642221637909015292	0.0005797801829643111	1
110194202837364983840	0.000578357171458711	1
114035370826035889009	0.0005781196952045806	1
116563430395565838429	0.0005773516445278186	1
101360661542675321209	0.0005771993078747506	1
106091497304903838117	0.0005766606792750491	1
103768787166754207792	0.0005758662284633915	2
106012384354204806711	0.0005736541304835676	1
110890011478431283139	0.0005716150214849656	1
108347213589306492280	0.0005715427452438408	1
100441642353694045036	0.0005709708160413022	1
112632260187323187916	0.0005683951738732878	1
117352254268069170353	0.0005667022685186193	1
116544832827194797058	0.0005664759890915514	1
112630569434970633975	0.000565496826004847	2
109765074314342933278	0.0005653046270569398	1
105140286092296509644	0.0005648751758734454	1
102541295037745440355	0.0005646983353075173	1
108893052743238235905	0.0005632668035935109	1
106132136989360284442	0.000562443665889042	1
113924589090135670273	0.0005623688227411356	1
116536280894807729503	0.000561377778242719	1
108980742613825144744	0.0005605477132931249	1
109711721158856077787	0.0005586059116974394	2
106123426446035887282	0.0005583333742649863	1
112345958146857992786	0.0005575854656085389	1
105557068601771362265	0.0005566048416281483	1
107732802446301744236	0.0005551507038843453	1
104091074363216101372	0.0005544353423685203	1
115349337704406940923	0.0005535845580065078	2
100786264875843183236	0.0005533242459096401	1
102328436589025225443	0.0005529328522629279	1
100074919848611839400	0.0005513419942093182	2
115762948355957985448	0.0005509618197002724	1
104282453580753584553	0.0005503338672517637	2
101531659365871747713	0.0005494919018573049	1
100188811776456776373	0.0005485759014209706	1
111711459372494660861	0.0005482667875482926	1
101272594219524514548	0.0005482339810479179	1
102645204215549659944	0.0005474803228707899	3
101968685409431735765	0.0005472088132693895	1
100404855454941965896	0.0005467509380649313	2
114185630651978875466	0.0005459974945368313	1
113518569159616310927	0.000545997246134597	1
107301021663517671884	0.0005443396950198336	1
108082017714150543605	0.0005437269411103488	1
112255025268390584570	0.0005436678696954439	1
114981380818682574943	0.000541626588710231	2
113176574978001220563	0.0005407116935932389	1
117543941326442613324	0.0005400658964724943	1
113660720728875392533	0.0005400368220556516	1
116246752438718107482	0.0005398027119256792	1
116848436511235870425	0.0005386159963039138	2
115085763585829974700	0.0005382907489168193	2
113979082478074381984	0.0005382907489168193	2
111310046455974644071	0.0005359543927913135	1
104574524361701805449	0.0005345899508135219	1
108592111659880309890	0.0005343744989578431	2
101500176352351576992	0.0005336715240405639	1
101582660282526108322	0.0005336486015279493	1
101114877505962271216	0.0005335171920559261	1
105261505658161301209	0.000533108114922771	1
106993790975969476239	0.0005322244589247744	1
108576950625288563489	0.0005313969053186373	1
100084435888689056964	0.0005286591572822759	1
102381449495144889203	0.0005279238273510356	1
104319701938100393265	0.0005273058059791951	2
117677434193419083498	0.0005269679141095049	1
107703249790151669926	0.0005252323909179822	1
102653899922878443943	0.0005231090982005663	1
117484946558916657452	0.0005221373168661345	1
113375421475596366370	0.000521560417170241	1
112518523019594203107	0.0005215174970689053	1
103564230838018928961	0.0005214867018982425	1
118099704406650313741	0.0005202178772154497	1
104464509525006371077	0.0005199538463972651	1
100924275668367170148	0.0005189754101468675	1
102875613975512567286	0.000518757158595718	1
107988469357342173268	0.0005185579420781229	1
117500723574087130516	0.0005182775050825913	1
113143203855389025652	0.0005179773050243278	1
101722742986413804160	0.000517349548774096	2
115143221847216992108	0.000516162452932992	1
103755244752518123564	0.0005160170382477655	1
105645854458683725897	0.0005159810745498926	1
113146799877690470424	0.0005159358446957437	1
113514826776987713071	0.00051538395876773	1
104432219946693121937	0.0005144141215221005	1
102741329165616292856	0.000513089487678029	1
115130814635864712015	0.0005126568538425958	1
114343179513455521033	0.0005126568538425958	1
118076746298952458510	0.0005112900674972773	1
102696015707495721485	0.0005112656751130397	1
107062352737953455377	0.0005111355581943488	1
116956744260902146234	0.0005109924747478334	1
109518328768098946778	0.0005109198072247304	1
115993764260054148321	0.0005087103190378503	1
110765037159669773691	0.0005086751825898818	1
115072043621918562370	0.0005069242912412366	1
109599454747399536554	0.0005056762085357837	1
117299144354007499017	0.0005053258842575439	1
110870848357858768812	0.0005051067019033979	1
114393702004749953015	0.0005028866213386691	1
113626519008671921974	0.0005021433392293419	1
108062075979880389556	0.0005009283273459295	1
114497068161438955067	0.00050091588390708	1
113546787634633367622	0.0005006094414853566	1
105709083169353686738	0.0005005905497187168	1
110712561274580378791	0.0004994755652684744	1
114897998354855971522	0.000499320187366455	1
105403365081561344660	0.0004991734006636298	1
107288584080985429021	0.0004990323317562893	1
102082383403038732632	0.0004985033281725985	1
103764416463278487384	0.0004981371741567797	1
102439583491950153532	0.000496247635622865	1
101737255974887534884	0.0004960305843784877	1
100192309543043196568	0.0004953922863025727	1
116829758328797782549	0.000494860076475246	1
103926020557781274841	0.0004927290276982208	1
107009632192481481425	0.0004925745552271831	1
107399236458416208559	0.0004919415119025582	1
108246942831872943995	0.0004916342304361229	1
104463201086739481124	0.0004915566703067907	1
104501847119005813053	0.0004911407264098252	1
113291937019545810374	0.0004901080618037395	1
109206112446829801615	0.0004899451931954656	1
112924888792635085586	0.0004897389253477533	1
108080068262939211404	0.0004895552759899973	1
113879793828770728039	0.0004887616023460567	1
113115642206299816868	0.0004882836807503497	1
104764198267567410759	0.0004875296390932848	1
103550598777429990102	0.0004871760868047436	2
106929796955635022633	0.00048614524553030377	1
111171774279922268425	0.00048602274151650165	1
116271825444450444610	0.00048532565365087187	1
104208263667709746749	0.00048449514636519605	2
109152547628400074571	0.0004840340187775551	1
103290988027548186402	0.0004838569039883472	2
109607035479431646740	0.0004831277553673343	1
108719090649071657338	0.00048256288314813515	1
110114935716311099739	0.00048245001385104183	1
100451383138162917873	0.00048220389402335465	1
105400383594375625814	0.00048175944364642364	1
117574356623680867920	0.0004815462652511624	1
115892016102825426276	0.00048069843752667255	1
103814888866762876902	0.00048033022343358376	1
108426520491342494542	0.0004795090689970722	1
107733223155249215242	0.00047927117319327106	1
108466870039650470305	0.0004792620185840338	1
117300752739997658443	0.00047913864001707844	1
115708904388040585813	0.0004790602992675206	1
109411771538134358471	0.0004789218814462026	2
111527560562051700295	0.0004786281751005035	1
108846998869637201361	0.0004780884523540245	1
108135977305143310616	0.00047732199141987497	1
103184754073491080901	0.00047617830342851745	1
103370308241935002349	0.00047606616748872567	1
104593473419876783839	0.00047366888259007254	1
117370659306066821697	0.0004729448431881444	2
100029155361912085711	0.000472394193488021	1
118430296046839877492	0.00047236864845631146	1
111902435909328987615	0.00047024543096924504	1
112453007571345405216	0.00046999369647282406	1
109147614746022635692	0.0004695968828256831	1
103740417113214720878	0.00046949977797071607	2
113397118102523602405	0.00046698984217539784	1
115689131085396901367	0.000466982589050562	1
116267384604818495277	0.0004661679233069451	1
110347952141688362492	0.0004660294697567493	1
113539890338733653406	0.00046464750659803023	1
109539283464395605833	0.0004641439864866815	1
114131994632283189651	0.00046322951094424634	1
109647414478579447218	0.0004616486981284307	1
115043778501969048897	0.0004614496685706417	1
101442751612817059806	0.0004612469825280874	1
106170322008018813887	0.00046026479048525077	2
110139774034181396975	0.00046003797014924653	1
108662718822048224321	0.0004592079166725682	1
110422080214945443369	0.0004579491130120844	1
111781928309023887442	0.0004578163834904277	2
106102531195950618267	0.0004578163834904277	1
116721353243828482346	0.0004566151581002928	1
104234493106498742164	0.0004564705531182403	1
112916527294444385156	0.00045585231225566823	2
101434739192197827785	0.0004555431835743441	1
113224326270049840069	0.0004546997828193199	2
106677933862286361195	0.0004545917577424352	1
103715187986919609740	0.0004545066477324891	1
104902300019867639252	0.0004539806734010852	1
105634135002898488726	0.00045343924214977504	1
103279991394848492466	0.00045302404061722557	1
105461021142321851341	0.0004522119668193776	2
117524129930307199060	0.00045192101052868376	1
101179785163459665425	0.00045172144430111227	1
109525220284981558238	0.00045161318278300413	1
109169756610894242421	0.0004514711997163529	1
113468937158877720503	0.00045123772505840503	1
116817338726035926918	0.00045018770504111507	1
108623241107635805071	0.0004498086645072386	1
103456272985377933748	0.0004496869919368211	1
104436379622461086947	0.00044951156916347697	2
114851143721686892410	0.00044915540657998145	1
118396779372324126204	0.00044651464617999836	2
117910049731484591864	0.0004462721045473971	1
100035547964391705267	0.0004461047616701034	2
111591792982497926027	0.0004457311198203383	1
107473195886886292437	0.0004454654002009724	1
105638035132192474170	0.0004452869972121132	1
117367145157619963800	0.00044510615003751634	1
107427974268380977385	0.00044478767500803534	1
107425401950758184448	0.000444070076395513	1
101588482738379761092	0.0004440639103588501	1
116459519938174752521	0.0004436435449112522	1
118230746934584079131	0.00044343649322268124	1
108655621696213706147	0.00044303687631679306	1
109715941630456469625	0.0004430154053290753	1
103647928455294277946	0.00044150954208684295	1
107973528337861416233	0.0004412235975082788	1
112399767740508618350	0.0004410457947105759	1
111910200485959385328	0.00044098786849813994	1
102280752729695842272	0.00044062975947162605	1
115687032592268553322	0.0004403557157215446	1
106209094867943078908	0.000439955387720738	1
113637505870787384516	0.0004395676168211828	1
110423756011149599570	0.0004392909620637532	2
115423900555666892711	0.0004389774279304269	1
112294087882400089697	0.00043892646302448097	1
117204007711056468256	0.00043759943151494015	1
116981446392992180062	0.0004375137518297543	2
111728892465272823131	0.000437198924912052	2
107776381757881810293	0.0004362404555456404	1
104199247853030480536	0.00043595615744298154	1
110135934714655831184	0.00043571181841020265	1
100338800222182203958	0.00043560691022761285	2
117570236889242256660	0.0004350864440843741	1
116957030990804631001	0.00043477030939423697	1
104732676147747847819	0.00043436658558586896	1
116347541240373581195	0.00043420589595524517	1
102445269714783980803	0.00043416097599759086	2
103765916443845549744	0.0004335177111039721	1
102891480829614546279	0.00043281074534308375	1
108030555378117284931	0.0004323887096366627	1
114060492157216568479	0.0004293290853764832	1
105188994860764487473	0.000429172687822425	1
100396099482901901578	0.00042894050352146904	1
109140471608038321304	0.0004289331560813264	1
107149171458182879545	0.0004286823561206397	1
107948437960557548607	0.0004276958758230123	1
104134524360138557350	0.0004266329219153192	1
111107665026656718495	0.00042656242414616623	1
116565803711654776107	0.0004258263123132091	1
104555268656029548950	0.00042534421292899065	1
111535278902365303107	0.0004248627397160736	1
100507603996779895224	0.00042475669552449296	1
116082161859384164954	0.0004242770971099539	1
115513641410528683843	0.00042394826143211906	1
109808728734663042267	0.00042316204299966295	1
100541351182813566938	0.0004228823704773846	3
109295802357945949591	0.00042284029145101454	1
101849510083241705372	0.00042277911850600424	1
116061200364887079730	0.0004226750618098181	1
100221584345513662585	0.00042232994816169086	1
111755086974313388364	0.00042161378499624	1
113311736332375450968	0.00042141632436511016	1
116085258171029087307	0.0004212570630911665	2
102084868861345752741	0.00042113002646663967	1
106051298324143935457	0.00042113002646663967	1
108172938954229858086	0.00042027895156008366	1
104905464119184269023	0.00041981552766471496	1
111542399960172391393	0.00041954339667147917	1
111955041561921964772	0.0004192154353513003	1
114074126238467553553	0.00041910304863442704	1
116350407607252204741	0.0004189868862178641	1
110382868498576404279	0.00041855734480021606	1
107720861800506868873	0.00041820091340600066	2
103249734675156641883	0.0004181502704074213	2
115583343987670698513	0.00041785488553537626	1
116984612302308681106	0.0004170335196399125	1
104158259622625931441	0.00041667156806311	1
111748113885183560250	0.00041641792996656733	1
109463793347920104139	0.0004162260661131499	1
105855134483756392905	0.0004161560420683076	1
115097859400552969730	0.0004160165786450779	1
115583579225258759164	0.000415954081743889	1
114409941429106157049	0.0004143832583426642	1
106435145640610284731	0.0004142171728763519	1
114965595795569223043	0.00041409530881824307	1
107531210484927482397	0.0004140697117921268	3
105024011921606888854	0.0004136209308406828	1
101145693289264818157	0.00041326051225072517	1
115930822761564967872	0.00041275706746927044	1
101096085464568478217	0.0004125627739330127	1
111495697937367997962	0.000412470540260932	1
105937359144973983227	0.0004119416143158473	1
117033421772248657862	0.00041176001394500254	1
109419846705151854266	0.0004117484327296299	1
115685890766198677436	0.00041174240946223136	1
101915227705460638776	0.00041169326308633297	1
116708037648384852257	0.00041163494784830074	1
115502979659428614535	0.00041127836064767557	1
114282230601540228190	0.0004110181223540717	1
114394213436713645959	0.00041099892915071105	1
118002627215006483459	0.00041087370166967833	1
110530333958907802809	0.00041085932278436734	1
112839884567480120690	0.00041038570196448175	1
113561116583285628335	0.00041025963123991527	1
113180815516125966443	0.00041024029373085954	1
112298902067485082680	0.0004102339201309267	1
107753552544179958164	0.0004099571201845403	1
102065660372783510384	0.0004093865295174544	1
105213224313325344647	0.00040909294781774915	1
107538135338212958021	0.0004083758430185103	1
108683878610555901209	0.00040831282834501067	3
111645880250517926373	0.0004076465625455525	1
113027056058711184901	0.00040735872385115157	1
114595145608619060970	0.00040730649465463677	1
114700331458625787598	0.0004072888822634076	1
117056680255521421792	0.000407142003578107	1
114983252637433706962	0.00040596456525745047	1
117797610290108579726	0.0004056713423091213	1
102172920960859510808	0.00040565907170732996	1
105111432837092475496	0.00040559153852424415	1
109352425140418608631	0.00040534549048322103	1
103280858706344913389	0.00040530708606926916	1
118045271105923597276	0.00040466526369453253	1
106861622399636425616	0.00040465306492993246	2
111048331664277712371	0.00040451159167575074	1
110571674800599187165	0.00040438963270275993	1
115785332588898750064	0.0004040151153537552	1
113133408360173652323	0.00040383457562077565	1
108278594964305884080	0.0004036797163455977	1
118081383487970670449	0.0004034977118795818	1
110169982207423433608	0.00040334153378626783	1
105784226442147292629	0.00040329842606875153	1
109860872189348503591	0.0004017568300646912	1
112440452969011492538	0.000401633500794777	1
106264927229847267760	0.0004011992908783835	1
103011302115186191828	0.00040111316047063107	1
104749139271099276189	0.0004005558025434659	1
115370276063235837914	0.0004005558025434659	1
106212404479280253365	0.00040035876664311365	1
104807707676075308449	0.00039912618424189824	2
117478087822588571590	0.00039909127648898965	1
110959769185387219416	0.00039879288665815236	1
101858015228374245943	0.00039879115340580153	1
114189060316578419831	0.00039866233873460193	2
112938759017605010116	0.0003984231185204818	3
110128437365815055474	0.0003980333802674369	1
100282148189613899804	0.0003980333802674369	1
116882502495918843508	0.0003979807247572062	1
109713401168000155189	0.00039776154214339377	1
105374920856531167334	0.000397166998098492	1
100677014976835983130	0.00039713056230643214	1
107222193671570617875	0.00039681657446610194	1
109231235862346000545	0.0003966500758046118	1
112047854002173273505	0.0003965233289056372	3
104024067923398140184	0.00039632150827443913	1
114957168493841017650	0.0003961202822978204	1
105236923742641264436	0.00039604550428756373	2
104500934337927363318	0.00039558889748028697	1
112748436364823982231	0.0003952632710486081	1
106986836604077741635	0.000395089281216342	1
114742186484041475883	0.0003949548669378613	1
104192746898245336983	0.00039476723122181624	1
106598818692814468496	0.0003946224690677461	1
100659176559657364492	0.00039458554433142204	1
116237419458231414183	0.0003944339753693693	1
118016037300668734948	0.0003941286412045136	1
110621067379100924619	0.0003939992159502248	1
101593064197379464085	0.0003939796410486666	1
104838645670093739356	0.0003936880407142259	2
116109157243266259455	0.0003936880407142259	1
117430090148078244868	0.0003925418717762474	1
107422778697510876292	0.0003924705409326215	1
105756994675004889527	0.0003922697185649807	1
111400017011705209674	0.0003921661024944364	1
114215499264233179849	0.0003921117965463421	1
107195212023404839277	0.00039186599567530406	1
104219703867174271898	0.0003916049081172092	1
111638456750519545234	0.00039132154618722655	2
113196699978365722583	0.00039131716516492175	1
109748422684423173396	0.000391257040543201	1
114589813805230073462	0.00039124442670729565	1
114766624521543225421	0.0003909180511154219	2
106784547902540329583	0.0003908798656771145	1
101466813126468679022	0.00039085445945070155	1
101709787324608912044	0.00039059424064859797	1
104444145720612476375	0.00039056643940926794	1
103471889304210930424	0.00039005370755092753	1
118241374128316457537	0.0003897847887628591	1
106491816617284587079	0.0003897055694631626	1
111349922477521141362	0.000389580744510578	1
105386912141394360208	0.0003893558384139857	1
110225911756674968500	0.00038796760244427667	1
111908362174008068069	0.00038796760244427667	1
114322232646184742781	0.00038796760244427667	1
104357301450000070261	0.00038796760244427667	2
115708544848334371840	0.00038796760244427667	1
114898584831126076129	0.00038796760244427667	1
117337359015265357350	0.00038796760244427667	1
110988491516623325832	0.00038796760244427667	1
103612571082619355927	0.00038796760244427667	1
113500180194736428373	0.00038796760244427667	2
113021390417544454654	0.00038796760244427667	1
102016773432755311304	0.00038796760244427667	1
111982420751495601098	0.00038796760244427667	1
112987322171152039400	0.00038796760244427667	1
104504499861011661802	0.00038796760244427667	1
107582736610598420678	0.00038796760244427667	1
104739865587392453999	0.00038796760244427667	1
108647573831112960980	0.00038796760244427667	1
111521509579247397418	0.00038796760244427667	1
109071454071795464556	0.00038796760244427667	1
111594745227571269500	0.00038796760244427667	1
109882070753417861612	0.00038796760244427667	1
100845892414440741140	0.00038796760244427667	2
109279589967218355252	0.00038796760244427667	1
113931037359289886676	0.00038796760244427667	1
101741395274886090530	0.00038796760244427667	1
100540911697378203443	0.00038796760244427667	1
105651482279611254611	0.00038796760244427667	1
101796877758143681509	0.00038796760244427667	1
116963528230626721193	0.00038796760244427667	1
103234991147564668451	0.00038796760244427667	1
112285638589633018131	0.00038796760244427667	1
100552858670526220450	0.00038796760244427667	1
113441215302524243220	0.00038796760244427667	2
109021282933370248533	0.00038796760244427667	1
100785948737211942196	0.00038796760244427667	1
117956604772011377282	0.00038796760244427667	1
118422776697403723883	0.00038796760244427667	1
114986237302566777398	0.00038796760244427667	1
100785896100586128446	0.00038796760244427667	1
103298227519567812213	0.00038796760244427667	1
110243917939351942900	0.00038796760244427667	1
113127503392775982325	0.00038796760244427667	1
