#node_label	#score	#gender
111091089527727420853	0.007000169461179776	1
106189723444098348646	0.006637353542909313	1
113116318008017777871	0.00545177642626088	1
107117483540235115863	0.004987815492370547	1
109412257237874861202	0.0046631867733778615	1
110318982509514011806	0.004642205390415902	1
112063946124358686266	0.0046134479573025355	1
118207880179234484610	0.004215696317632666	2
107033731246200681024	0.004132936575133037	1
109895887909967698705	0.004090293522901346	2
100535338638690515335	0.003986620293876603	1
107753428759636856492	0.003955722374304438	1
104987932455782713675	0.0039166790660771	1
105076678694475690385	0.0038247031576039195	1
112374836634096795698	0.003543533372545862	1
117421021456205115327	0.003512782827699541	3
102034052532213921839	0.003485028294279786	1
108082478497335384404	0.0034094803992328654	1
106318111152683661692	0.0033796486399910275	1
103716847685048716973	0.0031447827871064113	1
111310990991240556038	0.003100419016400132	1
113210431006401244170	0.0030030987769625803	1
118320665823821681206	0.002991208161441191	1
100612175927429294541	0.0028499099334404025	1
113117251731252114390	0.00280401823214187	1
113364856660738963998	0.0027954975878781776	1
116388668762198604003	0.002772701843583895	1
117377434815709898403	0.002658152945424829	1
108176814619778619437	0.0026253192609572823	1
115863474911002159675	0.002616468677079052	1
113247423264358423892	0.0025016948589828133	1
115622466243011136115	0.0024766706518618113	1
103861741370066605527	0.002417590590750083	2
107896527414017792767	0.0024021681951314354	1
112276589013569458330	0.002320137058357483	2
112339769006469685593	0.002218780893265596	1
112707199408484711520	0.0022088474989806262	2
108384201920217141722	0.002207641269572545	1
109809835379677001002	0.002181064881564602	1
109140277806644720261	0.0021528607146351713	1
111499908439497508351	0.0021519505843965096	1
101174951617223562800	0.002116166897924877	1
100834378485895409468	0.002084523353692007	2
115404182941170857382	0.002006538577231937	1
103100496883422151101	0.0018936839546192573	2
114618043230336563405	0.0018919102807967996	2
106078945425159812521	0.0018330349600441246	1
106717946845088683921	0.001827956817680141	1
117388252776312694644	0.00176142383900198	1
112726038360301567381	0.001760925968841371	1
107982618909749811163	0.0017278227857912868	2
100974258168375166691	0.001687052643713405	2
103399926392582289066	0.0016825479901525558	1
110352049954858592591	0.001666546754966921	1
102615863344410467759	0.0016447380198698085	2
115121555137256496805	0.0016440018458581784	1
114407290472947588380	0.0016201851758124693	1
105037104815911535953	0.0016111426225958892	1
100258208745065110297	0.0015779718615708317	1
103097764320602190090	0.001572361292170127	1
105822688186016123722	0.0015636859121669195	2
107590607834908463472	0.0015195451602873944	1
111832530347449196055	0.0015084990973677705	1
102559200804713337506	0.0014861392225653466	1
100771715351072186974	0.0014559384171905826	1
106772544387169323774	0.0014368291180000342	1
110899709105002539146	0.0014340388836797393	1
102991700177087923792	0.0014297169996397433	2
107707592416977920764	0.0014285074086780919	1
105216491640488683417	0.001410909775801598	2
118301801570268856235	0.0013961383658530418	1
114629508960670409934	0.0013768223961261644	1
111288574156818690676	0.0013662068955497826	1
104390246098751387487	0.001336745409446753	1
114122960748905067938	0.0013353421030746473	1
111048918866742956374	0.001326469658379419	1
103226166584311556924	0.0013194252747451563	1
108897363724526154071	0.0013006200321343993	2
102420421725069396072	0.001299288853084993	2
107004709693477987496	0.0012827944601317544	1
114144561369449816821	0.0012692368815503767	1
112218872649456413744	0.0012616163545798905	1
104961406012654314344	0.001255495846565501	1
102366211018261594737	0.0012427423415605028	2
117597061540365781107	0.0012406625023111313	1
109602109099036550366	0.0012384437357419328	1
115403856867272859027	0.0012300991698032217	1
104013835962992611989	0.0012156128423577136	1
111058843129764709244	0.0012061551535485111	1
115739378269261680935	0.0012033723673581715	2
108694322269563399860	0.0011899956655601542	1
115459243651688775505	0.0011855514025695933	1
103952215474318614668	0.00118054835984375	1
115655034901162574758	0.0011800646960384903	2
104405539079062799451	0.0011784664732969637	1
102370347732140106252	0.0011753983766857794	1
105046530334806680420	0.0011748494198934505	1
114519877662741226877	0.0011739114866872518	1
112326867483489579883	0.001173765823734186	2
116640923223897011110	0.001171683556544187	2
117841284165024027243	0.001168059898730114	2
118249005460047214792	0.001165141753067622	1
103438332263642514693	0.0011610078066236825	1
102871123574468799566	0.001135085094815358	1
100587561646339426146	0.0011284859953449094	1
104147032621576433590	0.0011141977294931572	2
114753028665775786510	0.0011085271609452489	1
105248484118148978714	0.0011080976572071526	1
100651621769656849775	0.0010876014609285914	2
107742059751171695340	0.0010871257326932678	2
113524745665911089922	0.0010832280224944075	2
109193674823031718540	0.0010830354325035991	1
107192195569453684660	0.001078620712914702	1
112336147904981294875	0.0010747148820868613	1
113806314825655138485	0.0010745654489093036	2
112072934052683456906	0.0010741488368149373	2
114149296801704936672	0.0010684301968015258	1
104973761519912571719	0.0010299056894720177	2
108065304398648112883	0.000991678286618497	1
111737932039524866299	0.0009869362840262614	1
110581693083408452344	0.00098337093791507	1
100482942881898107570	0.0009757567619157819	1
112931539494181042672	0.0009746800886465624	2
103150328351925153314	0.0009740513099670749	2
114834647370494857382	0.0009688361574941675	1
104323674441008487802	0.0009679231685368046	1
113842444453130095060	0.0009639664842275267	1
107459220492917008623	0.0009596881108885991	1
107342445128902420647	0.000958140701275749	1
111480413428119678209	0.0009535343246516639	1
117484352468587338564	0.0009529149266048894	1
103546926925384214533	0.0009516374515735058	2
109596373340495798827	0.0009473381176347774	1
101844248571144042569	0.0009468487369758121	1
100281903174934656260	0.0009453905625087923	1
114516047414042281846	0.0009446180004839986	1
107650271986223730197	0.000941752943813213	1
118370548304204473212	0.0009397829118737548	1
110047629741042205856	0.0009393306961325248	1
103030116155431184588	0.0009369266479621417	1
102218502614021519543	0.0009331298133151513	1
111818863627248751353	0.0009326113357562204	1
115777169768345614675	0.0009318359648015906	1
113531415437983740096	0.0009289978992682042	2
106775609116257959283	0.0009232285474802993	1
105390485883966445268	0.0009207901968810188	1
105489064367742025310	0.000917407004162381	2
114848435876861502546	0.0009154834316382073	1
109397461154116413309	0.0009111937042869758	1
115106448444522478339	0.0009092772210301052	1
113593501038935994355	0.0009063306013535981	1
103333429938529668020	0.0009022717098879226	1
111361201906254029328	0.0008976038602623072	1
109667384864782087641	0.0008955078146591607	1
118246412183062133215	0.0008935100588212063	1
118146622799388835070	0.0008921609469738985	1
106912596786226524817	0.0008910914553218561	2
110809308822849680310	0.0008877631407025943	2
110025177084709634671	0.0008866323694794963	1
111769490746901950661	0.0008852332869387037	1
111101593428695421603	0.0008844387945516345	1
103636214904400746295	0.0008836044945161961	2
114893401725193022038	0.0008791892133587667	1
115314704721793037922	0.0008781340144542061	1
116931379084245069738	0.0008766503019973419	1
109899289749426927448	0.0008760440019959272	1
105616606109443088514	0.0008757277204988832	1
107354758331405644147	0.0008752381574530651	1
108896556048763968559	0.000872451131408361	1
102001774674190160714	0.0008721725852325272	1
110515467505143177927	0.0008680805430885932	1
107066609145001672622	0.0008489552024917508	2
111532818340136087829	0.0008475655339133471	2
106002545837976723927	0.0008451997502648997	2
117877432795779055982	0.0008440648601623576	1
117078929621673758896	0.0008422314821740864	1
100125012078853567494	0.0008395585029519926	1
100025536618853941891	0.0008370126470989179	1
106382433884876652170	0.0008360745986677807	1
103958441795544241153	0.0008340644921187451	1
105164570509765092084	0.0008259617821218179	1
107797841320768724118	0.0008228110162171215	1
107495401691428541405	0.0008210405644080323	1
105923444935781830787	0.0008184973320779455	2
115785601687445616629	0.0008156977461911928	1
105380789526486529070	0.0008145791195058804	2
107155666869509300116	0.0008116177660961559	2
114338217792003600242	0.0008084198279340183	1
107828564012543852080	0.0008035530593127618	2
109177683659525760187	0.0007964106502913696	2
109201681846030076792	0.0007963067174465643	1
100382758901355515850	0.0007961456184947255	1
109770122122532409357	0.0007939567692193681	2
102618047349606277909	0.0007926539513212357	1
109969779660139278806	0.0007924008613847519	2
114125059648511830046	0.0007904735729209421	1
109027288459519863918	0.0007899875944146258	1
104028329852681318179	0.0007890922567223245	2
108178180066149902997	0.0007890868254818283	1
108542426628002931624	0.0007880168602710416	1
113010729939949185045	0.0007854551760577929	1
102538905206519918173	0.0007809342250434995	1
108007903544513887227	0.0007801888038546068	1
113418554594512897845	0.0007798427949381732	1
114579585661410116649	0.0007794366647815459	1
118239708588385194858	0.0007790888551585165	2
101119568117646041384	0.0007777607070710139	2
110538901086027880345	0.0007727907086775999	1
111372220218982190595	0.0007718941771504954	1
113089996646628106127	0.0007695800139890143	1
103135699585421857716	0.0007681789382818257	2
107538503004482952974	0.0007679602868185008	1
108792139184701213826	0.0007674316199912207	1
109886901283528651599	0.0007643244896924431	2
107870814404374398047	0.0007638245653908947	2
104846472501579099769	0.0007628678079488074	2
103200491340117663153	0.0007619428804833493	1
114707910756425953932	0.0007607890396945857	1
102235836543922327908	0.0007593174576535657	1
117052107038197839303	0.0007539665914117726	2
104328553869453938019	0.0007527013429035065	2
114873779025309870329	0.0007497424203011425	1
116166660014087779586	0.0007482414874853823	2
103482597835543369404	0.000746347052801016	1
110387558437847558927	0.0007408464470361712	2
103095786308890475164	0.0007394002660706606	2
109410878385939067590	0.0007387068262368899	2
105119763784866168573	0.0007378270759302466	2
107590093667978669374	0.0007378033282765784	1
108719090649071657338	0.0007362317157882554	1
105574566053602019710	0.0007361479865195773	1
110897184785831382163	0.0007345573743414839	1
116143340835822342380	0.0007332536985460996	1
100091126610411008053	0.0007331496259694525	1
105577936062564395707	0.0007323717150035129	1
101269616518480136760	0.0007275610904759777	1
112650348159434958899	0.0007270696867549054	1
113898697956458882832	0.0007205551323197544	1
104681313125038107957	0.0007192363783766181	1
115435548586239976642	0.0007191881740419529	1
102346400614635340030	0.0007178578942324374	1
106366615678321494423	0.0007164732159357509	1
103673601952617127321	0.0007163253700329802	3
115422160411497346366	0.0007157886714972792	2
116315897040732668413	0.0007156872749585414	1
108700472895595187876	0.0007152170220145525	1
105474544524715065767	0.0007123558538010536	1
101241183982769454084	0.0007083237843419558	1
101005240119432390037	0.0007078857311300185	1
107516591509355176463	0.0007073105938957791	1
110404902994335579225	0.0007066746376959419	1
113506158551051150184	0.000704009281315544	1
107632017202083922980	0.0007025873358621875	1
117059593834355077199	0.0007021744347095033	1
102285954355508747800	0.0007019121426115429	3
105611889600461566935	0.0006976331761540399	2
116601386475273901307	0.0006960354208979487	2
104621204832216628958	0.0006954987643066716	1
100458071620246434265	0.00069546253422646	1
106036588985851683922	0.0006944671032699725	1
111117743232778422510	0.00069260933593435	1
109130886479781915270	0.000692125211284138	1
111983961140937248134	0.0006909646189511732	2
115585398292418640701	0.0006901606030535198	1
103791961428515587426	0.0006852353001854828	1
107308460013033893888	0.0006830619897736881	1
105713497706843136406	0.0006816593787828207	1
108693062865444341500	0.0006812329149465134	2
110738178351405818606	0.0006802652031394648	2
110486517623939606418	0.0006780103360459959	1
106416716945076707395	0.0006768537689535807	1
101886706065800845176	0.0006742367943754744	1
102227800261183349957	0.0006736171170888966	1
114771302128021571825	0.0006735748628801977	1
100498091085142703743	0.0006725604955819276	1
117171737258103261935	0.0006723583535009003	1
103038287804535196503	0.000671267957430994	2
108544008482166257714	0.0006711301255229119	2
116825083494890429556	0.0006696209177212177	1
101900299178799457829	0.0006682501546719933	1
103294418624820015984	0.0006636890115022857	1
104441415299714065572	0.000661006247606717	1
102452280382357513402	0.0006603416729911405	1
106687590803153376067	0.0006588099492143466	1
110141895783103581727	0.0006538779819116026	1
114302252107350810618	0.0006524601646744792	1
101595233284055239142	0.000652093269222069	1
114070067704581747667	0.0006514102289539601	1
111506512994181681852	0.0006499493324331606	2
113417057124767990937	0.0006481886263923105	1
106728288712777899597	0.0006472789270426204	2
104472936943065371401	0.0006419075143199069	1
107126665887970596868	0.00064089496640858	2
116877098752708522621	0.0006403383815695701	1
111952796216339657629	0.0006369400768215131	1
116426856572060857037	0.0006360167602434524	2
111051039748078110427	0.000635795193103856	1
104250130116253463837	0.0006325232391694054	1
100232037165721443512	0.000631752217794021	2
114635209083263014668	0.0006294737758706756	1
113683207338912869760	0.0006293881620202952	1
110760151623547085696	0.0006290939398757957	1
105557068601771362265	0.0006269467734776764	1
114542752454519869265	0.0006245487418301628	2
102668364885894493476	0.0006230765261087423	1
114126118441356742729	0.0006229280515100506	1
113686782180283744983	0.0006226824792544695	1
116131376648788686380	0.0006210809242907338	2
100342703577899262613	0.0006205053737019959	1
112754494243408214081	0.000619091362922977	2
108797840083484244237	0.0006161534084161149	1
113420422244530728570	0.0006146188684443272	2
107663352552155463171	0.0006141023038750093	1
101062235821996561929	0.0006130928774530369	1
106660499961741445550	0.0006088752244378963	1
111060030077135962736	0.0006087307152005969	1
116497426323733343074	0.0006078653357134991	2
115366624923467413091	0.0006064810354900332	1
113215976889659570939	0.0006056880304740107	1
103028142993414638533	0.0006050272845264156	2
100319197841789445348	0.0006048789786949431	1
109122539496160679247	0.0006041849179621547	2
106539835304510344813	0.0006036632151077269	2
108417129586581977230	0.0006035194248039601	1
110913165455688349197	0.000603123051380397	2
108740570618849247850	0.0006018441356495932	2
103612871313139094390	0.000601271095593441	3
102762314616714743857	0.0006006622824441644	1
107624559327351970888	0.0005995986673019792	1
110351006045593232796	0.0005982217350618655	1
115480964182902200631	0.0005974156209730497	1
111920649327427068114	0.0005971849895531679	1
111972311379491101006	0.0005963779175046408	1
109504007463132729006	0.0005948937862282138	2
107889816939032412666	0.0005933336316080513	1
111215626086255858123	0.0005926966090194076	1
114661464069094105027	0.0005917427177728912	1
104166683851434520973	0.0005908520652088256	1
117136543430366556878	0.0005848756143053318	2
111775909611846609731	0.0005847564253632276	1
117611181638655435522	0.0005845478747690195	2
118369314436085435945	0.0005838914201124928	2
109854785137745177366	0.0005830773552947357	1
100063443579968781941	0.0005830725727522259	1
117381651485941996132	0.0005820736296370062	1
118120364585932387777	0.0005820223035094328	1
105873814765821560444	0.0005807755529548529	2
106660584659892866650	0.0005801311077409525	2
115652004521466262445	0.0005794124337790623	1
104912958756793332975	0.000578887558013092	1
101940753538647020405	0.0005782087771614003	1
108254075827001913733	0.0005781971600981172	1
104550594148100994071	0.0005779393537244458	1
116334827514261561554	0.0005778863771950639	1
118114557675104381720	0.0005769096238195989	2
105481930047290102912	0.0005768599849842538	2
106500517318873656493	0.000576523655358682	1
117149101099765677901	0.0005760585364207518	1
101995834967238906264	0.0005752804834138507	2
103100286417625000956	0.0005748992266052201	1
107874746796337550168	0.0005739641129724751	1
110243053391500821936	0.0005738757790512316	1
109931117392620460235	0.0005737645201200884	1
116531647672725843929	0.0005731734553803133	1
109896500020068316720	0.0005729901810005321	1
117583077636944680094	0.0005729110760371633	1
107290790893215879513	0.0005722678001838454	1
118108930161535398806	0.0005721769886032565	1
110788689115113965536	0.000571729475865469	1
112671613807103204042	0.0005707594909822418	2
114330674492518947055	0.0005706354336535242	2
100784670873737717716	0.0005704862975543704	1
109723709937833717563	0.0005700895851613959	2
105189258483980664083	0.0005697348973681992	1
104119608064940163872	0.000568907365727022	1
114699336529956127102	0.0005677386121461571	1
111126557324934039853	0.0005674579138281103	1
108316670838828910396	0.0005661873468970891	2
108325715348546285908	0.0005661832751110583	1
115072043621918562370	0.0005661607854441206	1
109590423597896078382	0.0005655472416022699	1
109736705930172082605	0.0005648087923988845	2
108883879052307976051	0.000564542274758614	1
105980354203966235008	0.0005641519249748229	1
111257156574198767770	0.0005636521799453277	2
103929740436666277619	0.0005633961960760484	1
111925802087694731213	0.0005630460399902138	1
105224804026588644838	0.0005620325693618187	1
117903011098040166012	0.0005617291843920333	1
107855400061191706587	0.000559238121284303	2
114520552245855221737	0.0005575254167557667	1
110648946295824984922	0.0005572144003889204	1
114503806689722509896	0.0005560173395917315	1
111635150542674847021	0.0005558994276263345	1
111255771376472899738	0.0005544820774805054	1
112022983294967948367	0.000553017984347288	1
101919728428437233122	0.0005526567177428791	1
107966083689010962220	0.0005523810137508279	1
108270712126515524163	0.000551147251070686	2
116180809349156681993	0.0005507311517857892	1
101640695827845658690	0.0005506172131223277	1
117884007449109471406	0.0005504916236733474	1
106421499646188057113	0.0005501563769551377	2
109452069106231674514	0.0005490339397782248	1
104286363725914412325	0.000548220527513101	1
105854477836714634695	0.0005473569065977859	1
114923843406792613312	0.0005463392855127723	1
115230695084310626614	0.0005458470682831481	1
114565690168187360347	0.0005456703115327584	1
106890225437412284292	0.000545375877570685	2
109300236710784398026	0.0005451396190949912	1
116772708792764352748	0.0005450238235022875	1
116076186919541013139	0.0005446052607620971	1
103903198087988193655	0.0005441131185533357	1
117297329295419308855	0.0005433684904558268	1
106497803248441574604	0.0005430002313042579	1
118292000513305131142	0.0005426032924044327	1
116150648915115517660	0.0005425358477157056	2
114009972725847410857	0.0005421682603103572	1
112995526873937214223	0.0005417768334174995	2
105182229953409625851	0.000541633036428096	1
114738077973453472985	0.000540863860309072	2
117319035865867067648	0.0005405109668324394	1
110614416163543421878	0.0005398538793556851	1
110196408714194982641	0.0005378548073312838	1
101604758566835021293	0.000537848030262652	1
106220600090297128338	0.0005369743409406342	1
104944128365441598365	0.0005365435624356193	1
109710815417568411564	0.0005357288120923468	1
107040353898400532534	0.0005355608810525437	1
110952301528063225908	0.0005333243551338503	1
102016851383568561562	0.0005327317927741706	1
111037600142684781907	0.0005320187308756995	1
105929453737619095652	0.0005315361177022527	1
111385154527879695329	0.0005287530261629668	1
100590113452692854117	0.0005279532018875909	1
100246857434952148531	0.000527405528023399	3
104087812869056701482	0.0005270098173842021	2
109088229817689076273	0.0005269257665445635	1
111045659538457768080	0.0005259927702412871	2
100463344564987045291	0.0005258268240297406	1
117109546349103307995	0.0005250145088603673	2
110260890556821654420	0.0005244531719989373	2
108172399301749850632	0.0005228774547615934	1
116497021361001964326	0.0005226141728881181	2
113759946757167534490	0.0005225774048867058	1
107868844306369312882	0.0005224863360052067	2
113511279752012786991	0.0005218825276116985	1
105069844990861987595	0.0005216330511287416	1
113311736332375450968	0.0005210694759006009	1
113946715443571015123	0.0005210529470392347	1
108182489610762944351	0.0005194561003119184	2
102422142153712608274	0.0005192111509142844	1
115162893866271034521	0.0005188915027608367	1
114610751804622117115	0.0005188883708640928	2
101649892839036081330	0.0005187751444629265	1
117910049731484591864	0.0005180412866010238	1
104582989139453412735	0.0005163255208252279	1
100860607625286470922	0.0005141281701366634	1
112865942969293417981	0.0005133534888070576	1
107198367758220837144	0.0005131059513609874	1
104516819846796601045	0.0005126614861415632	2
101500176352351576992	0.0005114122154982464	1
112829233906811093453	0.0005108831164804732	2
108801899952694316017	0.0005104969378892329	1
102097892256472472261	0.0005103786287774844	1
110422080214945443369	0.0005100395817965176	1
105735158965333960126	0.0005095907518486971	1
114821822690045428621	0.0005094102113330815	1
105496065140915063217	0.0005082472795078317	1
100324134371388101482	0.000507750710076683	1
116895968072095533315	0.0005072018161113107	1
107913635514528860910	0.0005063255169334399	1
114429919338382119172	0.0005062730690641743	1
116563127088683051053	0.0005061447142869605	1
106102550162976117394	0.0005055771190837768	2
115427174005651655317	0.0005053709186285868	1
108645589277926899961	0.0005045834984476146	1
109950959928032580820	0.0005045467019928972	2
107671625306995512637	0.0005037910406897878	2
109205403461695195196	0.0005036273472081253	2
104220541664395498712	0.0005034182987176529	1
100202609332472891769	0.0005027645632430705	1
110815228753558444774	0.0005020661192418551	1
116056645771775490363	0.0005013079256400234	1
103406065947811422330	0.0005008157698372748	1
103857459148999991693	0.0004995487581060696	1
100423032669546945388	0.0004984165354564511	1
105766181084471042364	0.0004977792948391185	1
113510708635005328461	0.0004976950229513513	2
106782922664268475558	0.0004965354877716194	1
114250946512808775436	0.0004961226834731996	1
106964361259992368482	0.0004960875429982451	2
100755998269751307297	0.0004960811363520987	2
109830558164732334015	0.000496018764980547	1
105461498993551154531	0.0004959294016754556	1
112345958146857992786	0.0004949993407226321	1
106029647376914827875	0.0004944530993590901	1
104015870160096329227	0.0004928386912181616	1
116388205548839459693	0.0004923916668888355	3
106933972856076071655	0.0004923043684624173	1
113007670073596198453	0.0004922955673302961	1
112889002612515742540	0.0004921767835300641	1
100348624348633155177	0.0004919675031668689	2
110456453592220725136	0.0004915348888666391	1
114318197127028344684	0.0004912280318835611	1
100074919848611839400	0.0004909617813694114	2
107217929430839359886	0.0004908351244281121	1
100583643768601491449	0.0004904742663980566	1
114452950895312441109	0.0004892497851202743	3
106051568355457229284	0.00048739051734025335	1
108814866414331647342	0.00048642673848317027	1
102220865579025018688	0.000484951626633535	1
107057936041169873674	0.00048454012622654456	1
109086327304624846202	0.00048451197650933473	2
117327973844438638644	0.00048225828338868297	2
111095045247360522931	0.00048181926961039865	1
117215723373909217592	0.0004816766597632082	2
110678621384626297081	0.0004815656402261531	1
113340344488226387361	0.00048149272801433	1
101133961721621664586	0.0004811858796729415	1
108360875093563111274	0.00048060545335723445	2
101052415474088088042	0.00048044582460435667	1
100382076211124259598	0.0004801140693250431	1
110184601706552150593	0.0004789110846598859	1
111548383123062799753	0.0004787877438709853	1
112016573893269448710	0.0004786897922125172	1
107964311499459446916	0.00047755997825332217	1
114420560945258744261	0.0004774120293920639	1
112508589247432380775	0.0004766265218644112	1
102146364121034008078	0.0004764802668700912	1
103274064524957433652	0.000476403595476234	1
110385399973090519138	0.0004762711597991159	1
114963335823650717178	0.000475801357318565	1
103566565105648833497	0.00047543911492373863	1
104825585464283184757	0.0004749888513555682	1
113953592758896789108	0.00047477813900524815	1
102524008019896509925	0.00047466786678448215	2
111221452655555194574	0.0004738238502360307	2
109732393861737158427	0.0004736649729533714	1
101512420337702535236	0.0004734017831214994	2
108907784615858200922	0.0004732326778035509	2
113218590431249449552	0.0004723127880606428	1
111673843526650323120	0.0004721210768064447	1
109905754411584610340	0.00047172178451466827	1
108397294034481595594	0.00047130103014190593	1
110108003269282467898	0.0004706454095166926	2
109599602059332655780	0.0004704509059498271	1
107130822909619989188	0.00047023253268882367	1
102174521044350449504	0.0004701287762021465	2
105520427462751456186	0.0004699966905510714	1
110751695775382369581	0.0004697016932413315	1
112281789060322139278	0.0004693603100957258	2
113684228229434604484	0.00046809152932639886	1
108268243474237075283	0.00046778599919483345	1
111554675602464825364	0.00046722374066154204	1
102381548704003539297	0.00046693402714759213	1
103441445293352388059	0.00046659896992733575	1
108145942486053400600	0.00046643655613221903	1
104533719648086541353	0.0004660870228860096	1
117227223410553236894	0.00046601241101957593	2
101170454445449447714	0.00046586889619636227	1
100977678341657858013	0.0004654094421224574	1
107876465655415214141	0.0004652873723994563	2
112515890676206330591	0.0004652366961423426	1
102736222974258337930	0.0004649234427578355	1
112386079080455064107	0.0004646419828695688	1
117152472443323112644	0.00046445332589704154	1
115425017959501168550	0.0004637329118669563	1
114297827847868585824	0.0004632376125995069	1
104836499553026434359	0.0004631552222318595	2
108376791906694810707	0.00046314650635091703	1
108463379422500432313	0.00046279405099116733	1
108137296442273049156	0.0004626605871442531	1
101494785673125223598	0.0004620748806165592	2
114147483140782280818	0.00046119980918759397	1
103869730629941619882	0.00046101595807322373	1
113032922882838338512	0.0004606297916118558	1
103255130479497734964	0.00046057984540810216	1
103003335364559287111	0.00046043670554565943	1
102549623343643093965	0.00045999054221126717	1
114238825882006954970	0.00045990979654565175	1
115143221847216992108	0.00045966271675872003	1
116135963476096063106	0.0004590009040022154	1
110279358252896773102	0.0004583210923979068	2
116984158806329217347	0.00045815289097897785	2
103857516920514021575	0.00045753926299759817	1
112768678825253579365	0.0004571840124330791	1
106765350556195002063	0.00045706226265246385	2
116267384604818495277	0.00045634054116441944	1
117804036587685325842	0.0004560806077751568	1
107981077806259133968	0.0004558487789874696	1
109925450421274121160	0.00045554666653841244	1
103522260738230890905	0.000455335933878692	2
112088855719103479142	0.0004546703905780494	1
101319199068187021366	0.0004546049474869237	1
116278579087001151548	0.00045356532685002996	1
107863054441128406657	0.00045350756688633	2
109801998543492604722	0.0004525165877864294	2
102788545466749675750	0.0004522429106271395	1
112463391491520264813	0.0004520504676185898	1
103197072119870191855	0.0004519489679535357	1
114898323025971251345	0.0004515027924183869	1
106410923972431790652	0.0004512840095957869	1
101386134866913345039	0.0004512491796947136	1
110886445140146737204	0.00045120782824149006	1
102311554030427331560	0.00045113292954231945	1
116962569222236871012	0.0004510420152099902	1
102382264512943710946	0.0004509723169274587	1
115247608951397394559	0.00045062956973653255	1
108510261342123234892	0.0004505175183257166	1
117678945305736547499	0.00044957648746925033	1
101694481642682809522	0.00044954265602637367	2
104006492522882843765	0.00044931631006482305	1
116937581022538783895	0.00044913860410477794	1
106519253237690493844	0.0004487693351840779	1
115645819756954392135	0.00044847272206802603	2
111246222621577046613	0.000447446251790485	2
116337470434095717442	0.0004474212032452234	2
101155188326955734171	0.0004471645735070047	1
106779512870994415471	0.0004467378117542219	1
109341814886672016253	0.0004462984962325346	1
116664720616953038794	0.0004459876076119344	1
100807263637256073175	0.0004454032209602499	1
117462592692564691028	0.000445272855857972	2
104685542770302539616	0.00044476504011434844	1
101219011473929582951	0.00044469712825319656	1
106605101842842927717	0.000444676946298487	1
109368654259427988906	0.00044463107372194794	2
100732792168944455620	0.00044444095311660863	1
108238852414509837749	0.0004440862151842189	1
102006335934466694514	0.0004440846267424394	1
111760848883991243199	0.00044400956902229335	2
113146799877690470424	0.0004438888079626274	1
113233389612985967769	0.00044332815445933285	1
117399283230241619463	0.00044199637966498635	2
100639194299914291215	0.0004419166756808238	1
103898245730407196234	0.00044190880604472627	1
116231043098725579711	0.00044157612621803326	2
117268571009206094213	0.00044155529458670914	1
116550909178789460578	0.00044116002246987195	2
111232558470787485391	0.0004410394839203422	2
113643425309682495997	0.00044096299316315766	1
102210416669749405961	0.00044092818404823503	1
114775869285833699322	0.0004400392728287983	2
103118053605545281379	0.0004394939335546393	1
100624501245915211643	0.00043945634986128986	1
106487847906371336126	0.0004388604271889525	1
100294995440554808691	0.00043885254862232844	1
111454930036450952873	0.0004386730070916147	2
110747746419769300628	0.00043861581207371025	1
110101984758324108622	0.00043845011112704025	1
115595685535906979585	0.0004381058611105399	2
116858411518207742762	0.00043794078273240585	1
113788629331119361034	0.0004378027457147708	2
108820884356510622838	0.0004377379869856822	2
110213253066194075593	0.0004376695077424186	2
102918064082723690004	0.00043757775839888143	2
100709366424987372595	0.0004374718572799962	1
114734572827824045078	0.00043728943965304877	1
101009365152868438857	0.0004364874300107816	1
108772630479900043184	0.0004364431496568339	1
101127986898473915473	0.0004363726009083128	1
116703689599084538324	0.0004361307063333593	2
107668018853508633698	0.00043607661954401763	2
115665147773049983469	0.00043586193826887444	1
101309028361444868427	0.00043556259528422677	1
118283441266608524666	0.0004353543425230364	1
112291524627128635161	0.0004350829002070924	1
101975133966831452277	0.00043493519805777207	1
115053287304424638334	0.0004348935901116386	1
115376804135318461031	0.0004348836490800964	1
102425186530108954705	0.0004345626281123868	2
114310432035877573700	0.00043428827172576506	1
110204181654158627767	0.000433586588003177	1
115698389105552718509	0.0004328373356027868	1
110723106842671526820	0.00043273241158504254	1
109599950836957989804	0.00043226365372312306	2
116891109489945023987	0.00043222650877148053	2
104481732831876735107	0.00043217116633111356	1
113685396793399078779	0.0004318282460818956	1
106835948809045250521	0.0004317257230280412	1
101660858886010338254	0.00043169753004268106	1
101751145988036139627	0.00043010042462955194	1
111441278602865212925	0.00042982518948017146	1
103024721530413569142	0.0004296221770602216	1
104284408884410847470	0.0004292660059264625	1
110030785937387976074	0.0004285139088963003	1
110064570672000384617	0.0004284481047192213	1
114492520059525754665	0.00042837682724755524	1
115417043856689954546	0.00042825319337196305	2
109689479493494802606	0.00042725871639962893	1
112929717560661562705	0.0004271613762510967	1
113281399439429168625	0.0004271174918045467	1
104931142412008266893	0.0004268539496686005	1
112749216212330183140	0.000426395456770087	1
118433886964242604020	0.0004262354490091893	1
111942699489420412163	0.0004262108573319797	1
108091327114614335688	0.0004251455803369576	2
107583917023806019934	0.00042478045938548303	2
107381073695757434347	0.00042475115029351365	1
116560626228143924561	0.00042461881893654887	3
100997794204907913973	0.0004241928431287606	1
103161038350347589745	0.00042401159881808763	1
114597319730525198453	0.00042399730634894227	2
100095669250946685587	0.000423719281329057	2
116759049068317449856	0.000423239481066425	2
106792757187551462333	0.0004231913067868755	1
116768457542823045331	0.00042317791374289087	2
105770711929721820826	0.00042277728312220216	2
112700909765184888427	0.00042245676089334874	1
100460370350549005348	0.00042220398262001	1
112997561829078041002	0.0004215287056980728	1
108478416849454260285	0.0004208775264221338	1
111023773669087114764	0.0004204575407600927	1
101143297920728999748	0.00042040447373045545	1
108557531309397355660	0.0004200924708997715	2
105850770551722768952	0.0004196698191652605	1
106143425977005266863	0.00041962414373286183	2
113391394505904411092	0.0004195685773149487	1
114220853146751120080	0.00041913759697178975	1
117211684265062177782	0.0004191297398339254	2
104671914836231031239	0.0004188269864250217	1
108651717657234645162	0.00041854076129690357	1
114965381229780841952	0.0004184853035175771	2
118213841746327585870	0.0004176331484989315	1
109849000522280976355	0.00041758803155195483	1
111602709021210246463	0.00041743098846272096	1
104434895154208243425	0.0004173655247839103	1
109147535954110669362	0.0004172684079667558	1
104580212382911455402	0.0004171568256548968	2
105683277396811922238	0.0004171010207349162	1
117698165607464864806	0.0004168911322853386	1
100600296109870105203	0.0004168518569217158	2
111453882641238259246	0.0004167520354819667	1
112073853857133821880	0.0004167434784149086	1
117423428306382994757	0.0004166766224450993	1
103811986080200855963	0.0004162541222898944	1
102505465304927131825	0.0004162228351702054	2
109902667138121508362	0.00041556035008374876	2
103993963150589184286	0.000415304880401241	1
116418355318164320825	0.0004151434731357271	1
103782283994508546670	0.00041470448330433905	1
112787861052425659995	0.0004134758994412102	1
116296722876243583579	0.0004129554462197392	1
115023338901292822064	0.000412727802261009	1
108572834524031744599	0.0004126998293689486	2
103462873333877980961	0.0004125681096356892	2
116131269863671937386	0.000411873778366221	2
108814740443144160153	0.0004113638862721505	1
114880382644370462862	0.00041083466571383877	1
113832545020815049066	0.0004108107261402932	2
116443652834120037299	0.00041018672692234815	1
111174860133952172483	0.00040966493387483327	1
108227766059398780608	0.0004096638833241285	2
107009632192481481425	0.00040955728069900306	1
105699527508121484553	0.0004092696692741069	1
112703323488409728264	0.00040890519095945126	1
107329843700868576110	0.0004084825231680954	2
114163977627053244970	0.0004084161158300286	1
105709083169353686738	0.00040832526740250706	1
112269533742014561750	0.00040802116128750164	2
118397076932833463637	0.0004079603972356096	1
115174457819914037873	0.00040750163919425623	1
102480805322378468288	0.0004073843354518166	1
109518328768098946778	0.00040694209877861884	1
115633934578783827271	0.0004065304999579036	1
101952976429462756517	0.00040614485910855805	1
106110392408709376416	0.00040586974396348695	1
108317178104639059149	0.00040551253427161557	1
115640615149344329531	0.0004053115122248955	1
115360504592641443999	0.0004052841339434181	1
116726325327075260175	0.00040473682328720853	1
100102136737035852528	0.0004046267452512641	1
106777383482946175314	0.00040443864453417464	1
104837604465968633701	0.00040418496903974626	2
117366513286775122685	0.0004038006930119174	2
110296643744760932945	0.00040378871139107656	1
105966702668067411573	0.00040372516649022424	1
110068300282260390649	0.0004034955275659413	1
109855486708163855699	0.00040234106112149953	1
111461898615826577872	0.00040195679310243895	2
116375325352702759007	0.00040187447949980546	1
108365807612905030742	0.0004016627677158298	2
115507658258745024139	0.00040158550966872133	2
102463930722750242099	0.0004010275102815113	1
116706153803896610134	0.00040069994942345394	1
103797883802077039230	0.00040064274799895736	2
112623722232653545872	0.00040025067833398187	2
100853116348023706122	0.0004002217533750379	1
116281946529040623400	0.0004001327909074015	1
101869954449217888195	0.0003997245061920112	2
106587101791064367906	0.00039965061126690844	1
105398101580254540818	0.00039939069381305227	2
117163665721006562027	0.00039912811618065386	1
106244331832224111960	0.00039855581556197677	2
108623241107635805071	0.00039849976188738865	1
117474473270416055253	0.0003983023286037241	1
113458122625988620721	0.0003982134611095263	2
102716016615896844516	0.00039814187673466444	2
116702854728559432520	0.0003978543114179268	1
105813701068511899418	0.00039770572927314235	1
118060195966019127791	0.0003975143179285158	1
117500723574087130516	0.00039717807829723755	1
112612655408342271262	0.0003969921563291892	1
114005270876052001890	0.00039667934144811613	1
112760224652737508626	0.00039662360070711624	1
113383813123340121401	0.00039659402072769447	1
115884897721735446510	0.00039641498358973146	2
100941266751440211155	0.0003959131885314578	1
103510189176184025105	0.0003955296444264816	1
100620732971603495982	0.000395526825274992	1
111003146629743660618	0.0003955228899761679	1
114687979362696235677	0.00039524413581939344	1
116583912742289922674	0.0003947049411648271	1
107332232527606860180	0.0003942767727857329	1
107578965196559004065	0.0003941118642456319	1
115736380181603051269	0.0003940395813430758	1
106486933038664842533	0.0003936525069400834	1
106793409736995197316	0.00039358733083377686	1
111585779089668033732	0.00039348188827447383	1
109853413230810653167	0.0003934689165617741	1
107238990210724323188	0.0003933921646873204	1
116033514987434864583	0.0003932918375897307	2
100537609001264099475	0.0003931304984686397	1
115620878851836664537	0.00039299561139727015	1
101065600585133486158	0.0003929549244979908	1
115708174332375617872	0.00039263273932730485	2
112472063587247013272	0.00039248724837990005	1
106770567157632807411	0.0003922551652807618	2
114901178377784482782	0.0003922148384149421	1
111040307460984594964	0.0003918289856139034	2
115106680289932322561	0.0003917368790220619	1
102123493230417393789	0.0003915379283705487	1
116796222911499663778	0.0003913404741717542	1
112547381334151121538	0.0003911649685033033	2
112858628232089299093	0.0003904927379235813	2
106104829380579331632	0.00039018910547250154	2
107836723567496169578	0.0003898959458216283	1
105149372658737789768	0.00038973960758156763	2
109611304552390459456	0.0003893528789196307	2
107703405132139524311	0.00038916477774987796	1
117352363863047420188	0.00038874655794020666	1
105502506545735279423	0.00038846749958883794	2
104325656887911947406	0.00038829291540196196	1
114301088526097505896	0.0003880808552576795	1
115469260937373930959	0.0003880008908154982	1
100183483443926370553	0.000387832961926755	1
112228182645210947167	0.00038757040509433953	1
118374906259033738482	0.0003873485597571134	1
109519561451988889732	0.00038734016772913767	1
107851284742690875601	0.00038729052712360365	1
113612996485664648369	0.0003869571331747934	1
106702324621449002266	0.0003867581341764078	1
115029186078239273995	0.00038665339743333715	2
110305760465184966941	0.00038661981655511735	1
108123506134776646550	0.00038641434716608274	1
118092360732512220099	0.0003862793083687624	1
111455687366448679827	0.0003859922827341906	2
102216611683321010999	0.00038597133842436257	1
103763319834242373359	0.000385766173747326	1
106790394183446968954	0.00038565013792771533	1
111224756753752412781	0.00038477353982104944	1
104073909730453830293	0.00038470992431938406	2
108077530448434441501	0.0003842892385894085	1
115924787547381310437	0.00038385383270218994	1
115572179929649580650	0.0003835394480209889	1
115846057510297592992	0.0003834080488142876	2
118399959266385734656	0.00038322143011351663	2
110791260170772171960	0.0003832167708516859	2
110949593008249877992	0.00038314933162899445	1
111947940749970154249	0.0003824628738317346	1
107727150903234299458	0.00038231022630952013	1
113234386723830147931	0.0003822424375998864	1
103746374990012367761	0.00038160836192848525	2
109054447517972971749	0.0003813921212353538	2
109346934284284816926	0.0003812295559830084	1
109376962838362029925	0.00038095584926201254	2
117572628201563148365	0.0003807866308939448	1
115484551319269885419	0.00038076861690973925	1
107472474647563857708	0.0003805914064896215	1
111491240199664202851	0.0003805838936391923	1
108961403889829901542	0.0003804079837485963	1
116407635616074189669	0.0003802127966306228	1
109275472958903148502	0.0003801030349771267	2
108807597209687392863	0.000379720544961402	1
113072597372460461083	0.00037938237035150635	2
117268380659841428229	0.0003793256626313915	1
118011147388143275078	0.000379082174189693	1
103061432975121007243	0.0003790657030710353	1
114851353700596680885	0.0003789463639906097	1
101495480187227078065	0.0003788348386732532	2
114719104604682870594	0.0003787904642490013	1
101411522670835290735	0.0003783765051811692	2
101763734752815884363	0.00037835123717898047	1
101849794562141574206	0.00037783311130957543	1
116293310171313567533	0.0003778002556559261	2
103235412042557128838	0.0003775544923398911	2
117243849948862658202	0.00037736592675075465	2
108951868713574357238	0.00037727067439973026	2
114419664855330371780	0.0003769716317770622	1
114248876376551006774	0.00037648871278704284	1
115594104267017455006	0.000376106555215457	2
105837942718978017000	0.00037608992256405545	1
106209295280626219515	0.0003759691860881067	1
117381847196294653342	0.0003759552885192302	1
108105536771282620578	0.00037585160586549413	1
105652590289022685176	0.0003758089294252566	2
115648054840814963877	0.0003757538542483365	2
112585802806501604122	0.0003753264648819624	1
112092526384728873892	0.00037530138576806786	1
117331808257687364008	0.00037516503143103844	1
100751529912611655620	0.00037507362766476106	1
107930758893139892849	0.00037500292654791417	1
110872680209848450651	0.00037491343956186645	1
113406267607197102154	0.0003746456824380357	1
115592016065916157642	0.00037456388355013584	1
107070305268662654617	0.0003745506169761973	1
112773717352207690783	0.00037411935672258627	1
104405056094644812060	0.0003737744646564261	1
102584411590523178276	0.0003734838437773585	1
102750343066382220924	0.0003731358301811271	1
114453074731811294053	0.00037268840937162854	1
114752870863000007466	0.00037249115176121554	1
104898587305394183349	0.0003724578336567207	1
111305684135920547860	0.00037203236094262703	1
116136493159737539056	0.0003717080339698947	2
103576391129733124960	0.00037118733287767186	1
106934251907455613728	0.00037060938644186304	1
113856049930874439834	0.00037029599656283603	1
105736172662117422840	0.0003702590988858335	2
112724573277710080670	0.00037022819489732235	2
115949235079382739229	0.00037010705211038957	1
108624311520849917820	0.00036979884646804535	1
115284179431042979728	0.00036970108512846293	2
103295018204142119571	0.00036964703581913723	1
108000333545112624867	0.0003690536812435551	1
113863365761872463503	0.0003688908953395004	2
113986224872404904569	0.00036849014455683126	3
108392504208314197482	0.0003683509735650531	1
107568429172151787117	0.00036833813042341264	2
100151206178980470956	0.00036814966968773204	1
107169475135045361140	0.00036800404471330143	1
118083044235891668202	0.00036799975595828884	2
100146646232137568790	0.000367504410216514	1
111924926392072104223	0.000367487247522725	1
108907919412292451250	0.00036723881253340133	1
116382308787245224752	0.0003667712626282975	2
115228292752886223002	0.00036637259763233057	1
100620564407113739010	0.00036635653412727683	1
116714549782888329318	0.0003663124625671086	1
100644338456964460622	0.00036616012533364454	1
111881068300905922498	0.0003659713676222323	2
106273308998274680527	0.0003651977185891093	2
118275659951093359031	0.0003647609132257208	2
100343845070063849107	0.0003647570522224744	1
102470915451234382035	0.0003637750522880838	2
111363408492125942951	0.00036348951279967673	1
108292626386548337225	0.0003632693476861366	2
102588676612579097006	0.0003631547093243709	1
109204587154963604740	0.00036263458122838717	1
110114935716311099739	0.00036250489176052473	1
115612573999584736599	0.00036236470823036975	1
105551427433455873138	0.0003622823619734989	1
115780925498881394226	0.0003621120232474783	1
108563885785257287698	0.00036202587805821054	1
109155012357540209648	0.0003619721239206154	1
111076953526963666185	0.0003617053865532783	1
105422871059252962617	0.0003612294977109532	1
104013861208398453393	0.00036103327016055064	1
113385341103270852141	0.00036083931964446775	1
100438852388634452785	0.00036051007732076034	1
101817732309915049788	0.0003603291369441802	1
111074604602416748223	0.0003599383933022807	1
107659606256961933291	0.00035966443227675177	2
111909882676475721233	0.00035942763381621777	1
115805651877872032979	0.0003593837075637099	2
108479427954857157385	0.00035917780426964586	1
105405650077092541765	0.0003591111570895218	1
111934870080286978648	0.00035862301301152347	1
113602009777698157533	0.0003584416384837349	1
111085382333404870388	0.0003583074263001862	1
110974764524772125027	0.0003583018404567652	1
102277738523009646368	0.0003581259204315092	1
100327017863569781027	0.00035749443671027816	2
113983863075069397753	0.0003571610541046143	1
112092488761167023855	0.00035686390284236377	2
103902609940068041030	0.0003565466557234713	2
113050513428337489881	0.0003564250931835819	1
114534858979559033885	0.00035631170271454703	1
106030620886466385636	0.0003562070876934082	1
102991751282593163120	0.00035607640094911645	2
107776381757881810293	0.0003555972184851223	1
117110782635546264962	0.0003555713766526836	1
115959122085580299826	0.0003554941689021644	1
106493780402278226735	0.0003554796610219068	1
112245689943443020267	0.00035517364524358217	1
101716201726380249316	0.0003551240412073622	1
117735306257513131672	0.00035508241641913404	1
103739686836221835119	0.000355028871175229	1
115579964393566359759	0.00035471288828064004	1
104959239343823460659	0.00035468073924205343	1
100110537394626624225	0.00035450898288199277	2
102479349783066603161	0.0003544886257659402	1
117408020200694760927	0.00035442297126220084	1
111080620052833032765	0.0003542516863831159	2
106152071985964118707	0.0003540057057191238	1
113534583488493295813	0.00035396494507365086	2
103765190013500552225	0.0003534884404829873	1
102453848012516453425	0.000353173643401615	1
115831514397226473247	0.000352900651789107	2
110255355714938023923	0.0003526658224369039	1
109206112446829801615	0.0003522867572762809	1
100402301505631057949	0.00035222652047235084	1
117225974591920797808	0.00035212283729579705	1
105790774404543863872	0.0003520037011644923	2
116929145821864917460	0.0003518591517724333	2
104615036373699865786	0.0003513222108429198	1
102860638159972309034	0.0003513163495344355	1
107426763078329790961	0.00035102173874553173	1
112208734045257041287	0.00035072624300801284	1
102055761803425590746	0.0003506148198508462	1
105825390873320532641	0.00035058496292520596	1
107776015052084750821	0.0003505200290753978	2
107880310323937367562	0.00035021116414039	1
112067233159473085532	0.0003501942258353619	1
111709870730171883810	0.0003501697181567375	1
113614209277429972506	0.0003501245215746914	1
108543151681912562199	0.00034997236535168303	1
112130961481629219718	0.0003499148904898946	2
106672324828117531124	0.0003498621223970019	1
100534538476255700203	0.0003497829526472376	1
113180183571174598614	0.00034968952555520724	1
113836853715526049299	0.0003496834445387922	2
111922870999029775190	0.00034960188637924545	1
107900405783440990329	0.0003494025397559512	1
105213991914461740211	0.00034933762503644715	2
101290481358193832413	0.000348887824934787	1
115925885941625757982	0.00034873186500363786	1
111258992634637082336	0.00034859164043314606	2
100560195631674879616	0.0003481803743832088	1
102541201186348373660	0.00034815514174794943	2
117807916297689738572	0.00034796447922437354	2
103156582871250188205	0.00034779549192056393	1
102580844448507012861	0.0003476917395716868	2
110613220973177529090	0.00034768695544957475	1
117570236889242256660	0.0003475655691169308	1
106741247342869779476	0.000347227717235004	1
101874048281423702805	0.00034718074228674226	2
100969972953036434548	0.00034708204989043897	1
111470833223672306895	0.000346999039926558	1
107925874955413651119	0.0003469374313964982	1
116609148838132571735	0.00034666298725549873	2
101801063324490856814	0.0003465703807306882	2
102328436589025225443	0.0003465298372249513	1
101341716829353760937	0.00034644620825781045	1
109741231810575140484	0.00034643914551072937	1
113297333081252012443	0.00034632095922719627	1
108861528956056842263	0.0003461788462547207	2
107684251858406648573	0.0003461120371597164	1
110399185565600323230	0.00034609147684348243	1
106966983060078133832	0.00034600578592467964	2
115616773717685101559	0.00034561884764661784	1
106549323459657653565	0.0003451985155927908	1
106419752011171815265	0.00034508355528689295	1
101041324078144085298	0.00034487762406576364	1
108500909069434150838	0.0003444842229341898	1
105700898291566225808	0.00034441582684481943	1
105953876257708952431	0.00034405384159885027	1
112376246394214112354	0.0003429890609024318	1
111996767480396121640	0.0003428145370739902	1
112491721997256055519	0.00034260306746381456	1
103580189180647901014	0.00034243286407406717	1
118212287532576682853	0.00034227480608075417	1
106516961321404541593	0.0003419841761466438	1
107482609599075938929	0.0003418465213886913	1
106464609232304480111	0.0003416487334963817	1
118277244518426914413	0.00034145994642271766	2
103174148753240088636	0.00034095175264655015	1
108564774959534277266	0.00034089201827826695	2
106282268117393637244	0.00034086975732190434	1
116989886224744526699	0.00034076088142252195	1
109542090307382113085	0.0003401316579591111	1
109234384849465502427	0.0003400225345128227	1
104445944003378782917	0.00033975492991292157	1
106078046193665051986	0.00033950668915116555	2
117709347631026699430	0.0003393722268780092	1
116524473777969007095	0.0003392530587108251	1
105772184918019707931	0.00033914538441684266	1
104610961097405033600	0.0003388871501625035	2
104212838876843607771	0.0003386850045454259	2
109052925792703772530	0.0003386504272095211	1
114766231675575465775	0.00033862331204528715	1
107728981484346651383	0.0003385627253132534	2
107060935974128150119	0.0003385133163176671	2
107867156406223055623	0.00033829722998083596	1
110734946218641679352	0.0003382918423730129	1
117152562960256051384	0.0003382476798841433	1
101939235127214488746	0.0003380803395851716	2
116137317231363696563	0.00033799867896761976	1
102330806782144582562	0.00033762804719383817	3
111055274542433547120	0.0003374265413442776	1
110147621784423205280	0.00033732412475205207	2
101036077627830467257	0.0003368694590929228	1
110541006149666996423	0.00033683518288215626	1
113532122411683099264	0.0003367431552588241	1
105937033414581870773	0.0003366284139253631	1
107734850847395085659	0.00033656833828244853	1
102074611431320747691	0.0003364954347009248	1
104258629627358304448	0.00033644619627304107	1
111296662143052404981	0.00033644041470496327	2
107291597301180930128	0.00033638730179196615	1
102251766629138634463	0.0003363772347319714	1
105927765572594733638	0.0003359646927721136	1
100302545000114361337	0.0003355349330682767	1
100034852139736181861	0.00033536019925780344	2
109215297792091416103	0.0003353546890520764	1
110827519231685608354	0.0003351597786574978	1
100624727845704565233	0.0003348811211967105	2
107016573589490200329	0.00033441341287348246	1
102847333754404980725	0.0003343633586733921	1
112607311634292542515	0.0003342944387607151	2
106980687849423472398	0.0003341812615899667	1
109152547628400074571	0.0003335836494327135	1
100875717055033997562	0.00033353056844637565	2
112001053228186547918	0.0003334910634290247	1
106983201544274945102	0.00033337263600640007	1
116126532050997853166	0.00033305132677369416	1
113832045134715278396	0.0003328778395934942	1
109617760974407970618	0.00033254469715467263	1
101133651736281167821	0.00033215679937013195	1
118369384884139457412	0.0003321109873144056	2
103386690924806132666	0.0003319264084324829	1
117360103600409535739	0.0003318447527926516	2
100026978292580436104	0.00033183656101413723	2
102837227773434347798	0.00033173953869351276	2
101142218053948675877	0.000331387304869057	2
101348092000981643989	0.0003313271955806782	1
109835770814261102857	0.00033061531637946736	1
105773781211679853353	0.00033048705820088993	1
111886812347666956312	0.0003304839256568033	1
109896764299719102648	0.0003304562726546625	2
104087632674419172411	0.0003302405428997263	1
113466958119816612428	0.00033001034541022684	2
116532865535007454054	0.00032967104281109085	1
105138258772426186650	0.000329665931007257	1
115314088352204400228	0.0003295815037613804	1
110140471676276712921	0.000329431595900796	2
110933630432883530099	0.00032932722172957266	1
117900253774062104052	0.0003292963001692694	1
110987122726818254657	0.00032923962188062707	1
108532474643815964591	0.00032898985353909446	1
101079712789592709925	0.00032892527321068404	2
104674152029609193031	0.0003289187811330449	1
115060764177333865993	0.0003288424891785959	1
108386181580147593640	0.0003288334962043563	2
115263213809531051013	0.0003287624473416579	1
101957476524182782166	0.00032866772801638615	1
112482032780181267192	0.0003286120146371293	1
110649446288671329044	0.000328497012151683	1
101875155295931881096	0.0003283521716450976	1
115556179283478493259	0.00032824615188710264	1
104004131575935415910	0.0003282348964861974	1
108601020727554262784	0.0003281968543034433	1
100606419273875988737	0.0003281851975494657	2
103403468778254019699	0.00032797099648989274	1
110773803259540901049	0.000327487016633367	1
100103465085338581870	0.0003273977658736587	1
117337958158952242811	0.00032738556040687745	2
115370476459556574532	0.00032723816740868505	1
105713223960534386075	0.00032715131144333317	1
114069665283616820306	0.0003270220515453327	1
105210419281249176500	0.0003268458293644821	1
109716233093030928975	0.0003267317768959639	1
105118981108167668145	0.00032641356935625876	1
103104857274117679241	0.00032606929884310793	2
112104019710863190872	0.00032584733025909404	2
116447930756811931986	0.0003257437693090669	1
114300712185217966793	0.0003255793296403865	3
108793246893038361266	0.0003252277775167036	1
106573120028719251238	0.00032515703594916565	2
118199399176290637325	0.0003251200030104041	1
110782475313659502570	0.00032470630228539264	1
110599391737268971440	0.0003243659412424051	2
118100431113189415658	0.0003242875403512487	3
102773303718674098148	0.00032426513879006794	2
113956034040441194202	0.0003237426422020534	2
107537735181542999866	0.0003236722631753438	1
105265056771720551895	0.00032357201954384045	2
111174864960647794799	0.00032344402336993434	1
116002124399894341816	0.00032328326780933363	1
109109427803573497734	0.0003230454010337943	1
116492197199806481638	0.00032267153675649403	1
113612428039463520964	0.00032239222973486927	1
115493843986611547716	0.00032187803499296257	2
104244326302398789616	0.00032173635692773816	2
116752430140002474933	0.0003216281519086403	1
101258241687735204088	0.0003216263906960561	1
102366797371689263551	0.00032161762233099425	2
117177089600960301954	0.0003215120672515581	1
105719631874959534533	0.00032129199490331145	1
117018669020854304094	0.0003211892117584746	1
110051435860595155587	0.0003211355578448768	2
106195801310980360454	0.0003210363142116708	2
113834587012086251099	0.0003208770548821248	1
101037504613481726969	0.00032080535189493524	2
109044796004034801892	0.00032064060884751577	1
115937548467085433876	0.0003205787928963808	1
109711695279713073079	0.0003203032090411792	1
104458755807282024750	0.00032024763172761777	1
116097255618551573852	0.00031940886881537194	2
106162495480110745488	0.0003194053878488976	1
105802201449078024805	0.0003193554248176702	1
107313675531983974280	0.00031929508549683697	1
116292193600245502104	0.0003192036082205986	1
117061167507565981194	0.0003190916565694352	1
102146414203682149837	0.0003190217848312855	2
105817630423151737931	0.0003188713770331681	2
103021485494547867385	0.00031866484275158886	2
109210006696205769848	0.00031861669889084404	1
117661886343564536364	0.00031861571375355817	2
117166962835543791045	0.0003185939126004237	1
103824770792328787852	0.0003185314653350055	2
114575857551606131262	0.0003184033331247154	2
112686843091136170762	0.00031799453343318656	1
111824097364014404704	0.0003179857587886585	1
117611598050056394071	0.00031748699901877804	1
116468065012053824997	0.0003173953310124797	2
104634984313134133008	0.00031733848798154115	1
118309335059215853130	0.0003173284234542181	1
112091604909171161821	0.00031723651126733336	1
106787651758213244268	0.0003171452133828101	2
115300701195356425023	0.00031698981980526485	1
111069872884039857869	0.00031677270862838015	1
103885885831036700152	0.0003165216118639643	1
100366244590546727626	0.0003163991854093304	2
102678393959907040814	0.0003163065220442853	2
115313009766208968489	0.00031623142410206406	2
108828558750746245168	0.0003160189896213018	1
103862023773331857038	0.0003159148850756513	1
105544551758131320763	0.0003157577838028805	2
103441974390889311463	0.00031561265040916506	1
110156612643829871529	0.0003155691460152782	2
103072529277586365615	0.00031554622408816403	3
112461973305145246263	0.0003152811895107782	2
107673718483687634118	0.0003151245917147329	1
114897851476805665764	0.0003151012306891575	1
107763787831388330329	0.00031481310768063204	1
106975155314649158107	0.00031441292725009574	1
111347918947233043921	0.0003139235994168889	1
105745128542016866255	0.000313850786363461	1
116518724508845550802	0.0003134984516415594	1
116677513554048487517	0.00031336718592222764	2
107073845875601488093	0.000313067612856546	2
100592148961106498550	0.00031302221686295255	1
116723373737296001908	0.00031301801175097994	1
104442668221155613657	0.00031276414226133963	1
110488549098207563278	0.00031276003381004226	1
106448934307511106762	0.0003126970740683512	2
101291101232846883299	0.00031254003346248353	1
107402247502931224395	0.00031246819497374536	2
118107179713801552235	0.00031246671974413366	3
100676359754949885329	0.0003124613102557164	1
111402596168371767684	0.00031233865421949954	2
103850759574847404595	0.00031232717813221356	1
105990097594786807353	0.00031230806613288044	1
103046198683211475760	0.00031207571790465346	2
102904128915733925934	0.00031201336973096176	1
113444937979267174497	0.00031194250344120013	1
101792830934746420340	0.0003118635256479502	2
113158586769399217075	0.00031185132085630873	1
105385121146604084854	0.000311711009513085	1
115690171800740174339	0.000311684961747798	1
101584793125615146114	0.0003114302874194688	1
109697959737050788452	0.0003113870101259085	2
108632686412421589637	0.00031121073018750407	1
104585753391420059111	0.00031112394002393224	1
114427619140485635394	0.00031090805315039553	2
113496605468632505262	0.0003107468311100178	1
102520546515811421783	0.00031073941549770073	2
109302172906576202723	0.00031050620402299847	2
100217089552866528350	0.0003104888405433583	1
112418379024073863165	0.0003104514701948599	1
106393069545967451922	0.0003104294311883643	1
112096452019880296072	0.0003104228863289813	1
112749097842326203346	0.00031038099480837963	1
116307641040925480849	0.0003100555532680399	1
105779578704676468417	0.00030985851308018775	1
106081467805593191866	0.00030965522034562807	1
102139087810276881231	0.0003094570821314934	1
117817174816310737130	0.0003090780920161103	1
113746091734601414332	0.0003089480946257099	1
112019123401777431250	0.00030891660767976546	2
102143342772805415582	0.0003088471460261652	1
115268772448683081736	0.0003086426965807034	1
109517891980414625830	0.0003086390452549184	1
118210429228713682996	0.0003086210800883101	1
108986637383395556234	0.00030859627484516915	1
114584762783017828869	0.0003085558756564681	2
101407403057127698020	0.00030823497848338444	1
117115495439924792722	0.0003081342002561055	1
102504593075332983213	0.0003081061291371618	1
116111104669712747441	0.0003080781529313447	1
106203154156684846171	0.00030793345084233583	2
107554195884954006007	0.0003078617887303395	1
110476861613340562399	0.00030784130141166385	2
100584621762098859364	0.000307690028637281	1
107641915840941054345	0.00030761433168556687	1
110239129777450747286	0.00030754616165005333	1
112466653518658431036	0.0003074947909019802	1
113224278348281899148	0.0003074493774588755	2
117606398067583660344	0.00030731018418519903	2
115899514744658620105	0.0003072991028182211	1
100639045969948187573	0.000307038060495948	1
109475113854351579364	0.00030695172013305873	2
111167107173528955920	0.00030659134620284774	1
104639572306556887714	0.00030636161037636783	1
102048504370862809335	0.0003063541142506283	2
107693201916468802749	0.00030612715993068984	2
107400833276574503861	0.00030609560818841677	1
112715964167767264522	0.00030604777658409515	1
109611870475725745476	0.0003055820172427105	1
107863237205220284140	0.00030548122467247027	1
108108574268475040130	0.00030544337191161367	3
107804004544019265625	0.0003054169755465736	1
109731693609742864138	0.0003053687662168354	1
104415313676651036719	0.00030526879442855585	1
117044063697470262714	0.00030503668204378805	2
116040034931930295896	0.0003049044431700666	1
115604980276640526941	0.00030480911005641674	2
117310476065897496674	0.00030474558640564717	2
112703598755509859290	0.00030470162824354936	1
108996544087015457511	0.0003045722791960485	1
102197539546244738811	0.0003045719262078724	1
118055335891923950494	0.00030451701223441116	1
117249861999545301368	0.00030448851238596406	2
105464637649348543135	0.0003044255162879733	2
104630709417428322043	0.0003043157754129564	1
115023834238558979464	0.0003040794133630341	2
100711269488721435135	0.00030383541293082025	1
101357436102085554130	0.00030371355871320835	2
113858797523322684974	0.00030364071593240704	1
102942054433646692990	0.0003034956956308102	1
109275162541420950086	0.0003033792928651499	1
110219327643577705724	0.0003031157650493399	2
101794235393148527635	0.00030283189094744466	2
103220667140231986003	0.00030265436756747816	1
116163754096446458259	0.000302650550967783	1
108055773101814734204	0.0003022539831378019	1
101083409996291093741	0.00030219699231581813	2
102469997747585590903	0.00030154965802669056	2
104275285055178286578	0.00030146031771714196	2
106343379607573256044	0.0003013961692236693	1
112155586707055024969	0.0003012502494935637	2
111060532138874852094	0.0003011258940387792	2
117772622960657911415	0.00030107897176199615	2
108683878610555901209	0.0003009060572944244	3
111281848721784880573	0.00030065118537781074	1
112992320954091012527	0.00030056594283883856	1
116232645119746385483	0.0003004785724350763	1
113615559210024038819	0.00030040454962656333	2
111631495110609527532	0.0003003995002897252	1
101764090850602912689	0.0003002991230986177	1
114681628007518013862	0.0003002400120639395	1
108575961322871913333	0.00030021491799487384	2
116460283963511055224	0.0002998824908903526	1
103546400464337783760	0.00029982004439483694	1
105340345334926146635	0.00029978357140378006	1
110971402089598856956	0.00029938863607164765	2
100580869289139873605	0.0002992801708365908	2
105324719332618510620	0.00029925151277659327	2
101896915525351208408	0.0002992168967872275	2
104799755657866187134	0.00029918615585028966	1
106297050976164109460	0.00029886897095333085	1
100053156799226426066	0.0002988420846853588	1
113295924833137559344	0.00029861413478209716	1
101148842065688999126	0.0002986054002427253	1
101694831794131960933	0.0002983820428263475	1
113127984001130852454	0.00029834072239169623	1
104984388845115004014	0.0002982833721479207	1
107700027720351417295	0.00029809351966734966	2
113118497674029435263	0.00029803053534233667	2
101028761244286045194	0.00029796191731949057	1
108753696846234273417	0.0002976868556516022	1
103232742995020421781	0.00029737815130805766	1
112609707132237166620	0.0002972631995361789	1
104306576355914418536	0.0002972561828071223	1
113183497368486741239	0.0002966624246401753	1
110318861168574736733	0.0002965250963068737	2
100382502425185475382	0.0002964470603549716	2
112395956093280877939	0.00029638656919433673	1
109001665669562443167	0.00029622974275497055	2
117034741859407054850	0.00029586207418340023	2
111715652745890944101	0.00029580504529446924	1
114378924650367060087	0.000295738566106515	1
108491639800670333016	0.0002957067829935365	1
104200585645880013739	0.0002950823058099904	1
112513856987273199702	0.0002949181220271552	1
108974332805469606008	0.00029460004167081746	2
103338118004306325051	0.0002945791395443745	2
103328859488783728347	0.000294412864102309	2
109849764439109992897	0.0002942943516154153	1
101841421780149979246	0.0002942895625034355	1
114527969442901187111	0.0002942802279859431	2
106036007768569161743	0.0002941598301046867	1
104282046092380541294	0.00029401715174056335	1
114215826640234239599	0.0002939398343046636	1
102177621790703964681	0.00029393698883916985	1
109934007706529711836	0.0002939145995232179	2
115928345355775061400	0.0002938346057475257	2
105555126097777538334	0.0002937564805988003	2
111607980817245877657	0.00029373683446147866	1
104283135996517762781	0.0002934470816534892	1
117929840856981950056	0.0002933777068157121	1
108019940100292441619	0.00029333971983446644	1
109780612012596856951	0.0002933250292561258	2
103175943655717888560	0.00029326366252731436	1
108096915458146487046	0.0002930699612311797	1
109204863030492721026	0.00029303969973500966	2
111359614762054487763	0.00029303353192808	1
100576277923232811261	0.00029281962356419793	1
105518467693654116370	0.0002926102498434282	1
106168732854414794326	0.0002925662355103341	1
102783101663479504348	0.0002924750787292534	1
113965223929399086601	0.0002919088930808214	1
115870693451332981785	0.0002918721170946189	2
111533380703623977535	0.0002918404662917741	1
108280699895760004049	0.0002918233290110425	2
117917855728427990899	0.0002917664932781038	2
102143578702997047907	0.0002917061400744846	2
102714842214560356470	0.0002916521073150374	1
112913269105149294041	0.00029165078798894077	2
112076585116149278372	0.0002916162759444975	1
117370659306066821697	0.0002916044695015905	2
114248789033154861895	0.0002915481955510136	1
104131296406196169192	0.00029121376539379014	1
117760826824179997751	0.00029109284967163466	1
103423896242493726696	0.00029108656544977383	1
117122019877222984978	0.0002908054664703185	1
105639209595419259849	0.0002906630861451452	1
111479872205042334214	0.0002905598355663148	1
108287490040947688990	0.000290444408896526	1
115676184622636926443	0.00029038353879820306	1
105242052952566062929	0.00029035141383990787	1
106357905229054139137	0.000290343348446647	1
101569147633975917450	0.00029024870307788547	2
114165874766495952590	0.0002901546224693191	2
102464232547356219824	0.0002901247100698703	1
106326973089842217186	0.00028998213793630066	1
109465754207165924406	0.00028993358885907134	1
116890407093456889987	0.000289804128179542	2
109551306996898347292	0.00028971292585803387	1
103895106281619011477	0.0002897037094101615	1
111481487128370894372	0.0002896246755292665	1
104594886028138157479	0.00028961805079331677	1
102627138041544496956	0.00028957716972053294	1
101864396496190786141	0.00028943200000231646	1
105496364843932469797	0.00028929465095132187	1
113780949990807866260	0.0002889474415885971	1
106334932721178845127	0.000288936312691552	1
113728490623204305376	0.00028875038714342956	1
100207519429018924370	0.0002887436824854023	1
102725632088492791947	0.0002887413205767598	1
100853878438658423950	0.0002885605872677236	1
105374920856531167334	0.0002884587959130009	1
100099294805798995028	0.00028830316319554026	1
105578994203183049510	0.00028822520325002106	1
116291916575572624665	0.000288077331826891	2
102647365353542430820	0.00028803755286885085	1
100126627645946546637	0.00028756452882495494	2
101799324245089780949	0.00028747800850679285	1
111456676695879893379	0.00028744857476579755	1
108929865077631414260	0.00028739126972401603	1
100320897009613891330	0.00028734767369204326	2
118041656720661625063	0.000287303089926627	1
101303101272501376461	0.0002872269325208648	2
103010623870105850796	0.0002870530599502345	1
116704291322180905019	0.0002868834913290768	1
114136896194133068248	0.00028661382823664606	2
114680304778927082590	0.00028656839963397723	1
107896119522288288895	0.00028653577991243713	2
105080431461426489661	0.000286378889809194	1
109539283464395605833	0.00028630705589918927	1
112798992035445561495	0.00028629833164130935	1
103043630316201926210	0.00028623866949919596	1
113388583425316146503	0.0002859386047402249	2
105787363183175221611	0.0002855296515914996	1
104871953044283157303	0.00028542388233901715	1
101316271884917524936	0.0002852555859714283	1
114022908309550436228	0.00028525086025800325	2
111560489194537025322	0.00028524652772441523	1
117543941326442613324	0.0002851655042445075	1
108774330368211602428	0.0002851509248745058	1
101662775141762459862	0.0002851461889688965	2
107015628955841113730	0.00028488965645847306	1
106649978359921982022	0.00028467034172639024	1
117516007641841267226	0.0002844734288467176	1
118007147306431945367	0.00028443357517140064	1
113061198398117189015	0.00028439773325216367	2
107766409791992364454	0.0002843011794442019	2
101706774936803951879	0.0002842976494648931	3
102196348030668119033	0.0002841531268396055	2
104687153164320535276	0.0002840233421410143	1
114778355221904601456	0.00028402231356645615	1
100400103745498628438	0.00028372564988413677	2
113092978447891647148	0.00028362336213190974	1
110716886704213995038	0.00028355760883084743	1
113330582175661902528	0.0002834708539453339	1
110850053497623693908	0.0002834114742727435	2
110521291841537640347	0.0002833531501414333	2
105379210704223074864	0.00028326670722495954	1
101763098952350307006	0.0002830841562719349	1
113873289443253295484	0.0002830694465015739	2
110183897431869053927	0.00028306239742194886	1
117295478295611116612	0.00028300415051768567	1
111691214550969051893	0.00028299243263121013	2
117162241494948098425	0.00028293722615845766	1
117926786231765219652	0.0002828521997040964	1
104772213693268114793	0.00028280675719968634	1
112530862406719233009	0.00028270305254561286	2
103442680093038883725	0.0002822748026536054	1
110598138930578150085	0.00028219761244709107	2
102594804305161934295	0.0002821614984556692	2
116668661489396616713	0.00028205133167940233	1
103882272094347007692	0.00028192770826062367	1
102361210546794892202	0.00028174712730044763	2
101693818768221695663	0.0002817127925569257	1
100439109861384520848	0.00028169573899154525	2
100686326493521453376	0.0002816385678938977	2
110192588328500527157	0.0002815492805142495	2
109540017890470883588	0.0002812130143031832	1
110091950794232078809	0.00028115927774527346	1
102291255762074918695	0.0002808955187037791	1
114155197297532860732	0.0002806012594890948	2
100987391497734635499	0.00028048893678075303	1
106400645016104274045	0.00028026636358318915	1
113665746717087158140	0.0002800049678524231	2
105001542879577510093	0.00027998259817151494	1
102278696370559640483	0.00027990518189412454	2
116566097540191108280	0.0002798646122042128	1
109894377557188131925	0.0002796186558160799	1
106650466692539321224	0.00027896701135540016	1
110097123367207319374	0.00027882949106186605	1
108510718533630990952	0.00027882638014783013	1
104336243114474051430	0.00027881040258937145	2
116910414859430571187	0.0002787658999423718	1
106447815582714534989	0.0002787367693860677	1
104500642485315142392	0.00027864187014057227	1
108124431144761447173	0.00027860466911342575	1
114016935534584412118	0.0002784744260246148	1
104293486091543277848	0.0002784415946006988	2
103846749826624890310	0.0002784099964675634	1
115220156223457434565	0.0002783431865596331	1
104991470983489611253	0.00027817886032975743	2
105533333914146275127	0.00027792051766377206	2
106783444616695334013	0.00027789470781119745	1
117507030172606733553	0.000277808242201611	2
111056430671032790703	0.0002774044879671712	1
111323897579126907221	0.0002772752577821493	2
116230445996573198265	0.00027722380703005487	1
111769044946539396798	0.0002771694336997138	2
108922357065455665505	0.0002771119867935969	1
101561061691821447228	0.00027708739922117887	2
104166717181118994586	0.0002765844015768239	1
109231859642337719170	0.00027650143913841114	1
111711767775333259186	0.0002764080554669887	2
117284652267613539751	0.0002763308201913006	2
102195589250383042094	0.0002762137310023847	1
101983805366703550209	0.0002762000524346549	1
107948342682478229755	0.0002761964427869854	1
115890636979267040668	0.0002760929886914527	1
117596887366632392035	0.0002758018969535403	1
105956085189350883635	0.00027566305873959933	1
108968814832775860185	0.0002756186489423162	1
114862621862421576459	0.00027555242751916436	2
101238990818891686446	0.0002755130925914101	2
104689782038901384658	0.00027522612351074677	1
106465321839730230400	0.0002752086215848887	1
110245349148315751686	0.00027512754342551445	1
113603540546097369518	0.00027499958653817225	1
117024479462054977196	0.00027481604061289574	2
102339014209927235294	0.0002747417978310396	2
102797282754102517671	0.00027458900409415394	1
111742199561206456936	0.0002744850715132616	1
117630229561942987720	0.00027441773969802494	1
111791756593831541965	0.0002743823294733676	1
116794079463817651145	0.0002743267709390003	1
116859625890573177133	0.00027416269714307455	1
103370308241935002349	0.0002740504448561314	1
116317840227228923696	0.0002740471375872222	1
116694211474304799336	0.0002737471429982014	2
116805236662803076282	0.0002735345606420306	1
109767214205105679538	0.00027343614139884495	1
110051015596317752744	0.00027314912370324224	1
116234948123603395424	0.0002730958006932031	2
116743270341338723434	0.00027302098866902334	1
117095527757402723828	0.0002729090044832166	1
111304478176650472244	0.00027282061322401265	1
115190894492318328143	0.0002727893255546868	1
110311732381472649054	0.0002727253781394601	1
100989072911857449531	0.00027264512992351733	1
116717190116085086875	0.00027255746842296463	1
100674343522890405554	0.0002725557325989037	1
110201827593678115885	0.00027247202399533746	1
109089109249026938015	0.0002722911498120634	1
111348432114075504939	0.0002720421974219771	1
107050054659883492144	0.00027183455558044736	1
104871894810407156427	0.00027175639608475685	1
116970761064564363698	0.00027172707474136873	1
102634830382534419298	0.00027172602468486187	1
109703942470364480057	0.00027169366725995865	1
108078587358455505845	0.0002715988437892646	1
109861075689715799208	0.0002715383552426621	1
114702375129301311930	0.0002713198771893042	1
106565348808461188509	0.000271310701411683	2
116245027334511879223	0.000271252513573293	1
106825816009080028241	0.0002712068828553849	1
108018004890853789235	0.00027113537474208484	2
112978804279332781330	0.0002710829027049908	1
114730432596122923913	0.00027105494648510493	1
115880631384458445368	0.00027066462483500334	1
105376098211594054993	0.00027062906309042664	1
101370075127878461767	0.00027050084866511877	1
111839534322118676415	0.0002701790549150549	1
111262982046184002072	0.00027006587890233486	1
107167911009785198523	0.00027005461250940234	1
109008933900993103361	0.00027001686719213216	1
118398276148768324309	0.00026993521531972647	2
111580140114398359977	0.0002699082784847857	2
114197433257896961904	0.0002694806299240728	1
110077524130470245304	0.00026935398096231556	1
115013663443567631602	0.00026900497424706495	1
105400176064639255732	0.0002689330932568501	2
115591772267657823254	0.0002689290531944738	1
107099181198839750938	0.000268897242827538	1
104236870906582989099	0.00026888932053347077	2
105731699847174230340	0.0002687737850256048	1
110859326231814432239	0.0002687675732728066	2
108487762096901301683	0.0002685838963979712	1
116724326485167794874	0.0002685690264167455	1
102047235722599238460	0.0002682363492871927	1
102447211520650111820	0.0002682003581445254	2
109113970936228156247	0.0002681801017880111	2
100543915434240188405	0.00026816203320693895	1
110931028315248759176	0.0002680860496173151	1
105888819237026883145	0.00026806640933762377	1
118058190656544363387	0.0002679723318634565	1
114076808699451980297	0.0002679203018187005	1
116243336997396224278	0.0002679166585497604	1
117664165092777516244	0.0002678469891274908	1
102673764947380748872	0.0002678443842698287	1
103375542801396350118	0.0002677016991540578	2
106662087467185918718	0.0002675798343944251	2
115825939814664654654	0.00026743080368547937	1
104274435572172788174	0.00026742983522857317	1
111955041561921964772	0.0002673908165938075	1
110307374557637574438	0.0002671338267115599	2
105225422363322486787	0.00026708725756240933	1
106352257888200427693	0.0002668958276496212	1
108018849942331662169	0.0002668358772145681	1
114111311364493759875	0.0002667675649818344	1
106913037388515204267	0.00026668483387525866	1
111438020755240363121	0.0002666477450304866	1
111646509083683788507	0.00026653857057078086	2
100034828195835575273	0.0002663881542055508	1
118246307859485381903	0.0002663647843507124	1
103497757934673238089	0.00026625122353900204	1
112850594189039158382	0.0002662270979951389	1
116082161859384164954	0.0002658264290733204	1
110282619952719591219	0.00026577394311704135	1
117067765504941319572	0.0002657392374966335	2
106291352388105578950	0.00026568191737697124	1
112798623377959973460	0.00026562941049417785	2
117943662392322869684	0.0002656217345864549	1
108932788008800738020	0.0002654196380535137	2
102405818145644554516	0.0002650521069454755	1
104727197354018275518	0.00026490428296139807	2
106722042269862778155	0.0002648868394979129	1
100420432693411136134	0.0002648769942664622	2
117620771079070989583	0.0002648055365566319	1
100123654767450651613	0.0002647908841135838	1
114475030270281803413	0.000264731753208881	2
104553271580398250441	0.00026458085800521065	1
117334216966693218610	0.00026456011538391754	1
108862638544579492873	0.00026420572690217533	1
117580671442017288402	0.00026411497346073707	2
103508036511742092667	0.0002641118970950925	2
100389897874793486377	0.0002640713206521005	1
116632553979056982414	0.00026403053766802095	2
115939073975077571524	0.0002638784494831633	1
100275461827190613538	0.00026369761499615314	1
110946190831873757931	0.00026367880911941333	1
111183594426705071492	0.00026352507439807366	1
106123465281190845478	0.0002634100809782071	2
107042962225166094348	0.0002633558216320464	1
108366758944640339131	0.0002633295269872538	1
111604508400671022860	0.0002630139922859562	2
115637606932362704305	0.00026269946540209867	1
112303968762045911542	0.0002626886999355484	1
101346687049976221781	0.0002626269018574113	1
112782918624193380413	0.00026260997982281915	1
109392004489339874816	0.00026259848052441974	1
118198479536704976580	0.000262593353973134	1
110971793626678493894	0.0002625006950826242	2
113029824734549605300	0.00026242568262614923	1
105161978201946831142	0.00026241127167143306	1
111426134491484781772	0.00026231722533104915	2
116237242688726363256	0.00026223748410929325	2
103036786006384210848	0.00026214625735811664	1
113319159110232925568	0.00026200846445901475	1
100855797004917861250	0.00026193908784578895	1
112356703603032517059	0.00026180483422948066	2
106130821640818555251	0.0002617804547384139	1
106418964327633615692	0.0002615435902155473	1
114989098799686222520	0.0002614959244597506	1
109774483202796179482	0.0002614188311021665	1
100845288048841379887	0.00026140557302772063	2
108737772845276198949	0.00026132797222750754	2
109344878669729620500	0.0002612879319673566	1
113633700706087963915	0.0002611970354862882	1
100767936419192820614	0.00026111062632635287	1
109292997285535326560	0.00026066520259747524	1
116313940416025106561	0.0002605777224776376	1
117454981992420803720	0.0002605425014543685	1
106492558827038890140	0.00026046065033202544	1
110913355692243778879	0.0002604238976089316	1
118024482908668520705	0.0002602997817307669	2
105480466160940772958	0.0002601309998135743	1
101211304927063284245	0.0002598699286387783	1
117151300292231312495	0.0002594852724469535	1
101243327427639243853	0.0002594715753544818	1
118070986942814900513	0.00025940938509025	1
112737087024763980113	0.0002593229886626753	1
104821227150934037021	0.00025907909685625284	1
112866654582569623557	0.00025901160589344324	2
106358367842810848008	0.0002589840811590555	1
108561307727161070609	0.00025893670986384574	1
106150455609633531935	0.00025887625225471436	1
102071370520547943705	0.0002588480733725593	1
102279481809776795562	0.00025879909583453783	2
111310046455974644071	0.00025879028478239846	1
117395848326661456071	0.00025872919180055024	2
102180346606354189992	0.0002586830408877299	2
105650330989548537290	0.00025866340140074566	1
106162381089984978148	0.00025864822742937334	1
110401100755377253052	0.00025862028379555014	1
106444822605783509036	0.0002585886762541889	1
110935478775708629255	0.0002585018260928315	2
105758269819437798402	0.00025846953713347864	1
106463618470062510615	0.00025821402621099897	1
114582477550422750421	0.00025817127728342855	1
113790930021756792972	0.0002578865879449567	2
101748648149951425648	0.00025787999502379337	1
105658622361675876684	0.00025779387197019844	2
100399305333296725024	0.0002575443836157596	1
113895611135249176380	0.0002575013933372339	1
114393811815013794007	0.0002574866118154683	1
101038413202959010394	0.0002574299776669204	2
104363675984488688233	0.00025738177717904876	1
108180103280548296074	0.00025733455101715325	2
100465608810588795960	0.0002570027677822242	1
100507603996779895224	0.0002569395549491034	1
108249033825653625110	0.0002567869020896113	1
102160363134469621905	0.0002567568953041931	1
115779153897689064900	0.0002567382293807426	1
116030016619269802791	0.00025637809301070464	1
112241237332726481303	0.00025634513882851227	1
103300163775354335830	0.00025633237997231556	1
104112394657514349538	0.00025626972383577875	1
110177631102716632262	0.00025619803269580506	1
112299075337587509889	0.00025617905730758347	2
106300556871096798911	0.00025614103347160644	1
101388924797376418162	0.0002560853793799089	1
117594046931782005726	0.00025604139585441965	1
108982883229977670497	0.0002560274888154867	1
111499475665106694998	0.00025595629572288845	1
108246051084961773687	0.0002559001255983796	1
108455318095395479881	0.0002557545529032146	1
118038648790674665148	0.0002557202248579995	1
108575466774226882873	0.0002553227098811329	1
104462130249877869019	0.0002552861500518047	1
110027004095881437689	0.00025527302143446085	2
105562984268271417589	0.0002551829054701923	2
111806908557808014370	0.0002551725166778168	1
100642792829500939346	0.0002551541007650408	1
117023366482449928290	0.00025483113265760697	1
107799653538351180710	0.00025472434590150786	1
116306683618740308150	0.00025465497048612695	1
117761933838233395836	0.0002546442209144469	2
114643933805348688905	0.0002543605977142949	1
109036411558048055742	0.0002543265793367362	1
112647329320037673730	0.000254299074867311	2
106856358853454513373	0.0002542793710070383	2
106909695352436014731	0.0002542697515357357	1
105849189267860478070	0.000254160357839193	1
103363359562250742737	0.00025412507551882796	1
116304368527992037535	0.00025366678312832916	1
113846828048953817337	0.0002535734481611615	1
105425436963670047433	0.0002535646522793363	2
102426190781647848679	0.00025339631795040317	1
111630468557161125556	0.0002533692541577602	1
112872898330263650924	0.0002533397380753666	1
100140666577536355564	0.0002533197315743692	1
115348165346093067745	0.000253314227286122	1
109407035695819365082	0.000253034250309486	2
117170170174543303852	0.00025300455051757394	1
100666364541983657264	0.0002527345014914598	2
115185300920244881895	0.00025260189347516807	1
105370949868064032367	0.00025254252659751366	2
115708767330504735644	0.0002524867412296053	1
116485844921527400388	0.00025236568426936724	1
114118785361712936713	0.00025212313331481723	1
104290285676526678870	0.00025210314015913153	1
109287036232528901917	0.00025206112719396845	1
112313253725497283137	0.0002520004448103	1
100255102778442021897	0.00025199210626486424	2
111008541286524404623	0.00025198636574158464	1
109669593959563374614	0.0002519800396198929	1
106510127189308510251	0.00025167853702166365	2
103163859435837093284	0.00025160692153148093	1
111024534037769372298	0.0002515621418514211	1
105905452809006184133	0.0002515426423596709	1
102913467820312900790	0.0002515252834390914	1
104083575431673498073	0.00025139338067474084	1
115697450560347075123	0.00025124147404777106	1
105804904241535800793	0.0002512361665024415	1
109492560169033493227	0.00025113172847044784	2
112252468782302918256	0.00025097036128918617	1
111469521680075398185	0.0002507190026892361	1
102752825026390890175	0.00025062429222842675	1
103899646291109905090	0.0002506208418267217	2
110067955607867504580	0.0002506103819041482	1
113916507136108120484	0.0002505192989165966	1
117443302271958836068	0.00025046343220577863	2
101410946952857953555	0.00025028637729690347	2
117741281413109409912	0.00025017925582654593	1
111672237763654753670	0.0002501761863923891	1
102372467916908577736	0.00025011204291772426	2
116586021208103069989	0.0002500399424406475	1
106359967887398270425	0.0002496892749521271	1
105146294989198255067	0.00024934992931438874	1
114265993391305855027	0.0002493000702019799	2
100198789462126553771	0.0002492476742952016	2
102501124908116317041	0.0002491822181747881	2
101285386356997200642	0.00024909213753873335	1
109640706941042871585	0.00024904909499699534	1
111349594915435423024	0.0002489480569685186	1
113631648784252842539	0.00024881376371151896	1
107098081683604966667	0.0002487817553479753	2
114857177940550875145	0.0002485498296417002	1
102164678469733378086	0.00024834813086424285	1
103134028944289931172	0.0002482697164154365	1
108220875085446444388	0.0002478575764341579	1
113373098865456269131	0.0002478480627696773	1
113776821042982418457	0.0002478174642536871	2
113387377457614555301	0.000247713495424084	1
103548652983106425817	0.00024761764957420795	1
104664396144739993668	0.00024761449314877085	1
110263069898041783827	0.00024753232639225135	2
101408182172556224625	0.000247422704195366	1
115751985982972246887	0.00024736887638647937	1
109588321727472634929	0.0002472967152383308	1
115470498364726846205	0.00024719805594113954	2
117561481874481801795	0.0002471873955061589	1
117353536406857742536	0.00024716393184401537	1
114444148385540411254	0.0002471599843913187	2
109964160716109480518	0.0002470977828255497	1
105291496736922963821	0.00024707755792794647	1
103818369747756077965	0.0002469685305659478	1
118407421990570741633	0.00024691661861911017	2
112549343239921226155	0.00024688854064515545	1
111866832707669934515	0.0002468664700545455	2
105465905856275978460	0.00024672313203738885	2
100929078467025616674	0.0002466809371167432	2
110475732453427522367	0.0002465624552522357	2
104972251202417915800	0.00024655594778988263	1
102335779176152161616	0.00024650036541198575	2
108258291530489905301	0.0002464657788617226	2
105258388468220948970	0.0002464414053174077	1
100223426453654445789	0.0002463848086739829	1
108843557493906810747	0.0002463596663334126	1
101713634207919944880	0.0002462974641816635	1
116149453144627220454	0.00024627341812259566	2
114887788212450591354	0.0002462016144784451	1
115833185981222721597	0.00024614189025379084	1
106560723413305817776	0.00024613634392618293	1
101277053367604914647	0.00024605834697715687	1
106126806550435061334	0.000245876033240181	1
113634055390422871460	0.0002456138204007888	1
100978065283573869433	0.0002455999706728892	1
116768329453708442625	0.000245516962845972	1
106823549552304360659	0.00024538533561984955	1
107643401950317559992	0.00024499970834922783	1
101132628451440955803	0.00024492885175361935	1
111004442892792321966	0.0002448808510693972	2
117183895544671335629	0.0002448396718176545	1
107940602552915133945	0.00024471938482388864	2
104181297283368036043	0.0002444465592216863	2
101637839160442395608	0.00024420214652566725	1
108888496016662393800	0.0002440906625791562	1
104865398242798700054	0.00024401851294607885	1
112397249431451980636	0.0002440089665468286	1
100066493310937980219	0.0002439926062442199	1
117079064745744711641	0.00024377510252292426	1
114474430480291112556	0.00024371664004060154	2
103401777130502388574	0.000243675746898598	1
108339035471802714702	0.00024362194262881503	1
116619207570505426105	0.00024356988695809143	1
116636106747136322254	0.00024348849121682734	2
117568186303073941488	0.00024341371276796392	1
101271656956405577787	0.00024325359631864176	1
108251446562570976526	0.00024297510333477418	1
108107439272887393780	0.00024288597852630792	1
106900437204502661743	0.00024288363327891824	1
113282615052165438213	0.00024271254846108296	2
103928521958777924600	0.00024255953549971905	1
117045807467258596709	0.00024245866484940372	1
110600282093400642277	0.00024236134123685094	1
102688048007509432671	0.00024232977971174773	1
105971378799803318959	0.00024231506741939244	1
100654348352811460420	0.0002421743031200551	1
116227743194047481102	0.00024211367262840004	1
108787973708482800047	0.0002420800573872654	1
112546044476544105441	0.0002419351321226236	1
102213531151595412130	0.00024180887531327747	1
118425528640609493111	0.00024178818892366623	2
118120851348523453698	0.00024151990791665203	2
107890734879960972569	0.00024151285238664295	1
118241428556615009364	0.00024144746947341378	1
105333932692346530286	0.00024144000311943073	2
103739101855261341155	0.00024125031160190032	2
106098605924384033264	0.00024114741682249298	1
109170507715247372581	0.00024094905948718264	1
106747181937481400508	0.00024091568654737848	1
107533518245231072721	0.0002408118800280111	1
104941823497239377407	0.0002406582155172934	1
108464480032689454292	0.00024049743925699598	2
109202865881831290872	0.0002404720993230357	2
115362432232547193242	0.00024031171910462114	1
113619968700131836951	0.0002398826667717677	1
109658928725880368496	0.00023985488393067164	1
108516238404247361779	0.00023969612555198113	1
102456000692088613871	0.00023964847068399432	1
109732436882325155852	0.00023932913491302824	1
110888233400853224635	0.0002393009247788981	1
114504712238011757609	0.00023917679250873427	2
109835834715843503155	0.00023915663849794044	1
113472917836231441304	0.00023891290209801692	1
102659799109268745043	0.00023882110203150378	1
117011163074082038822	0.00023876485559571183	2
106986427648357193691	0.0002382796069889232	1
100145130766171217727	0.0002381649138000342	2
103840523815416710741	0.0002381649138000342	2
107737970721375032935	0.0002381649138000342	2
103230454501682292842	0.00023812108763454883	1
107616004689267622698	0.00023787933470144457	2
101198473930794105619	0.00023777730218840993	1
116455388256573426531	0.00023766504743894974	1
101596406495587612575	0.0002375031048567563	1
116727178380688356739	0.0002374461992682228	2
118262672057097425257	0.0002374275774979554	1
114771609003397648286	0.00023737819407032755	1
115040318056125946266	0.00023737352014282446	2
101185748996927059931	0.00023732049162063093	1
101293506688613002507	0.00023727802835764636	2
112805660749029741753	0.00023703638964821827	1
106052208249566038048	0.00023685160744280659	1
117899905189586762975	0.00023682078566348354	1
106541477699788194614	0.00023672089523040228	1
113625465540875477995	0.00023669981463972744	1
108542548157881245971	0.0002366828224555326	2
111773212766577634487	0.00023664946280427563	1
115409719042604746583	0.00023609350611685783	2
108593190202966625738	0.00023606777844441284	3
113508639069541182968	0.0002360600666510015	3
110462336660011602850	0.00023604607401916922	1
109310004952597089134	0.0002359979306944054	2
106892552063358672453	0.00023599407926426765	1
117485112588440259770	0.00023590818754364333	1
106158689261884535424	0.00023587491748046645	1
115758861889285942971	0.00023576030122006363	1
118101164963418732133	0.00023576030122006363	1
114349105967177814046	0.00023573330447721486	2
106200406579876807593	0.00023556858890651675	1
108655520659632781891	0.00023555453264579457	2
112613633405852406807	0.00023536253136606037	1
106287070925962366110	0.00023530796146175724	2
103326213267122761442	0.0002351489678754423	2
115539992672314322973	0.00023504873455811783	2
103899099735559046307	0.00023490673288512575	1
110905398807957617480	0.00023440559997402812	1
117936251821077980667	0.00023435480025448455	2
109584896859449874949	0.00023424747701833736	1
106564232190827630600	0.00023424747701833736	1
115879254081199336670	0.00023424747701833736	2
109939200351644747576	0.00023412637717851542	2
113901044772821318283	0.00023412367609672188	2
108311334916100610440	0.00023411584595963846	2
100789026686746772871	0.00023407622219215332	1
108450319350596174689	0.00023386849876711003	1
104064614251288536712	0.0002337426166515285	1
105880569213409682559	0.00023374008194940646	1
117120161445552540250	0.00023350085629690414	1
104006883734298041934	0.00023345534191592847	1
107259925483797785781	0.0002333533703412894	1
102094989299483740530	0.00023328707450340168	1
107084977153402620409	0.00023313331407535782	1
105906659720984464574	0.00023310760842754264	1
109791677357309759744	0.00023300900944903515	2
117005343220469009551	0.0002329584772590065	2
118098738741471984844	0.00023277644287660255	1
103186214090909524407	0.00023274926903031406	1
114687965440322957836	0.0002315932489269517	2
109361948459363896224	0.0002315932489269517	1
114197086905420990990	0.0002315932489269517	1
110250333560607303648	0.0002315932489269517	1
100665776533220908082	0.0002315932489269517	2
113144823789808386639	0.0002315932489269517	1
111041499621786268955	0.0002315932489269517	1
110961431381126113425	0.0002315932489269517	2
103985490881354866735	0.0002315932489269517	1
117856233971028148532	0.0002315932489269517	2
110924398382132200277	0.0002315932489269517	1
111654929053609347173	0.0002315932489269517	1
