#node_label	#score	#gender
111091089527727420853	0.011845219690510308	1
106189723444098348646	0.011074012184765971	1
110286587261352351537	0.010939025684340598	2
107117483540235115863	0.01031709894675098	1
109813896768294978296	0.01021247854099032	1
112063946124358686266	0.009116166094833634	1
110318982509514011806	0.008330010393288212	1
104987932455782713675	0.00813011205101222	1
113116318008017777871	0.007487665614259629	1
109280758276914754699	0.007232796128099399	2
116916509982727482768	0.00684800750159137	1
109330684746468207713	0.006799234486134531	1
112720115551116828016	0.006720086414709163	1
116204666196772968478	0.006667840137528381	1
107136426838396790957	0.006549420407199864	1
111107665026656718495	0.006536208101246349	1
111898652807602476145	0.006474955545308721	1
106419400577988151299	0.006201555937497917	1
101849747879612982297	0.006099573703696451	3
116478618781099942956	0.0058274167728240055	1
106306945062511966344	0.005777846296174204	1
107753428759636856492	0.005646124456838334	1
113686253941057080055	0.005546152699283275	1
106912211138884458238	0.005489493469457482	1
104323124367803306993	0.005455064663144229	1
108218997772479471618	0.005392972831178451	1
114029592652569324837	0.00538772225191659	1
115277354774512813305	0.005345875556522242	1
107704384394349545477	0.005241101571673449	1
107234826207633309420	0.0051233862106500605	1
108676018775025201061	0.005114767112715694	1
114245534338887342709	0.0049007600595404495	1
111171416539633276676	0.0047155803517727485	1
105216491640488683417	0.004642434653999929	2
104121828420855968683	0.004548400610306439	1
108016228299742896694	0.004472048391352315	1
108176814619778619437	0.004455652092234732	1
111637781336462698926	0.0044524341733459104	1
104658321334997886274	0.004394755485263006	1
107254564276814715035	0.004393235019053782	1
102340513898938766364	0.004347363295729513	1
115582623750221438794	0.004326009578904124	1
110544037180447481256	0.004249989499941787	1
100646334382638139241	0.004207296950696244	1
117621573067728774378	0.004200038845308757	1
111318868687919410142	0.004190741543578779	1
100535338638690515335	0.004190110712010971	1
117637847826011770778	0.004069081009646025	2
100518185316746449179	0.004054855995734139	1
102476152658204495450	0.004052470122973649	2
105484572683420527233	0.004025263417822553	1
111538009015644508967	0.004021099517110134	2
115438207971132250876	0.003997153646251496	1
107543460658107759808	0.003977347953687921	1
107329370654098738190	0.003975342134637808	1
115509436080942450638	0.0039746876910288645	1
112468268811879206655	0.003965069197879765	1
106228731443438162287	0.00390586779988896	1
107282254148638948066	0.00387083739733572	1
105017289267741004914	0.003853429644513489	1
106743526356104154802	0.0038398388239519674	1
111873853137122484021	0.003828444114345792	1
103761326311610249621	0.0038079229804643512	1
104920005151379865084	0.003785530620794451	1
102781315536557513596	0.0037622884083461277	2
108898106647176864843	0.0036843953226755105	1
114153859732710523651	0.0036286866865114526	2
101358132915387811680	0.00361104328026736	1
104012041198796623502	0.0036097955879198992	1
117092140281152359615	0.003600513909190659	1
110260043240685719403	0.0035989413936611103	1
102102519752761988811	0.0035802563203218432	1
101069123027070788845	0.00357505197809846	1
110881862255116610490	0.003558958289961279	1
107490430589154581764	0.0034661342608396295	1
102518365620075109973	0.0034597142661300503	1
105943946099362806788	0.0034516258883607346	1
116992221479414639679	0.003430167941595747	2
118258847595972123892	0.0033926747362234	1
109220060006128553211	0.0033852703775824455	1
114428401458138152037	0.003348078237028142	1
108487822477374389081	0.0033311009824768274	1
113034287044887162571	0.0033207377415604995	1
111603780342665706717	0.0032902796602462727	1
111914022223561217737	0.003224699313728021	1
115121555137256496805	0.0032077318988003242	1
100931351527431690863	0.0031854077231555263	1
116420972797550666132	0.003171052758307262	1
107026299993226528916	0.0031423868590368604	1
107119940474246316259	0.003141598929123744	1
116444778202433288162	0.0031371150904863365	1
102781222101344935450	0.003136095868933552	2
112366928520861932130	0.003128211181772645	2
106979372492552141708	0.0031008457883422063	1
114294092720316402600	0.003088189617279158	1
102049759076077252504	0.003044548862075421	1
105445845521526901428	0.0030407392572711607	2
101399120398451286442	0.0030363495380313953	1
115764811785125551876	0.0030222067043125097	1
103638829409267861281	0.003004633127277689	2
112171390023938841334	0.0029797386019789814	2
109824447107773849855	0.002978994807072553	1
100749732173301042685	0.0029499031977815973	1
116696943168863559388	0.0029468885243111092	1
104663849249011879980	0.002945263478525904	1
104914829730501706316	0.0029306296567822507	2
117681034834791918293	0.002929295549271873	2
103814653718186136893	0.0029013697646914343	1
113271433504869081420	0.002896381830428165	2
104548627795526843775	0.0028815359822682235	1
105228323457033543279	0.002862748306081379	1
110318709616045782634	0.002856016120344666	1
115204805503581947511	0.002813452073094933	1
107958711860940415885	0.002797155558443281	1
110329781365538654444	0.002790630247067354	2
116552537730644069572	0.0027889518741547117	1
107902791674095682080	0.002787853698637806	1
106958140647341978935	0.002781169310946443	1
108112557629934458248	0.0027698190532972704	2
103855721758679327070	0.002765598448894352	2
111672213320663226648	0.0027308113950507635	1
109088917436592071573	0.002708141447391051	1
111973012122832065397	0.0027060032373093963	1
115620311972760142483	0.002705567966558823	1
111759924371065234455	0.002686793907816602	2
102384669117825357195	0.0026319354962590453	2
104249175041927427607	0.0026296601840964167	1
104104628905123090160	0.0026248638342232147	1
110931291456672435801	0.0026095102449256707	1
109361243262465114404	0.0025996088348279826	2
118186376149128229425	0.002595126082016966	2
101210829142482499574	0.0025866635634917406	1
104482086818095930400	0.0025585842715974243	1
104380036950579300637	0.0025390740334147307	1
109304903996729396661	0.002521202957418658	1
109938155457750178578	0.0025199053564259753	1
113027287369712034675	0.0025193501866808765	1
111919830452146731504	0.002500067641083384	1
112826423224865921778	0.002493893458007641	3
110206169594070357955	0.0024450400799538056	1
110025177084709634671	0.0024393779769354413	1
113541353417093562904	0.0024325702641817626	3
100114197953564876729	0.002419371014497022	2
106983800549406471589	0.00241834340226551	1
115080215652229659698	0.002402545554230684	1
117719599284694327038	0.0024016420286408695	1
100964804550687527654	0.002393725062668191	1
106798642791378451894	0.002388725102489937	1
116647113240675794643	0.0023650055236489453	2
103009042022920905686	0.002363345373656751	1
106075926887576280408	0.0023631387320890798	1
113165622704612371637	0.002361409557124293	2
117657137420162434975	0.002355827466228677	1
114815362689552468369	0.002347051980426774	2
116254743331541186636	0.002342785901038127	1
111666959095947698908	0.0023321360721454184	1
115409439975765947523	0.0023265118680898533	1
105959547924565834291	0.0023101157098729215	1
113090564771556824088	0.002298543809007172	1
115522092618994457414	0.002283342134304797	1
100458658122301138710	0.002268141597473434	1
104016949609489688294	0.002266618931225879	1
107999218794532799579	0.002256371233927728	1
107328949221172543768	0.0022479195709186545	1
103049373110021341267	0.0022283216322078383	1
107489144252174167638	0.0022179781893293614	1
107591005438840138933	0.002206192701910599	2
104389177028000702804	0.002195375795434766	1
107526321116822867905	0.002192366342978104	1
111036996649675924558	0.002168004622009961	1
117049199222703310001	0.002142484833658237	1
110032415846418478826	0.002134178208642086	1
108834544234077411259	0.002132159831593361	1
108884357052099541036	0.002111943018710396	1
107933403455719017519	0.0021116004990560217	1
110970478049227720359	0.00209206450662355	1
110893326269022263700	0.002081223464678903	1
112840324860180809271	0.002074064692681246	1
115514397255079403751	0.002064471603589339	1
114837315757849666490	0.0020408051622972856	1
112515944562734885900	0.002038246675601458	1
110333439507119086243	0.002031065986739216	1
100863441490045703293	0.002030938911508696	1
116811352610210135232	0.002025032335652414	1
116989099472773156563	0.0020249476465714136	1
100989405473280437703	0.002024799675108152	1
114821316248063145186	0.0020167771692044516	1
113591624564876051139	0.002010964183521007	1
111937447827665620879	0.0020097179323902464	1
118352535706748672083	0.002005846976256408	1
110394599356932147330	0.002003910739259509	1
112591443587858467058	0.0019963150497464477	1
105040001333571511595	0.0019962850826230286	1
102992070475249017892	0.0019812604718128044	1
113654461547690050667	0.00197066256614333	1
106790394183446968954	0.001970060856373297	1
105362990780240393762	0.001965011393188323	1
111488831556990534257	0.001958105446828135	1
110573952887886961621	0.0019534919693281506	1
102755548808767411605	0.001951347783008495	2
114036274603402952893	0.0019347340081893863	1
114289995665966193845	0.0019054194668572948	2
108866766699357318662	0.001895697627969864	2
106463577650312558195	0.0018946944049450724	2
112456278022585520068	0.001894133159419459	2
109385188178546641401	0.0018675152071965808	1
108019161218248038499	0.0018612889492239586	1
110653844345316956436	0.0018574857816007764	1
105259605759214369744	0.0018565017689900077	1
117697379995591819341	0.0018497875526314882	1
110495386740742342449	0.0018414488647155046	1
116272870812037282078	0.0018305613246236555	1
102522790344277499713	0.0018294519321068652	1
116551430990291119287	0.0018285798127331049	1
116010686988761119371	0.001827995479168653	1
110865502095380244833	0.0018249103329061344	1
113735310430199015092	0.0018207212867135843	1
100175433411230075678	0.001818661012369687	1
110962949352937565678	0.0018105587244199172	1
107538266141221068784	0.0018008059544270996	1
111153424287860982436	0.0017971467591559715	1
105220848639572427910	0.001796386578082898	1
109660691925807568927	0.0017879981642284495	1
110217867677589593536	0.0017749804949101424	2
103697821787469756035	0.0017698307826265643	1
116779814450869313689	0.0017581829362963827	1
113111731715139693250	0.001755403335284443	1
107775404050846237250	0.0017547690239205927	1
108538588905235310311	0.0017469085536511572	2
109394349516935036489	0.0017448264825068948	1
105104597449939418155	0.0017446030695427667	2
114131994632283189651	0.001741729167686062	1
104639333291066555098	0.001733499021819923	1
111025373948207252417	0.0017252915501451852	1
108133942581363255702	0.0017148880754589047	1
103650951579527262798	0.0017115915649548409	3
117629791479283618824	0.0017066832184832543	2
105162951236695164085	0.0016908628502740638	1
117514464753153422778	0.001690476614193112	1
111880539351297758103	0.0016896071411529765	1
102979077334467637325	0.0016822086559169069	1
114303077675805674937	0.0016798382270136686	1
116913173549547958455	0.0016797405835212663	1
104533729067901420795	0.0016703502520162275	1
111112809838472063992	0.0016525808093678933	1
109190137053185405445	0.0016468345467049524	1
108795646679428393530	0.00162682113761136	2
105207689891479566260	0.0016231233268567884	1
107812906235274761438	0.0016207385045516162	1
101925705381192094985	0.0016133472826873625	1
108763875810484030742	0.0016097650378610949	1
112898506860528736309	0.0016067264689074768	1
117347855423688052162	0.0016017320736024044	2
106671084931094301510	0.0015974200067373154	1
102917920133417079347	0.001596710113867336	1
117075503202449801357	0.0015966501260116768	1
105044049419763533097	0.0015811522429030039	1
115641413807398447170	0.001576316275138131	1
107233369724085876729	0.0015720280504906317	1
108471491304464798132	0.001566584849711632	1
107180995614531146994	0.001566439623010596	1
106245708073909716431	0.0015613392863357356	1
100710846514306801296	0.0015582955287446458	1
116166068464639337000	0.0015532259615985806	1
116307281101062914676	0.001537881842729559	1
112911146747570509415	0.0015362291278924677	1
105767136296365355682	0.0015353319863957717	1
106536992144227213867	0.001535126730755802	1
114342931920872765450	0.0015340916899898942	1
101145349888949898123	0.0015240062933656508	2
114814005044450108245	0.001522898124703374	2
113609359086719569624	0.0015044950155185433	2
108105194941776408439	0.0014924231300365407	1
107995585016260554472	0.001492214876115464	1
101994211282765276238	0.0014865564709562757	1
106908648730212606899	0.0014790829223161085	1
115168997402617363565	0.0014767469160438533	1
107903247163748995532	0.0014752679772856887	1
110974772585842612281	0.0014647124819627173	2
108866517128669238568	0.0014615920776234646	1
111960527250858280267	0.0014592748153065948	1
109152125511224038626	0.0014539391895298228	1
117457510566857497398	0.0014529592522428375	1
110973272040036458313	0.0014503362488981423	1
104929895883956247417	0.0014488916154268886	1
112329729504298063848	0.0014448528336234317	1
106587963903888665919	0.001442665418193966	1
118228042756375875487	0.0014355764225548054	1
110731734730770864535	0.0014301448963089096	1
105262398854285842196	0.0014265460994401678	1
108207780037796764305	0.0014229183944089382	1
108975541323383725493	0.0014171333550478497	2
111702332843907686345	0.0014097433862827464	1
103265059475645622476	0.0014082689788117784	1
109649289311132501404	0.0014074114230082872	1
115685890766198677436	0.0014048311004998127	1
117934153163147168732	0.0014017042488937658	1
112538110844790684406	0.0014002130583857238	1
102014393913671414230	0.0013904375776814032	1
102067534298859524515	0.0013904191723951174	1
106156578140045112056	0.0013884262132228195	1
116658264853259433857	0.001382304468201544	1
104969644294937516031	0.0013697446685679588	1
113072651523911683691	0.0013611332112153072	1
116474811376225703281	0.0013437279817664594	1
114611629365777822843	0.0013357045530525075	1
104506173414420325418	0.0013351315323605975	1
113433521312884747919	0.0013336235989620184	1
112786527053466874529	0.001331865198036156	1
106599441255234401250	0.0013267806388884528	1
115683924567129785598	0.0013267806388884528	1
109467379152856855994	0.001321355695799632	2
114966435318890555521	0.0013177718516426387	1
111630701529247329936	0.0013160785608523405	1
105934188197241728889	0.0013119748752391045	1
115466107325720548376	0.0013116762901591282	1
102835178612567942671	0.0012913193545524306	1
106863471565584446254	0.0012904394148217377	1
110669721142605343145	0.0012827612532674611	1
104939903971508025673	0.001282462587637498	1
117326953697823621359	0.0012800304995503884	1
110251427144651396435	0.0012676423741470291	1
103673618036978447844	0.0012661064059353846	1
115300091131973542868	0.0012590336095341572	1
103098855986676641514	0.001255321217472523	1
115532192042664936929	0.001254730631891125	1
109586223246135440246	0.0012448859418601487	1
107586848779322803429	0.0012240167090144737	1
104694788074649436349	0.001223100523822748	1
111979834690755246870	0.0012200304135645966	1
105411709722231075603	0.0012196253540398155	1
105550258134015127174	0.0012191835433010853	1
106708268732917128726	0.0012106730278254089	1
115289783041335985128	0.001196536730960664	1
111459197718303171211	0.0011949961407713159	2
116564938651198299183	0.001186694306746919	1
110414037869019174999	0.001186694306746919	1
100811733418406054662	0.0011776012794915713	1
108444215341191901568	0.0011714450724865588	1
106870625510756361805	0.0011707150957626041	1
101919189295813399794	0.0011592653799874686	3
111608447973404477355	0.0011592653799874686	2
101523182748495616264	0.0011592653799874686	1
108555502588425470447	0.0011544353716558312	1
113649496471309774909	0.0011534910848854329	1
101709342500542880334	0.0011442724126149357	1
115941910942767428161	0.0011386874335016094	1
104156719397280448257	0.0011349226365870847	1
110045373023954256790	0.0011349226365870847	1
105503330812967785235	0.001127328414087011	1
100691050017746631848	0.001127328414087011	1
108421221875206061761	0.0011252759146744332	2
106055747224376244270	0.001120363337357173	1
117953876746144459251	0.0011193925549295976	1
112714634906710104038	0.001112014923199477	1
106722799090952227190	0.0011055918789245939	1
112508589247432380775	0.0011047441002386676	1
104291956380717924325	0.0011003222908125576	1
116886769294426740132	0.0011003222908125576	1
116234948123603395424	0.0010983349734145491	2
114179652535844207946	0.0010967299051569833	1
105299865907019142478	0.0010962495806633925	1
109408808750509873570	0.0010908666934103758	1
112422413796912198314	0.0010867961022049566	1
108402879846936281735	0.0010828021195125519	1
117854825024183239005	0.0010819637798671388	1
103218855410099498497	0.0010802378915840643	2
116249606329691396518	0.001064475666262645	1
112712970284573134101	0.001060761524806551	1
110892014084964045585	0.001060761524806551	1
116849655684192758218	0.0010525966259946203	1
102253727553751994625	0.0010520024960952584	1
110528107336771511954	0.0010499098409431646	1
104232904497611959975	0.0010470928867771275	1
108203957491115411311	0.0010449387640020001	1
115025975672388095624	0.0010449387640020001	1
116118401489516405562	0.0010419502260584337	1
103604857281147966745	0.0010419502260584337	1
107890185946821378258	0.0010312588142170722	1
110173998251917253344	0.0010312588142170722	1
108117827573351787777	0.0010312588142170722	1
103926519390861486765	0.0010312588142170722	1
104491580826818101848	0.0010312588142170722	1
104149580324596269430	0.0010312588142170722	1
116699686772158171288	0.0010312588142170722	1
107306536569520130542	0.0010312588142170722	1
104002865728576677072	0.0010312588142170722	1
102278837765625647534	0.0010312588142170722	1
112748425661431716169	0.0010312588142170722	1
114362178095305788081	0.0010312588142170722	1
111441972356017181029	0.0010312588142170722	1
102230298284689661660	0.0010312588142170722	1
115928430413604102905	0.0010312588142170722	1
114119715789580037906	0.0010312588142170722	2
108149612873495609315	0.0010312588142170722	1
107016123411515651670	0.0010312588142170722	1
116405744866444729645	0.0010312588142170722	2
116620694556277304537	0.0010312588142170722	1
103295246410616440225	0.0010312588142170722	1
105076710391595017255	0.0010312588142170722	1
115296247411877185873	0.0010312588142170722	1
100626130653318149704	0.0010312588142170722	2
113011514863494049656	0.0010312588142170722	1
106272365825786323518	0.0010312588142170722	1
100494158504977490281	0.0010312588142170722	1
