#node_label	#score	#gender
118431479040696721062	0.015877240498286028	1
110286587261352351537	0.010801063278836152	2
108551811075711499995	0.00818008915978426	1
107848683209550177343	0.008128839941630089	1
116655261233473161214	0.008023889332149231	1
113486258565133169866	0.007753811540394765	1
113544226688149802325	0.007646992124831924	1
111831210587436839654	0.007136442734568911	1
112424660786025465813	0.007062513355296467	2
110322730047126794152	0.006873377586627976	1
108094760132961329912	0.006618372486612774	1
117449552683124744975	0.006497054383535894	1
115132224342326007174	0.006452379890703251	1
100004700684642451003	0.0063810245655376635	1
102393285441761349996	0.006151570847338408	1
107695052053552030326	0.006146738870604447	1
118188105735019800013	0.006022470482646404	1
105442373415337158364	0.005989496954755839	1
103200491340117663153	0.0059640746121521	1
111985521572154217593	0.005719648880342393	1
118243407544591552495	0.005715392850766829	1
101952053161821265435	0.0056586386096016935	1
101263615503715477581	0.005487370736335491	1
114187591484113256592	0.005341934579156558	1
115777452056468221080	0.005314864542205002	1
117997454598890656184	0.005277727459460038	1
109382394062299560880	0.005208882474944374	1
109608014041082800532	0.005164347589773725	1
114432114102248715448	0.0051503288946365515	1
102385677016564126977	0.005112712591402295	1
109360565607953704023	0.005098705231974528	1
106352138926892419398	0.0050635230850784516	2
110275513659157714405	0.00505165337773093	2
105376231195218819988	0.004800597147537326	1
114464029173743123204	0.004758121699767356	1
105649578342083720252	0.00464318475132874	1
104380036950579300637	0.004622246485408772	1
115960289873597934410	0.004612340479748105	1
114307087280160985534	0.004583530107244626	1
113766942306819721122	0.00454998412065317	1
106421070409350831485	0.004524806517075129	1
109812951456668621627	0.0045001252393127595	1
100023286556501872792	0.004477414885761596	1
103802953956875072619	0.004463620875928113	1
103003637677366090993	0.00438895838121175	1
103139665625941938476	0.00428300924264371	1
110917067026077783562	0.004261476156336239	1
117107557359773456528	0.0042526010827454806	1
112063007341469150840	0.004249868267187562	1
106042618946409301937	0.004242781789031388	1
105506202240279205423	0.004183560212733608	1
103765013042311928518	0.004176171309979814	2
100656329683658494138	0.004141806912856467	1
110077141419510454119	0.004060020475746686	1
111956817739070937689	0.0040134220541531915	1
108151604155558780064	0.00401203667699942	1
104106433368283071425	0.0040073644538156684	1
117688352808031191197	0.0039997925892686775	2
104990490544218902641	0.003960987398816807	1
100343954739488270232	0.003932506973970828	1
103360298993928895085	0.003932320150102442	3
110423806038878774943	0.003925805142813034	1
115805994122853376768	0.0038621492331443936	1
101460778602725368886	0.003844534574398282	3
111124881102876897182	0.0038422598529477226	1
102159513122532462767	0.0038118594265804176	1
115830287230580546083	0.003796345683712599	1
100122119025236996735	0.003752928900893766	2
101161895797466267779	0.0037458695074757066	1
110265788529286523789	0.003723873221065462	1
101305140270441782427	0.0037035079051835696	1
114492733511564479374	0.0036275335694459427	1
116709532913592625856	0.0036266951225406062	1
115297426438223200523	0.0036168301034238347	1
110031480103193850235	0.003558078679114376	1
116803832571577151851	0.003491632455476267	1
104994838109992159534	0.003482213852720695	1
113201918008220228286	0.003474199308881939	1
115867713418705857896	0.0034421914035212718	1
109987298989268416158	0.003402471235463466	1
114032469230476542456	0.0033794337949996462	1
107737560135969390096	0.003359418411257564	1
113413259377846414756	0.003347217261258016	1
107564912059555527808	0.003335702588851828	2
110605611100382960881	0.0033268504417832785	1
108336622077405623796	0.003297020015927284	1
100679131071077043250	0.0032620266587026782	1
108277911144034417844	0.003249154051174796	1
106162982437086548173	0.0031738122423694867	2
115469182999078714171	0.0031673171435677044	3
100739932808139435599	0.003162075716237316	1
110567225711334910746	0.0031569561996475167	1
108027150925738763790	0.0030646665530118192	1
106378859941188335465	0.0030528102703139713	1
100968895948385844883	0.0030447341950377163	1
107329524188272203208	0.00303676247318048	1
115850133467466647489	0.0030233225401962794	1
110543534321044441482	0.0029828901228632367	1
116789266528489444982	0.0029634969113523655	1
116117407518330452909	0.0029366057179706804	1
115230978413163388051	0.0028930610207060304	1
107243039270530195466	0.002870766889326703	1
113343688023183976298	0.002831483924544658	1
113524553203022706579	0.0027930795424313502	1
114287596184729056864	0.002792832214792979	1
106131351631180098567	0.002780499993570718	1
108116992417551990891	0.0027409801358511295	1
102308422982749736494	0.0027374844428527546	1
113924468140133925897	0.002681661052159912	1
117788155377265428209	0.002672669003388149	1
111829177830443714545	0.002658944600586012	1
102716616712282749848	0.0026551389767545644	1
113945107130317338998	0.0026467581701417513	1
109452222308587709876	0.00262693722668065	1
110363096624654608188	0.0026103618958447437	1
102862269547490042914	0.00260122199072236	1
106393478695568433143	0.002535911715159088	1
101268387452694553936	0.0025337458380853568	1
117916252089681626113	0.0025090252979965404	1
102105077507084167455	0.002495601868133597	1
101988311467023108260	0.0024899423962015717	1
112231532011471488964	0.002453375559068156	1
110555421079469869824	0.002452051983666709	1
107767775974830891773	0.0024240981404931587	1
104448422657600894788	0.002422327936734036	1
109016674901395143669	0.0024148587968235566	1
103013678024764949723	0.002402301691042031	1
101580808268575883309	0.0023913467880486822	1
112309266372425369860	0.002380516645133499	1
101643413120536885708	0.002346328164332565	1
112728670557842198494	0.00233291608172048	1
103516101477675354956	0.0023186219060805056	1
107176276108664223128	0.002311225017012267	1
103979136728895938497	0.0023078579626649096	2
101173568330808690240	0.002300219080361483	1
101108320774633423479	0.002291528981599245	1
110322126814306312495	0.0022847415922894456	1
116446276636008107529	0.002283563664163571	1
110373903029569305079	0.002281414404582547	1
112439491152365310126	0.002279895261355259	1
112219009072747316920	0.002272220446079721	1
102662977527831418363	0.0022719870545002243	1
101242757177290190603	0.0022711489728414903	1
117736443193688427534	0.0022524192925145845	1
117739011991134804413	0.002244430014452221	1
106139776479355977430	0.0022313137269233544	1
117388620809893038081	0.0022010704217501993	1
118237490980518891915	0.00218054767118853	1
102643788759325246420	0.0021495582238117853	1
114765962269275775411	0.0021492023586919522	1
112572972737029057357	0.0021439440704432485	2
107533149232163192139	0.002118332335432406	1
107380681052376888124	0.002112147221063304	1
111080113950148908195	0.0020974481409110866	1
106262336092405763141	0.002084516145251619	1
110133871181097955483	0.0020800350141312943	1
112996000353418222856	0.0020786115470441996	1
109420348171622152415	0.002052245653768125	2
112104976271315037312	0.0020468672033095107	1
101523649349570907780	0.002027233773509764	2
108445037729070237089	0.0020188329414779424	1
103785661648690711462	0.002016467401642791	1
116533908718360487745	0.0020014346219667154	1
107014651170476966577	0.001999958690856698	1
110622465355779386372	0.0019819327981175816	1
105676833733443491239	0.0019782173407868558	1
109840525685186708116	0.0019750448477422193	1
113310315365132464668	0.0019705627759451306	1
110192849809573982568	0.001962281639714235	3
113579008759187492238	0.0019605710661486104	1
104826901696247952989	0.0019477355665736208	1
107154688710458064038	0.0019463440231548208	1
109245934298499502159	0.001924686646893645	1
115109244322491142578	0.0019227577701655166	1
116725820534982970168	0.0019073188501460452	1
108630357553473027693	0.0018911409534107925	1
113340713661144224109	0.0018807600708383582	1
110048807033387957957	0.0018778392318646183	1
110645048199061401279	0.0018738612608625719	1
116999704680241341643	0.0018678223396188481	1
108040997812273248426	0.0018664028531678199	1
108327650383963286710	0.0018439259758650317	1
104129920441243215280	0.0018413655660503658	1
111037761398675142637	0.001829279669603613	3
118051310819094153327	0.001808260523328559	1
101910087160990319999	0.001803260811606281	1
116721830086633870794	0.001781817241828848	1
105597572471958045298	0.0017811919683366258	1
118150883924616039343	0.0017763196170155569	1
111884592487170668559	0.0017759020796065074	1
101335111998301603094	0.001753559991442354	1
108136313320483064854	0.0017499984947791244	1
103100266689585651722	0.0017476534179509224	1
107509379770050043220	0.001745190252871896	1
114955872208382854762	0.0017395956200829637	1
104210518384862189612	0.0017378918332419	1
103246883219045288169	0.0017158095513153167	3
107242706723168914421	0.0017066016172908834	1
115334820415946757962	0.0017039522943732752	1
109585716855239048243	0.0017039408623433566	1
105145762082905982691	0.001697233601209818	1
101547461460339004541	0.0016728244754646963	1
112785891415716884350	0.001669207826479116	1
115772920946571344386	0.0016425825541446473	1
104951785956109326959	0.0016422705354428822	1
115596395815211678440	0.0016417256687742583	1
117265236882380184775	0.0016344966219417694	1
100140238308766471818	0.0016335856998549265	1
117179771990578703641	0.0016261394099608296	1
118334943158284981666	0.0016182041096594938	1
117162052687551823628	0.0016165752906559096	1
106735721516226022579	0.0016136222176582793	1
101548982419911258383	0.0016136172961293419	1
101298812183965857098	0.001613538138216315	1
113406188276210546554	0.001587491467865671	1
104964156794403926982	0.001586297857049772	1
106755474122461446405	0.0015787519651726096	1
103896425713519800173	0.0015724499090311352	1
106603978773495063065	0.001571657343523636	2
101130656339668533532	0.00157055950231322	1
105026174295155464909	0.0015663495334756385	1
102406830043611465854	0.0015662066918957652	1
106113821006729563584	0.0015647020680753664	1
106479664261565912958	0.0015635424829744022	1
112781881730933652507	0.0015609339261638954	1
100187499461439572345	0.0015574377575045563	1
111872052773595344587	0.0015568868277246043	1
110924283092081495697	0.0015540857202425596	1
111675911199446211467	0.0015522667445192935	1
103506316146636068527	0.0015425064234758383	1
103648233079626060098	0.0015409755724668836	1
111613508668367015310	0.0015332325665145183	1
116799471047836357082	0.0015254636323016107	1
107659703242668898229	0.0015173649190278542	1
118248537793879090185	0.00151711099026665	1
106159891869506816561	0.0015125240883631082	1
118032616145262493853	0.0015076411844470589	1
109265846405935279111	0.0015012570007601886	3
106806621549101550635	0.0015004362420153396	1
110825713042963190822	0.00149991191498297	1
113523795628116543169	0.001498305274037275	1
111271307857145646029	0.001498245673006018	2
101793705012669747862	0.0014981153927144278	1
104291713915914583965	0.0014921809371223765	1
110126738379882279569	0.0014910479843477356	1
116221372672116728046	0.0014899501025820174	1
109706630556230867331	0.0014823242648204901	1
112714959721783337140	0.0014808194259256842	1
115867773640068177243	0.001480798704224876	1
108247731133517029005	0.001479743221581614	1
117903352969708645495	0.0014784521038795709	1
108265125652482386072	0.0014760639735867747	1
108978590255316111277	0.001475974666094068	3
115243283552450403066	0.0014716387938871144	1
101138098540593212493	0.001471405595749218	1
109999745679845738438	0.0014696730096606064	1
103638418712895743766	0.0014686108138252678	1
103211004508716608446	0.001464785748401433	1
110003236530491063445	0.0014646111373923887	1
112080220551018368303	0.0014636669994448272	1
102672356817411976490	0.001455320406606386	2
106095110448490852553	0.0014550074489276589	1
111709556825877075830	0.0014544788853282603	1
112342236713457244164	0.0014508417323434923	1
101367287626316061533	0.0014508417323434923	1
106290935693145878466	0.0014473786708986737	1
108728446963405264019	0.0014471559633793545	1
111889635481439219891	0.0014465445911117179	1
104108809944586870787	0.0014437842641676956	1
118304173668770263321	0.0014431716211296955	1
107724056293272052448	0.0014410588107096351	1
114305733748810504505	0.001440841426837553	1
109274523872183495814	0.001436523739518401	1
109527969706076440833	0.0014310701297213743	1
111666847776382551033	0.0014294022160807988	1
104396728696230898697	0.0014254482390621387	1
101632871097777264317	0.0014237934842192173	1
117624300961938545153	0.0014226616518319625	1
105700644769602664656	0.0014218110860773707	1
107814596879755892422	0.0014218110860773707	1
101007529154766933629	0.0014218110860773707	1
116372120993100276933	0.0014218110860773707	1
104674128007427847430	0.0014218110860773707	1
107422148691494053053	0.001420033808429709	1
102359102039767057917	0.0014186935616569286	1
108459163233893424489	0.0014145326786003456	1
103739194051376973085	0.0014125783669618767	1
105145463344384687075	0.0014112231326192405	1
105765324779979158471	0.001409526569647557	1
107553609824835778824	0.001407682326980264	1
106971463833584962380	0.0014076627527597166	1
117810123293074695780	0.0014060608736169685	1
101235614191418016987	0.001404298699422209	1
104971996993460932455	0.001404298699422209	1
116945714696022886459	0.001404298699422209	1
105278240941783114879	0.001404298699422209	1
118068121616874461859	0.001404298699422209	1
110328093886503567989	0.001404298699422209	3
108435576571752805518	0.001404298699422209	1
104671053636689616435	0.001400435981741215	1
118185050718365361265	0.0014002920760849535	1
108193591969402937392	0.0014001636707254783	1
104181814149705570854	0.0013999523158523513	1
104530334594575099051	0.0013967025007388732	1
111811098242807577664	0.0013960783132153922	1
115813622695808447434	0.0013939299230811644	1
101835380874458125292	0.001393134130141652	1
102999681352424159104	0.0013925200227008468	1
107011216522502524166	0.0013914500332604831	1
102424356546794594027	0.0013867021952329338	1
114440532784581528809	0.0013855020323342239	1
106706051628838501017	0.0013855020323342239	1
107203626928971911136	0.0013828591831595155	1
108487993490920687839	0.0013792669251250014	2
104074617378855621051	0.0013759326701848148	1
112439259870073391445	0.0013722712297013855	1
101462921037115533588	0.001367989645679062	1
106328002211143837917	0.0013676718544727517	1
112025377828272821008	0.0013676718544727517	1
116301374817038840593	0.0013676718544727517	1
110487854372657102016	0.0013647995199930311	1
107194248537668308592	0.0013647076646562018	1
112980916830225453321	0.0013640055026973238	1
101717339202139970956	0.001360660223152261	1
103959775218183883544	0.0013586229113243613	1
105260497287493879638	0.0013552374838567169	2
111099036917052429756	0.0013506208490358686	1
104184944017720877585	0.0013503523128846383	2
102226417720997208839	0.0013501594678175899	1
117961780051000822748	0.0013501594678175899	2
110904092105785168275	0.0013501594678175899	1
110498109241658610003	0.0013491419635413013	1
111838402541780534542	0.0013491419635413013	1
104269621710050299995	0.0013491419635413013	1
107956740118444753699	0.0013491419635413013	3
104099118635498971967	0.0013491419635413013	1
112256976927211772102	0.0013464065867847036	1
118320900901955132880	0.0013456750973150123	1
109735868860370294405	0.0013430649144816034	1
109874174385539915810	0.0013421202919464807	1
100882657599387074024	0.0013406580826029546	1
108386538410866080414	0.0013344855516132972	1
103032603001927228111	0.0013316295768861395	1
100794281149082251166	0.0013316295768861395	2
110030964752647576388	0.0013316295768861395	3
114340512670253039461	0.0013279944540137277	1
101560625581821524748	0.0013240930421223795	1
106988198460050559140	0.0013227130743237612	1
104052041887048204383	0.0013223480150493345	1
105772499910582771079	0.0013183705007760716	1
104872101632219462326	0.001313519855453895	1
113776382996486725967	0.0013119249406114103	1
108035211387449422448	0.0013092722565288858	1
114034568598160760099	0.0013067572214809067	1
105016010889941821112	0.0013061873387144101	1
114650422509576090388	0.0013061873387144101	1
112709867194009616506	0.0013048356283941727	1
114397013206804964477	0.0013048356283941727	2
108032538882637392664	0.0013048356283941727	2
113040692760846195842	0.0013031676461348265	1
105867162090503931274	0.0012970088108733686	1
106387550494177894002	0.001293393088250784	1
114764905398517065084	0.0012926582558947554	1
110142601588286890195	0.0012904386449922173	2
101820635011268054887	0.0012886749520592483	1
115461948912781983123	0.0012870627221111906	1
112406108969462310665	0.0012787489784127728	1
103036616222585468844	0.0012736775031825327	1
112492868331522062111	0.001272291126249542	1
115589092237056732521	0.001272291126249542	1
113897239516013800718	0.001272291126249542	1
108930080143587073137	0.0012699460140688217	1
100282970873846192826	0.0012664593526265306	1
117787608258085083252	0.0012664593526265306	1
102792323209851993950	0.0012661781519153134	1
108654833827434771284	0.0012500440902876856	1
105057670112492356197	0.0012446468569164112	1
112603209467018784756	0.0012446468569164112	1
115617510534739470241	0.001237441558947746	1
107483203334888224326	0.001237441558947746	1
103921972570989580000	0.001237441558947746	1
117010426603830226628	0.001235494873407485	1
116545453696141465722	0.0012271344702612494	1
111491735754246501661	0.0012271344702612494	1
100234924469561414132	0.0012271344702612494	1
115220850001949724810	0.0012271344702612494	1
104719579730733144162	0.0012271344702612494	1
105094097509642689048	0.0012271344702612494	1
109882243746940099018	0.001226853605489616	1
101202883727221076105	0.0012199291722925843	1
112856475976686173938	0.0012199291722925843	1
117665735068321288801	0.0012199291722925843	2
108980098518357485324	0.0012199291722925843	1
108387107938966310755	0.0012199291722925843	1
107075975341943309138	0.0012199291722925843	1
102551492162357281309	0.0012199291722925843	1
114314970926233054294	0.0012199291722925843	2
117368766494322665324	0.0012140632376682946	1
108831709666798388802	0.0011903629846026014	1
109534573647989038474	0.0011899021839415645	1
107147193833157076397	0.001185201452626782	2
114458131914661387065	0.0011788116479204199	1
107122379910556102539	0.0011659249189981142	1
105151313544060357380	0.0011659249189981142	1
100066493310937980219	0.0011588295913742628	1
117279619122672444879	0.0011563630163561748	2
110747474263876943685	0.0011514424813415319	1
102878300342084455664	0.0011489810551042878	1
116541069782839975313	0.0011264496939634623	1
109539347890276011826	0.0011264496939634623	1
102020563944085659169	0.0011135629650411566	2
107400576934731156795	0.0011135629650411566	1
109037259113987528672	0.0011135629650411566	1
104685533616516288766	0.0011135629650411566	1
110704030854263574087	0.0011135629650411566	1
115839741940327512826	0.0011135629650411566	1
101648900168764061523	0.0011135629650411566	1
110547987399830986500	0.0011135629650411566	1
105690638227318523508	0.0011135629650411566	1
102715939550071329481	0.0011135629650411566	1
100058236630377671218	0.0011135629650411566	1
105220391308014100868	0.0011135629650411566	1
102353857599000763062	0.0011135629650411566	1
102762314616714743857	0.0011135629650411566	1
100609323646450015170	0.0011053232904324533	1
105010164358775286804	0.0011053232904324533	2
