#node_label	#score	#gender
106186407539128840569	0.01966586214952055	1
102314262414916775768	0.008022490038751646	1
106600757771848447744	0.008007310997420494	1
104560124403688998123	0.00780563663297918	1
108076846041429742479	0.006398752960686017	1
100909546646242432417	0.0059423027355991935	1
106189723444098348646	0.005850009673615788	1
108957795290078982439	0.005536731161329677	1
101849747879612982297	0.005412202631696393	3
110643018782010522436	0.0053981596250416075	1
112063946124358686266	0.005299750739840144	1
118373663328244187498	0.0051466863493516025	1
110286587261352351537	0.005017613777767884	2
111091089527727420853	0.004966717184509501	1
117679260119174291360	0.00473416825315829	1
110318982509514011806	0.0044593155772638445	1
113929649512843361380	0.00428950878386951	1
117769849288201665894	0.004168562575731279	1
116594312391031620584	0.004122047347409875	2
118267041953042294743	0.004032898581109886	1
110765131640690541310	0.0040252086570066944	1
111788550680523401539	0.003911235423803104	2
105237212888595777019	0.0038736167188688133	1
113612142759476883204	0.0038716831781159776	2
116234860471326963773	0.0037182737575780886	1
101460227782413274406	0.003678978562761485	1
103606174741574397890	0.00367340187554089	2
104987932455782713675	0.0036071577312369054	1
113116318008017777871	0.003565414235038302	1
102317848459686896166	0.003551889990736369	1
116449344847221208244	0.003504555713554627	1
114173985154060386938	0.0034256507614370524	1
112844561713780016118	0.0034122457484891187	1
115157636642811626111	0.0033731356858547152	1
112316060748513259321	0.0033137565412396036	1
109826228058070141144	0.003278165465486407	2
102034052532213921839	0.003247303348063309	1
112374836634096795698	0.0032062844128887455	1
107753428759636856492	0.003197241267661522	1
108176814619778619437	0.0031914659549283964	1
113514359090285707598	0.0031489952592868987	1
107471532903143892903	0.0031368486547042698	1
105076678694475690385	0.0031144606401618626	1
109198068979396757482	0.0030893983642155077	1
100834378485895409468	0.0030749106869919197	2
103716847685048716973	0.003044566120471115	1
111500377053466418367	0.0030279807922992453	1
116681454266107802366	0.00297750614928487	2
107402153575627677278	0.0029767940471612233	2
100542615208853133365	0.0029258686203847365	1
102673514885268822823	0.0028773755244358382	1
104267556247863406520	0.002873406575818712	1
106318111152683661692	0.002808688954517195	1
106497949182730964838	0.0027442580318855093	1
108551811075711499995	0.002742897119166092	1
113975821888044173139	0.0027187858412891937	1
106979141005492449666	0.0026766725182115394	1
113117251731252114390	0.0026524819253700054	1
116376658056460591487	0.0026330517880562994	1
109953228421867221920	0.0026141431479299653	1
114274687956791581923	0.0025881972071954986	2
112679069241212073579	0.0025864198925484036	1
110697953608597320574	0.002538532990834866	1
108082478497335384404	0.002499542001787076	1
118320665823821681206	0.002453602797279705	1
104427974633143112976	0.0024344417314559933	1
104920574890360513397	0.0024176965926631672	1
117753274394525564935	0.0024134954010658883	1
102299921869191330941	0.002411019850736121	1
107379489464447013340	0.0023737687065095246	2
108472211298000664814	0.0023366472177031483	1
104509376161113271320	0.0023252423257765172	1
104626920040497589030	0.0023203561733726053	1
102976465024742837897	0.0023126757114546193	2
117818363829980497205	0.002295216936458126	1
102752688780933185559	0.002278613220899065	1
104755120045345098309	0.0022547016602949893	1
100570943621691880802	0.0022438896943983095	1
105987572115496165444	0.002233576361286053	1
110480424460969036131	0.002224813069713506	1
103907806627406122152	0.0022228859903213874	3
102539560828186399462	0.0022212447782618636	1
103404201489098793438	0.002204799530621346	1
116297822166667634310	0.0021757420395072395	1
104974235123841120202	0.0021462279080828968	1
105256156026694816333	0.002143667315673883	1
100560257956229714598	0.0021434678427958696	2
107234826207633309420	0.002140261878451463	1
109905874786501833024	0.002138328632483769	1
101714445432458405262	0.002133406478970525	2
106958552091282211106	0.002119083509860259	1
107499625506294518015	0.0021017160811103264	1
114893261182430801767	0.0020991669123313814	1
106299502890438073954	0.0020824920697046106	1
112726038360301567381	0.0020792590061548956	1
113455290791279442483	0.0020647884034626605	1
103189172553679571166	0.002063724189266686	1
109275900965114105858	0.0020537811073414835	1
108317289702756150578	0.0020508008248082657	2
114069556747039613148	0.002031629437022931	2
109500094738345747468	0.001994433994957391	1
112339811242234024600	0.0019888610133062157	1
107890734879960972569	0.0019768104767776233	1
102447393194469801400	0.0019759840328192665	1
117879648937111553070	0.0019759686438572664	2
109187026428012507334	0.0019728436905802707	1
114755053812766572596	0.0019702398120317955	2
113544226688149802325	0.0019678057977484714	1
113561159276740933778	0.001966696227531541	1
114196811624014431112	0.0019609673957060704	1
114284669487341933902	0.0019578422778530427	1
106601750065856151933	0.0019393808862959222	1
113167963525553874055	0.0019383897113734085	2
110254112020179650973	0.0019365821050967482	1
103814653718186136893	0.0019342602414155379	1
102359835372274965063	0.001929117295047683	2
104015870160096329227	0.0019190339870391558	1
101812538957101671138	0.0019144928812313941	1
113686253941057080055	0.0019035601571240593	1
110205621691394466738	0.0018947126159787019	1
106506647267786956499	0.001879001281455434	1
100393196717216421059	0.001879001281455434	1
114436707299696851527	0.001879001281455434	1
101800141332534184485	0.001879001281455434	1
106702963465506867582	0.001873671008122546	1
111666959095947698908	0.0018487670562021253	1
113801236315350503728	0.0018480187727944494	2
113210431006401244170	0.0018250297695733418	1
116303888538492711348	0.0018073034102272759	1
118055282431114392816	0.001799153216561343	1
113000402527641970583	0.0017875733749552355	1
116805285176805120365	0.0017841885507686966	1
114282344195998449570	0.0017763011408362859	1
101396087935203987162	0.0017742596967073375	1
111080325474059136917	0.0017670734352135229	1
115409439975765947523	0.0017600534111268233	1
102216887206636463918	0.0017369016852186222	1
114536133164105123829	0.001714710306246626	2
109379422941209395475	0.0017138127746920508	1
108000051912603578599	0.0016930313027140524	1
112707199408484711520	0.001691554970817086	2
114454204522366889340	0.0016782446233590408	2
111954038769135314567	0.001651761566880453	1
108805430409141907975	0.0015966561520154065	1
103275414019940070295	0.0015952000067294887	1
107771181372242547518	0.001593196343990735	1
108384201920217141722	0.0015883267768488918	1
116445996143970732192	0.0015778403100103911	1
115603875228641083705	0.00155538132094927	2
110763708130424967560	0.0015535392821571076	1
111705533032607741863	0.0015431036375956903	1
100612175927429294541	0.0015411099888405517	1
112850950254504072129	0.001538209205916323	1
107833107845497630206	0.0015355015084551511	1
102533732658641069172	0.001513544942381229	2
103399926392582289066	0.001512953558822157	1
109362242506345782519	0.001485557977319421	1
114153859732710523651	0.0014787127678088465	2
102865263115020893218	0.001471533961947377	1
112043733720691528915	0.001470268907193048	1
115471815788264818704	0.0014688473124237242	1
118036378782834084572	0.0014401342035717424	1
105216491640488683417	0.001439794206987647	2
102615863344410467759	0.0014329931517817578	2
100397511207083609950	0.0014255458829428506	2
109602109099036550366	0.0014189238193795992	1
100032150156925946449	0.0014135420700591731	1
111045857694647169718	0.0014105510372983115	1
114324572122696049251	0.0014009379715412993	1
104094951643589965847	0.0013756433291395166	1
111203177111013925515	0.0013699027751370267	1
105046530334806680420	0.0013614108871414401	1
107982618909749811163	0.0013589356028422925	2
110524394314009972540	0.0013572372974742074	1
115597959246124183432	0.0013508656753963696	1
109667890964357276732	0.0013500124533735404	1
100974258168375166691	0.0013491184476572627	2
118434540131659816507	0.0013413928777940651	2
104773515781763171849	0.0013410677829116713	1
107742059751171695340	0.0013379326712331563	2
107383157816966336384	0.001329514953159235	1
106536690729180559366	0.0013233872565335358	1
112226108704688540728	0.0013198155732219914	2
112572888596658101745	0.001288031669931437	2
116871720753561268256	0.001275206078110692	1
105673698389549885648	0.0012741874462506727	1
117888860379667170672	0.0012730816575169915	1
107501491159803985844	0.0012615229238009179	1
114189710205132302286	0.0012605665143561669	1
115544846065497536518	0.0012476205968872185	1
118026639398463272784	0.0012468640529544077	1
104587853140477187557	0.0012319710879303307	1
103449247930273304057	0.0012196376604041255	1
113522167310199103094	0.0012165619152565317	1
108112557629934458248	0.0012095732940552437	2
106306945062511966344	0.0012089776405258827	1
105571367382401829756	0.0012027832703962482	1
106419400577988151299	0.0011953686293082687	1
109093635277519477531	0.0011951596421139127	2
110933278795835298751	0.0011722199222578206	1
103518031353425519457	0.0011682205761630684	1
106777401902103313994	0.0011648594217476883	1
102373191596205712937	0.00115728188669519	1
100164349595580410742	0.0011507753017512283	1
117211092043045415977	0.0011438719202679294	1
113319349520888439059	0.0011414405933401488	3
108952536790629690817	0.0011347759793978447	1
110544037180447481256	0.0011314935929734747	1
117555474223483018170	0.001123073239472532	1
111544649477886707742	0.0011225783101272645	1
106665185918564754695	0.001121208031030883	2
106393478695568433143	0.0011177131050095397	1
116420972797550666132	0.001115423098195104	1
103351203612291121500	0.001113051877218533	2
105894852188749828857	0.0011115819436330172	1
102754078406911309551	0.0011030045185733825	1
108541235642523883716	0.001095491645682669	1
109031486518632696635	0.0010946669167541932	1
101987072260327250694	0.0010854523328041547	1
102584844332595334693	0.0010820609261277874	1
114743704471276253503	0.0010796827534026963	1
105175320120498005241	0.001070389346077451	1
115231132046412024296	0.001063265820235706	1
111759924371065234455	0.0010601954282094816	2
114004547841929396876	0.0010600321055211173	1
103030116155431184588	0.0010590361419391579	1
103561129420172342325	0.001044081866389702	1
106535723624866309220	0.0010418385740437962	1
101478171184225243029	0.0010365575051385445	1
112730993651425627519	0.0010356642282854502	1
114468593663912084118	0.0010340490723291522	1
115121555137256496805	0.0010326581615826929	1
100671962746616152327	0.0010316554474601963	1
107375497089825173805	0.001030278354441522	2
106506966828595242496	0.0010242592994491046	1
114618043230336563405	0.0010214088205387122	2
102781315536557513596	0.001019265150087191	2
114424163811716070551	0.001018494557622178	1
107902791674095682080	0.0010138246418958043	1
113556002842571527057	0.0010133394370146626	1
115430526592747192094	0.0010027720395263465	2
111607775101955562594	0.0009998765449026495	1
112294626693333964410	0.0009985210233196245	1
117984579082495874011	0.0009973879387090933	1
117504094740689521147	0.0009959649879491448	1
106736592653655008454	0.000988762806918423	1
102467383730388863972	0.0009858652493209903	1
101901560303275458765	0.0009826781317682379	1
109193674823031718540	0.0009803110247112291	1
111048918866742956374	0.000974691234666781	1
108490791507069410168	0.0009730193806939566	1
101607003137135354331	0.0009716655556884431	1
105017289267741004914	0.000968257750341776	1
110352049954858592591	0.0009626331466874821	1
103697821787469756035	0.0009616712000707087	1
101269616518480136760	0.0009607782348957009	1
111302283388096724737	0.0009571073278078181	1
103952215474318614668	0.0009519200422462548	1
103765013042311928518	0.0009506523513487439	2
117596712775912423303	0.0009492810608565528	1
109637499582414394379	0.0009477384144568287	1
109213355974494564760	0.0009445292437553958	1
114245534338887342709	0.0009428698896221053	1
102222722824849858928	0.0009402860319065857	2
112532462446203858454	0.000940126533348107	2
104663539774442774100	0.0009380537958075083	1
100623276740673202144	0.0009348465622834918	1
106619177530590150046	0.0009276953837943774	1
115824749838216263976	0.0009256408452172136	1
115031545528816193813	0.0009207592528755341	1
110581693083408452344	0.0009159819408280078	1
113079730162847759736	0.00091319996998219	1
101221104868305787960	0.0009131374908993163	1
115597730833824751996	0.000910424157818648	1
105853072546739549316	0.0009079104088131992	1
112534008082284397603	0.0009042469362456634	1
109441170633961821109	0.0008937744615768497	2
104914829730501706316	0.0008882497970864895	2
115583906115141197434	0.0008880668654497946	1
115875113332363089907	0.0008854084824584962	1
101639527325167148276	0.0008776203749615456	1
101290323115775608002	0.0008745588044401827	1
114428401458138152037	0.0008741043540526803	1
102989073624322904979	0.0008727301927848511	1
110573952887886961621	0.0008705111655462288	1
103988511308835223279	0.0008654158683310684	1
103611125430825032608	0.0008621878100826722	1
108636858817640026089	0.0008603518132397738	1
109614444934743992132	0.0008599080722816774	1
115910935753862341354	0.0008587125167759613	1
101131201901730432126	0.0008552162063386947	2
112218555972977855197	0.0008550983208943916	1
110023904208758175742	0.0008549582233859233	1
109830356655972238757	0.0008524872400395441	2
104531609977012265422	0.000852342232866313	1
105242528442539697758	0.0008468063176987884	1
111124930081935539248	0.0008450289347209003	1
112025209852076779883	0.0008446914647426262	1
113076730691471689677	0.0008403919445834175	2
106795916614100659420	0.0008373368965693128	1
108439032486286528947	0.0008372408197397325	1
102042548664953908552	0.0008324877855065112	1
115904015099153313561	0.0008316968883888374	2
118301801570268856235	0.0008288607424301738	1
100651621769656849775	0.0008278223005139866	2
105977760167703216702	0.0008271657323720571	1
101113783882299556336	0.0008215464586282344	1
112336147904981294875	0.00081976669407284	1
110486517623939606418	0.0008180317760867346	1
107656088609554509650	0.0008178389504697441	1
110375431750503296908	0.0008148611778146386	1
115041971354446695064	0.0008085076734195249	2
104028329852681318179	0.0007993760935759159	2
115314704721793037922	0.0007981805331027583	1
115316767511490897406	0.0007977794346752516	2
103958441795544241153	0.0007973205501345969	1
102912747351843166899	0.0007955131715776077	1
103533326117556337218	0.0007953692749075619	1
110674756121778026215	0.0007903857298817924	2
117029224600241876063	0.0007900594682429398	3
115459243651688775505	0.0007886999189043718	1
113751283404152316115	0.0007878391265164886	2
117950808296625507560	0.0007863376572924559	1
110106586947414476573	0.0007792909969960418	1
114831291174925522786	0.0007787918301055481	1
114043432458944086501	0.0007786947948413667	2
107404242080797040590	0.0007765518265776629	2
117310042965407401917	0.0007734476916090289	1
113881433443048137993	0.0007715321533623677	2
113271433504869081420	0.0007706109474181751	2
109849764439109992897	0.0007697457885889086	1
106265316827872063604	0.0007651100187125407	1
115056011540871202403	0.0007629664536795151	1
116166660014087779586	0.0007610714252837832	2
110826990192585492719	0.0007593423620063461	1
104403266059394158450	0.0007574455088817092	1
103074474198131988698	0.0007571099974879561	2
117807373507435100906	0.0007569751238059208	1
107707592416977920764	0.0007536297310958991	1
101680775145929111715	0.0007496502717537835	2
116113762565849581081	0.0007480111597945359	1
106362055213919335650	0.0007447733726628403	3
116757769864443435530	0.0007423816777316781	1
103333429938529668020	0.0007372689924985108	1
112395984886882740302	0.0007345826733061787	1
106382433884876652170	0.000733825248810374	1
102898672602346817738	0.0007315872240287383	1
101171267267295051773	0.0007293734827519881	1
117510668326290837438	0.0007252385410083658	3
104129842883884467271	0.0007247681177322614	1
110379434263550065795	0.0007246539067539844	1
104328553869453938019	0.0007242305394114011	2
110002405786613212411	0.0007221351472764318	1
101593672387925401705	0.0007214375863162693	1
101263615503715477581	0.0007214020263952704	1
116149494893265617869	0.0007210895374801241	3
110269457039439183245	0.0007206286363113098	2
115777169768345614675	0.0007159182237550986	1
110703103570865392587	0.0007120598437708773	1
102086404545364739725	0.0007103392068273985	2
105736845776186133351	0.0007080051780832379	1
113414709959286197559	0.0007067536647766251	1
118258847595972123892	0.0007033537699093184	1
113891423043364949268	0.0007020597602261621	2
116464344073545994074	0.0007016607147288991	1
112022983294967948367	0.0007013857335001188	1
116549122566190216207	0.0006999521671364141	1
118087069431910403570	0.0006996998546441366	1
103500063550994023248	0.0006975733366162218	1
103274398541354707265	0.0006953378907092209	2
111413155182039517335	0.000694259416163411	1
101139432757462346921	0.0006929063980010979	1
107160952536032338720	0.0006928878576936564	1
103293516438378653921	0.0006928847912428138	1
107663656919026983240	0.0006857385735910529	2
106744686296328337630	0.0006834190478070012	1
105707329253019609912	0.0006776268307995311	1
105237270998071587297	0.0006680502667320307	1
117046653635074600289	0.0006641214043010828	1
100037428816683405361	0.0006634761245935862	1
109080058258034498458	0.000649281170125219	1
115239440745127890908	0.0006491763977424041	1
107539537192421649724	0.0006455958792509448	1
103150328351925153314	0.0006444049634167042	2
116774203101003951636	0.000643371675973827	1
105122012474428163036	0.0006431966746944175	1
106287665062204946341	0.0006423254989886731	1
118147897097670149361	0.0006419810929343046	2
110184672446225228030	0.0006407764003624057	1
103204307071539639090	0.0006371896573827789	1
101683039849030383098	0.0006367499831657049	2
103570239480323196202	0.0006309111051269617	1
115379628141415942567	0.0006305667252056121	1
101520908360232770074	0.000630164309188134	3
109400676470209299278	0.0006219462763205014	1
107195441476577339421	0.0006218649282975473	1
108896556048763968559	0.0006202023482428735	1
107022061436866576067	0.0006197365417932145	1
108817197799640009845	0.0006192512779201112	1
108400276125913558601	0.0006168869891635129	1
101241183982769454084	0.0006144790571489729	1
110678621384626297081	0.0006081441509471525	1
117916903811396964681	0.0006056350770638431	1
116235714265664045436	0.0006030922877968827	2
110962949352937565678	0.0006026567499732473	1
101130656339668533532	0.0006019823280034867	1
117344786984788205452	0.0006016820103868223	1
104828598034221123038	0.0006004296585559915	1
110554339426058317359	0.0005998137653476243	3
101293522679634826668	0.0005982104364606733	1
105612667855212149293	0.0005976061582666882	2
112050047245724905079	0.0005973914130552399	2
114738075629051960079	0.0005973440542705862	1
105119763784866168573	0.0005969295762218873	2
111894696450792697199	0.000596161173670553	1
115366624923467413091	0.000594623770129174	1
113505552317257296781	0.0005883720188323705	1
117477951489690722168	0.0005863643491864354	1
101102481441692664721	0.0005861576579618796	1
111037600142684781907	0.000585267837598666	1
116631329713205553508	0.0005829016296041909	2
111868899652261578566	0.0005789941578117143	1
102407528040831558639	0.000578697525307604	1
101725678795367123159	0.0005752250273044253	2
113573327184012303425	0.0005750972669361796	1
105470844763554977589	0.0005745810712271725	1
114117805147124228261	0.0005730305938819345	1
117533349820841583572	0.0005725665517157801	1
115687178185726009185	0.000571548729189097	1
101495783601376609985	0.0005714854568180665	1
105621322105478151340	0.0005698882510219165	1
110340398459872464740	0.0005684436796198949	1
115617890691328282009	0.0005645574642368092	2
101476564653137891429	0.0005642408684273939	3
109177683659525760187	0.000563832736193463	2
105779919701846762862	0.0005636892946658976	1
109504122343901736603	0.0005634597046029247	2
105683036993004524316	0.0005615370030788869	1
107527658393727601576	0.000560150639050905	1
105419486841902947476	0.0005597180606036667	1
106188011051869660375	0.0005555489029400003	1
110078981991125509588	0.0005553013417295156	1
102213934827347582736	0.0005536588552448279	1
118294594527856769237	0.0005533754313369898	1
105213289721960362401	0.0005532593988486038	1
107692595151702742345	0.0005492932567210436	1
109950563066415226148	0.0005477795812265024	3
111151389770271661125	0.0005476546910166108	2
105674592743973562501	0.0005444117262451843	1
102516642867599611430	0.0005441723076614146	2
111886329395690365618	0.0005435437519542903	1
104441415299714065572	0.0005428266686463363	1
117958363368979774542	0.0005423324057525101	2
113269995020447133814	0.0005416117367245134	1
108845548385831707686	0.0005414650541913156	2
111442608896440688670	0.0005409767366667972	1
102170431816592344972	0.0005405703968627954	1
117630663308345468106	0.0005363832779048161	1
105804664540125819976	0.0005357457872444591	2
106483347167015864151	0.0005357228748903307	3
116625511241119094579	0.000535466683806368	1
117919280734070824810	0.000535385762530172	1
111349637233421143616	0.0005353129071321912	1
112042039122751449908	0.0005338059137606168	1
102888072638148611875	0.0005331646121745478	1
117906457028030551127	0.0005325116265600244	1
105345566147236475531	0.0005305905166903668	2
114290287257273830582	0.0005298591073484929	2
114519877662741226877	0.0005269659209943371	1
105482939572094391628	0.0005267833392865304	1
115844892959843903605	0.0005266350140169905	1
117697379995591819341	0.0005265530888195304	1
115231548938376868244	0.0005263957105000271	1
112329706623574352888	0.0005257656276926271	1
115474647300950605865	0.0005246217028190262	1
117302453758282711096	0.0005221446897388862	1
107082593606402385292	0.0005218794537941416	1
116576545825586924287	0.0005207702292396241	1
103351183899994002774	0.0005177287308888677	1
103618862132298404107	0.000514454926092451	1
112546244895799598881	0.0005143332865992218	1
112376195367149414248	0.0005136047977754325	1
113445179357632855893	0.0005132032225133682	2
110815228753558444774	0.0005126806175099817	1
104836231516206450911	0.0005125905656613804	1
106488284533523054088	0.0005122395871781674	1
110823652171439094038	0.0005109271911402746	2
113657871165702720349	0.0005108297110031242	1
101180336974837729318	0.0005099447502982313	1
112887471725868554772	0.0005090867289746125	1
114972221948028006870	0.0005066771647327226	1
104635450513456833657	0.0005064591043011705	2
116052312205661322001	0.0005061567091255546	2
105845741396975921025	0.000505308175208245	1
107828922015814454990	0.0005047621239216051	3
112352920206354603958	0.0005033694199274052	1
103765459743388968170	0.0005010938579378755	1
109555256228434938557	0.0004998066698826078	1
110761974058292043963	0.0004986645678044331	2
116721411314864111733	0.0004980618303912861	1
107579072570899955297	0.0004977403150491762	1
104911962050973773686	0.0004976538144999162	1
103189566346997831755	0.0004974639607889717	1
100214410550417301243	0.0004956326230395615	1
118096503949534153600	0.0004935676645827803	1
107491769176599437622	0.0004916655062155917	1
111104407820220672252	0.0004913142470846876	1
110893506690518896634	0.0004908292540256699	1
106753592583834285241	0.0004882087699373198	1
106029647376914827875	0.00048807729865920827	1
117804036587685325842	0.00048765132947741944	1
116322783941293892935	0.00048717619418441787	1
106166809509419790549	0.00048566972098549466	1
113913583772851182259	0.00048416962665261305	2
105670280103726644454	0.0004832592801929452	2
105166658232261696866	0.0004829349352782147	1
113210096909000624337	0.00048259257483823035	1
110292076036271913623	0.00048224964384871785	1
115289783041335985128	0.0004805700594301161	1
108376014055785123135	0.0004799304439527549	1
114617970452133540993	0.0004791374782306901	1
112118594569975443130	0.0004788877606430739	1
108165217672572469132	0.00047875228743399017	1
110927192331204440924	0.0004785927424088894	1
111183544898345861350	0.0004775291809114842	1
113284787225540728296	0.0004770326480891989	1
108091327114614335688	0.0004766784170250341	2
110902266181208818136	0.00047456998452363177	1
118082222084351732153	0.00047363419084192333	1
100730931531762511307	0.0004724494318543172	2
113379331627998001294	0.00047225767530198145	2
108952372650838731747	0.00047208625197227007	1
106293590092979394621	0.00047123517107075324	2
105508666909703535708	0.00046984364386401	1
115486994209685830849	0.0004670643109633372	1
115469260937373930959	0.00046491073164816525	1
111508479634678616188	0.00046483613926065427	1
114640712456769637723	0.0004645915071461125	1
101342380271476264613	0.0004637406545126568	1
100095463893803505987	0.00046240733956740595	2
114580511692788870013	0.000460982490908116	1
116583028908482808844	0.0004598094125332099	1
117189520509725529003	0.00045970893251519416	1
105774028417608036621	0.0004578121343374726	1
112180555080313027108	0.00045725310126368496	1
116193922115738401292	0.0004563419879096705	1
108674814978666481699	0.00045619998949123397	2
112829233906811093453	0.0004546533628213198	2
117413851333247121289	0.0004546129437349425	1
110400827633287801386	0.00045367030940115073	1
115417043856689954546	0.0004536683543171143	2
111048007715173863316	0.00045283228439771167	2
110660713554998056834	0.00045283228439771167	1
102153043307531425418	0.00045238545014100306	1
116419198396200425805	0.00045138488289550767	1
103914809547503560483	0.00044842408124541285	1
109385306800271699101	0.0004483756059664481	1
113921402982731854876	0.0004483260340311005	1
102897329980298045628	0.00044729594907658653	1
107125656733807816445	0.00044720794017173563	1
115641673504489750951	0.00044627439191176755	1
102192719803954542018	0.00044427717081115654	1
106244507249893778818	0.00044363550522057236	1
110562334358212870682	0.0004407929511842318	1
104111281025100463342	0.00044076511562957956	1
101246278535905342219	0.00044016036304139186	1
108966117305419498653	0.0004387702936475261	1
106890225437412284292	0.00043621009035261273	2
117997070623577148430	0.0004347534116394948	1
116518330171943667205	0.00043425495189268573	3
109787685148095217484	0.000433423096629941	1
111699497900806311761	0.0004333081273136637	1
113081640546317923873	0.00043288468805440465	3
106878843879138525072	0.00043247977902659697	1
105158825730208153214	0.0004309695589587416	2
104003283843708655243	0.00043092249751741944	1
100569110919582192405	0.0004296700692449437	1
117214447777040509945	0.0004293495450496004	1
118226901618539334784	0.0004293019435621955	1
115082977301557449995	0.00042867848931047044	1
107714711613847705349	0.00042810102231485386	2
116386688773849517159	0.00042634603754572193	1
116826380160876619557	0.0004262854630664167	1
112472450049544645995	0.00042593877757755974	1
100719835863908268992	0.00042485612523542754	1
112311612544669704505	0.00042446122082762306	1
117344097943871188847	0.0004235859162702465	1
103073563148453195272	0.0004229226690188155	1
116727142176620245346	0.0004224920532237734	3
115002587825504375275	0.00042091508566685924	1
116225033430261159202	0.00041927648310417017	1
116250009958844646720	0.00041885057185500163	1
114919021625277862877	0.0004181054586518042	1
105271498619135161075	0.0004163278720879249	2
109369131350543371096	0.00041541269426770765	1
114635269661342936816	0.0004135220979606496	1
113081674616884638457	0.00041347768367275067	1
110638204297392483662	0.0004120004225946751	3
107226510212097262777	0.0004119957111611805	1
115750132524439594822	0.0004107138573150404	2
107652855768609153418	0.00041063174805016224	2
113621736044445947013	0.0004103777939770057	1
105135531264058821751	0.00040964109060000035	1
110466649518735492796	0.0004089812987165954	2
109429664966879631307	0.00040855790812288753	1
117292971214069005794	0.000407671512634071	2
114045251707088164688	0.000407671512634071	2
101308598157493580687	0.00040705385404133894	1
102536991536106306279	0.0004060328464634206	1
105688418755281142258	0.00040539120933976206	2
107750963474089229907	0.00040477928253829216	1
115185449105972818666	0.0004018382054344165	1
101738333387014784493	0.0004012599918456563	1
100132815412082402248	0.0004003042241450865	2
115970504272079730559	0.00040015208469132315	1
109122415375078353554	0.00039952089507757596	1
109747754575796542296	0.00039835038595006076	1
106500883934432419074	0.0003978827590172061	1
102328436589025225443	0.0003973103708549804	1
116089940998569279469	0.00039509871377223997	1
100690035958728038289	0.00039473398013717295	1
114196146240780958102	0.00039316086475031154	2
100940000618231184260	0.00039288156541503595	1
105299590256194351836	0.0003914883902572388	2
112718439313845746259	0.0003912335364990078	1
116342937492510737097	0.0003910007390016244	3
109729673916613676372	0.00039060191771959354	1
100029068478148889150	0.00039027109013600297	1
107920729761243376539	0.00039027109013600297	2
100071076071828599809	0.0003888517069098535	1
107192195569453684660	0.00038872656751923006	1
104098027739026025269	0.00038690690271525537	1
116165002653836985777	0.0003851215611045469	1
115262582112599210532	0.00038478379642454955	2
113055283379324802557	0.0003844012914285465	2
102636671700389863816	0.0003832442902073853	2
100392570005566217235	0.00038260371128730165	2
108790304680535035759	0.00038255403502169313	1
102621559989378992259	0.000381889901871076	1
102627898275745305790	0.00038174946475276787	1
117774061292705689812	0.0003816183887355036	1
111778382380569948018	0.00038118336782690847	1
109011129457671675059	0.00038091804837534925	1
115493047723226698156	0.0003808653493961359	1
108909117383780655707	0.00038051977916261123	1
109014398008509103105	0.0003801996908849302	1
101916376197413811852	0.0003800342758250405	1
106414626527198577908	0.000379399527866699	2
100026215811948581165	0.0003793129046763377	1
101658673185885864140	0.00037903112300943266	2
108296394318308226081	0.00037849295131539193	1
106168732854414794326	0.00037744012676470734	1
109486086469670071719	0.00037739332914954866	1
116283856227457741544	0.00037734074545455056	1
104857187449120013195	0.00037689024461511615	2
110807482166400328009	0.0003766893174083085	1
116290206547880595005	0.00037658003852874655	1
116134424343890669820	0.0003756901440872184	1
111112872752386927933	0.0003756428201005224	1
112515890676206330591	0.0003750980427038856	1
105132197189207698387	0.0003750496688648987	3
102691740080083330699	0.0003744383824386074	2
102184354343989911263	0.0003733999494614237	2
108192661598652935384	0.0003726306396704854	3
113213387314181822449	0.00037246507481841534	2
102962759291328630473	0.00037228541562796957	1
109080519970189842657	0.00037091356993999933	1
101821051914085318966	0.00037051132792323383	2
114890831955562032598	0.00036939043165380616	1
105794447762438125338	0.0003691672506706239	1
114766395199495761004	0.00036904400863205895	1
100564235374898910105	0.00036834194083877863	3
112373818948348148540	0.00036803089520886395	1
117978532104530871635	0.00036724461331301693	1
116234108109711869584	0.00036715928844681996	2
113155543142159859431	0.0003669186153491238	2
118105767453063428563	0.00036689437187426856	3
103240617186449781557	0.0003662838806931906	1
105664066782052583656	0.0003662066208137451	1
108778902538173431056	0.0003651595257777174	3
107782935515724213600	0.00036499621994872365	1
100466443833464121450	0.00036440817618125387	2
104997714758541956319	0.00036391737942550735	1
103965708620215375315	0.0003637192028022123	1
106881730500930429055	0.0003636320861866687	3
109210006696205769848	0.0003626812552020602	1
113077574916447634918	0.00036237579742605895	1
118290774632521382251	0.0003622766340646196	1
117213725860175025880	0.0003616653696379699	3
101969041272496660644	0.00036118188811443136	2
106665397517924117107	0.0003601042344190341	1
111596712742078286426	0.00035996754963183667	1
116404983721671266045	0.0003598669195961087	1
104674523653618976713	0.00035902985867508267	1
110828972063025275298	0.00035897372889384324	2
100863227977926941886	0.0003588327653522683	1
106552986269512069283	0.0003583853454758452	1
104565659955877664206	0.00035834000962480867	3
102463809205898225329	0.0003575955183256498	1
104113580567929456569	0.0003574109463355665	1
101591227639591103030	0.00035728173293742655	1
112058561259663070116	0.00035671176009191265	1
108460574090252665316	0.0003566821525774161	1
102224037307986438962	0.0003556633237143194	2
101953373515826615112	0.0003554977588622493	1
109455413010192750785	0.0003553935616411684	2
103544729154405923429	0.00035515607077484917	2
112556475788319616283	0.000354370591498314	1
114115241787871884705	0.00035422222852069354	1
112038211121688641887	0.0003538457804143638	1
114188940956519639488	0.0003538457804143638	1
106728342309331381549	0.0003535131198305232	1
107979383412342674643	0.00035334783310954576	2
106280076093534795244	0.0003514917754052127	1
107012017622020814054	0.0003514763034029699	1
102855365112619189539	0.00035131989410599806	2
107769074106358010063	0.00035073902210294624	1
112767626912338475182	0.0003506456672092732	2
116084977628159578179	0.0003506456672092732	1
109530626563379726962	0.00035055248996958266	1
101738259436249693414	0.00035017183868106175	1
102875584569712946321	0.00035011606522248375	2
106986862578384105925	0.0003498138746696485	2
110569335091584795157	0.0003496406702440672	1
108860446917688954304	0.0003494929196426342	1
110196011243874427787	0.000349329704521801	3
115369405757436375060	0.00034928419404817526	3
108449696009089544700	0.000349103997226696	1
103300713936822593491	0.0003487068245142282	1
118335302974104408634	0.00034808781007550284	1
100951440917090195833	0.00034774819168949456	2
111728075291901669224	0.00034749795784173306	3
112739566654057513921	0.0003472057265439817	3
112688483769788948478	0.00034619094818207926	1
102562896809917524302	0.0003458293957183568	2
102471990978588538097	0.00034578837647724335	1
108428258616973698348	0.00034547545321276873	1
109262979314029350066	0.00034518150256278714	1
107271408996531642672	0.0003449719660028912	1
118097459749883874641	0.0003448310106006581	3
107261827666081460802	0.00034467369666160534	2
113462003710738558859	0.0003439133846763915	2
110824461165534017756	0.0003439133846763915	1
115384398239118681195	0.00034377983732484586	1
115509441225141090169	0.0003437515164394334	1
101050496195208471720	0.0003437179861323243	2
105971726014214945300	0.0003435416855518214	1
102284736633861418327	0.00034351772839538963	1
108422210125865217369	0.0003427918952061213	2
108915152484776713761	0.0003421696517974537	1
105719943141175185993	0.0003417396530932705	1
102175198143221506482	0.0003415057389288031	1
108412337867003296784	0.000341456098110392	1
114173229177800981986	0.00034133551487996853	1
114080347670430850662	0.00034133551487996853	1
105063963936170655682	0.00034075734502006196	1
102950738966528664162	0.0003407316897127827	1
109642769446690520986	0.00034071327147130087	1
113246849110171853745	0.00034071327147130087	1
108420494279166084795	0.0003406060710945404	2
104665212201918246747	0.0003399520903903044	1
115693557578126851763	0.00033930659576313565	2
100203578647007016950	0.00033929059451915684	2
113289455785509443143	0.0003392721762776751	2
103528607506237279236	0.00033911795347281925	1
101754363248351640862	0.00033849571006415165	1
110114458669236889357	0.00033849571006415165	2
110554559210283720747	0.00033817060360907006	1
113284317237534184433	0.00033817060360907006	1
104022338130674845879	0.00033817060360907006	1
107715501635913805569	0.00033783421419300406	1
100475561456657224558	0.00033768717827555196	1
110849649973703067861	0.00033738733047743424	1
109953960650405692454	0.0003369994378009492	1
105522748406021343715	0.00033594906400848606	2
107659606256961933291	0.00033495389995042357	2
108239437990374698715	0.0003346650384541222	1
113677841583676864891	0.0003342134474054643	2
115482057898852656309	0.00033381159775350494	1
102890579767033030077	0.00033342842304715046	1
114375061256746865788	0.0003333952483169782	1
101222111601510462682	0.0003332856238582677	2
102881821910390812562	0.0003331462385069751	1
109572027677907597076	0.00033282196872279373	1
110912223554202145887	0.0003322556743009632	1
109807328041816993171	0.0003322556743009632	1
105576869807006688104	0.0003322556743009632	1
116008330998823113408	0.0003322556743009632	1
114504338772134808435	0.0003322556743009632	1
112692276596893968454	0.0003322556743009632	1
117217322809999148638	0.0003322556743009632	2
105341828793111607551	0.0003322372560594814	1
114887851040453324950	0.0003322372560594814	2
116724035829977184113	0.0003317912392103044	1
100275456048197983226	0.0003308529846166865	1
112732929453184235066	0.0003303550457826223	1
117032113600154455464	0.0003300513603119796	1
111898488746284810365	0.0003300381128938139	1
108642446758387769639	0.0003300381128938139	1
100153700768627853345	0.0003300381128938139	1
115225520702573600062	0.0003300381128938139	1
113002253093666672956	0.0003300196946523321	1
115957845489057357005	0.0003300196946523321	2
104459589977990618986	0.0003300196946523321	1
101894975943883957511	0.00032988095835763956	1
103557966029362195067	0.00032988095835763956	1
102567917163277862907	0.0003296945881972505	1
116813099660718856850	0.0003296945881972505	3
107080697335444613165	0.0003296945881972505	1
107355780950905487543	0.0003296945881972505	1
114367021172387936324	0.0003291402725127728	3
116528998891013370731	0.0003291402725127728	2
110982931645449819914	0.00032823820787109773	1
101646192177749027192	0.0003276997929815983	1
104601040994962327916	0.0003273466255564415	1
114386249102861654829	0.0003272978721100898	1
113546787634633367622	0.0003272132007290568	1
115975166278164828962	0.00032664149796964774	1
111530110447236267465	0.0003261763826398197	1
112439267620869130664	0.0003259212145794004	1
102080128800143819678	0.00032579971944329345	1
108277834293977887369	0.000325325871798635	2
117096227574728712222	0.0003251237029808352	1
101486204454724257393	0.0003249005363971489	1
101170397486814672781	0.00032474900885632414	2
104056566649062004539	0.00032469386637134633	2
116663504982888286028	0.0003244633471880241	1
109223276000402664879	0.00032442398273169773	1
116755139777604884366	0.00032427574417038613	2
113377080760388289846	0.0003241161771464811	1
114405286590267972617	0.0003241161771464811	1
117454834756810388841	0.0003241161771464811	2
108491565813676367215	0.00032400509661647175	3
103412031302304888847	0.00032363486645773406	1
115870693451332981785	0.00032359349663757064	2
100140326492247661192	0.00032335088923495485	1
118109371344939084905	0.0003232322610104846	3
106347622811873374030	0.0003232322610104846	1
109251298758752392803	0.0003232322610104846	3
118236788610609668752	0.0003223232785629908	1
108916683478510432668	0.0003223232785629908	1
108099179767267077084	0.0003223232785629908	2
112564783467157158814	0.0003223232785629908	1
114991042824041380242	0.0003223232785629908	2
112871484637757487040	0.0003223232785629908	1
106542128440746153231	0.0003223232785629908	1
108162021275586930313	0.0003223232785629908	1
109315726078582392593	0.0003223232785629908	1
115088990516584451041	0.0003223232785629908	1
108533524920677979245	0.00032214645270064107	1
116471419516389162006	0.0003215687300610156	1
108004806873381219651	0.0003210112436774129	1
103645950829040552823	0.0003208204407418275	1
114599405393304034909	0.0003207636446967655	1
114765138478455411878	0.00032066167197475435	1
101202884060704451032	0.0003201057171558416	1
117360075988568941853	0.0003201057171558416	1
114624146735103515971	0.0003201057171558416	1
117621340911066573419	0.00031963257264348345	1
110272911701340356822	0.0003191960249750378	1
111231509260560353458	0.0003189455934458017	2
113019842189063637127	0.0003188673293725932	1
115416589721344143465	0.00031856364385462733	2
114803521812773673008	0.0003182059192246564	1
100614145404577079934	0.0003174206799784671	1
100361960879218570808	0.0003172768560844863	3
113767709705543025908	0.0003172669717769669	1
101635932763006575497	0.0003170963754630634	2
110196768104424882372	0.00031689797845527656	1
108843560416960388068	0.00031663834279629195	1
112265472671352515422	0.0003159786248568073	3
114630819519900971734	0.00031564016173466153	1
109996633628297822493	0.00031564016173466153	1
103520821505373638668	0.00031564016173466153	3
110999134015456718170	0.00031564016173466153	2
104558269423298270516	0.00031538735408502593	1
104416712578645676811	0.0003152634985381353	3
107490920472001618384	0.0003152634985381353	2
100955279410880126571	0.0003152634985381353	3
106752997767195465691	0.00031483797872163357	1
100379544576801445952	0.000314293470469957	2
112465845413125721089	0.0003142719839199301	1
116521610682324260680	0.0003141429968755074	1
114708417025125072010	0.0003136765284690385	1
105251921751921698548	0.0003136765284690385	2
100719068289068000976	0.0003136765284690385	2
113757914149118662901	0.0003135933804446864	1
113036685545904215767	0.00031349144668054465	2
107161939055118109910	0.00031304593713098606	3
103215637705586371410	0.00031304593713098606	1
117586675719798560054	0.00031304593713098606	1
103271590817770839429	0.00031301738662989516	1
117878885489517665945	0.0003121495512105649	1
103264351896543602383	0.00031211856269806106	1
116858793810647886253	0.00031194441315046315	1
115429688160421272245	0.00031165170184745334	1
104513806766294429783	0.00031145438058952665	1
101626689545675881293	0.00031144710156606433	1
118102539913410016877	0.0003113827511272491	1
101681258327763396371	0.0003111814283214489	1
100967671384065238812	0.0003111508470113343	1
103404081332638562207	0.0003110320281533915	1
116515721576538221710	0.00031084966720027493	1
105649841889299115805	0.00031084966720027493	1
108793215954837292211	0.00031084966720027493	1
110666250832509129579	0.00031084966720027493	2
104093470666606907864	0.00031084966720027493	2
111776249516991426055	0.00031084966720027493	2
104019610058963328353	0.00031084966720027493	2
115263474848050971920	0.00031084966720027493	1
106419400549234693306	0.00031084966720027493	1
117689664599216002802	0.00031084966720027493	1
116862649601361428492	0.00031084966720027493	2
100684840166784590505	0.00031084966720027493	1
108795991787380299691	0.00031084966720027493	1
117751520341080289860	0.00031084966720027493	2
115624448978363370064	0.00031084966720027493	1
100223125523690967384	0.00031084966720027493	2
115682816666286577002	0.00031084966720027493	2
104120177880085809240	0.00031084966720027493	2
110770755518808911835	0.00031084966720027493	2
115984219776716005083	0.00031084966720027493	2
102273588028326931649	0.00031084966720027493	1
106874527184849524676	0.00031084966720027493	1
114382759417200588135	0.00031084966720027493	1
105211706129658525281	0.00031084966720027493	2
107343857637997270955	0.00031084966720027493	1
112353571410254501679	0.00031084966720027493	2
117581759381069348188	0.00031084966720027493	1
106569417668697047621	0.00031084966720027493	2
116138307344059195152	0.0003102274237916073	1
116817706929485882550	0.0003102274237916073	2
103361007310009674296	0.0003102274237916073	1
104718225938617841914	0.0003102274237916073	2
110256498773819616981	0.00031013014234070903	1
107600301692599967332	0.0003096610074071878	1
111907107648943669732	0.0003095819291644385	1
116830330469412470404	0.0003093080624238824	1
111464911074031891280	0.0003093080624238824	1
107669470779452583961	0.00030875432116563614	1
116267776453882422786	0.00030863210579312565	2
101068755051431595008	0.00030863210579312565	1
112793383659822564827	0.00030863210579312565	1
116597378271652190974	0.00030863210579312565	2
110021248304575328671	0.00030863210579312565	1
105048630308460854505	0.00030863210579312565	1
113046315195468330424	0.00030863210579312565	1
102645868039315248167	0.00030844579304822027	1
105847450608950684606	0.0003084025087372768	2
100137938381708816669	0.0003082822087674661	1
105059346515232326597	0.0003082822087674661	1
113262500272475186069	0.0003082822087674661	3
101039334795344969127	0.0003081398477509975	2
105076187870766696989	0.00030800986238445805	1
115858401615184977816	0.0003079386840709027	1
100485790108353310133	0.00030785925736173794	1
115097307859274358739	0.00030764778557302366	1
100923991094348071424	0.00030759721899697887	1
107931253113218260490	0.0003075142447261379	1
113902516152648425840	0.00030750446549127845	1
106489306456459967416	0.00030744596824409373	1
107922976957743363072	0.00030744312034715294	1
104690498600184582710	0.0003073643677572892	1
101040534450812734958	0.0003073643677572892	2
108184979811314592542	0.00030734836651331046	1
111897644299136477125	0.00030734836651331046	1
116636768658477814146	0.00030734836651331046	1
117892307470017890179	0.00030734836651331046	2
112394585218749210737	0.00030734836651331046	2
106589530350169728768	0.00030669729261373005	1
111855325232074130669	0.0003059407319817247	1
104062729136449125652	0.0003057077659966892	1
113162545611003430226	0.0003057077659966892	1
103399552228700573890	0.0003057077659966892	1
103417867313465140796	0.0003057077659966892	1
105067523827276180211	0.0003057077659966892	1
108882220719340322491	0.0003057077659966892	2
115589181818424927753	0.0003057077659966892	1
105986921141099786585	0.0003057077659966892	1
117092433063457042510	0.00030510246429137463	1
118356784350745292805	0.00030433346887678343	2
102466594627319328980	0.00030353633214791944	1
103421928009910231852	0.0003033553472546766	2
116988851206493768148	0.0003022029171063226	3
117358845486245155054	0.00030202413268841496	1
115556179283478493259	0.000301619196663502	1
113837808759473915504	0.00030153935400188187	2
110991668529708574776	0.0003013797749120273	1
101445346267525148327	0.00030031344629511677	1
100383822032254685902	0.00030031344629511677	3
107045910922463634022	0.00030031344629511677	1
114726978886806142337	0.00030031344629511677	2
114057420650747116567	0.00030031344629511677	1
113357314830818677294	0.00030031344629511677	2
114995130093858259589	0.00030031344629511677	1
117213605825808643937	0.00030031344629511677	1
114934617124981664529	0.00030031344629511677	2
106969149684748273649	0.00030031344629511677	1
105017427891089681429	0.00030031344629511677	1
114258133055939683240	0.00030031344629511677	2
116627018365677790809	0.00030031344629511677	1
108641220034343633350	0.00030031344629511677	1
113854111612011982009	0.00030031344629511677	2
106818307332849708128	0.00030031344629511677	1
106428964301934127359	0.00030031344629511677	2
107871809287023143249	0.00030031344629511677	1
114037329177242781006	0.00030031344629511677	2
110323790408449619357	0.00030031344629511677	2
115782851522814905052	0.00030031344629511677	2
103288259639966091075	0.00030031344629511677	1
117405538882231240275	0.00030031344629511677	1
109960675508925062129	0.00030031344629511677	2
116716919449600621711	0.00030031344629511677	2
102409890514761784201	0.00030031344629511677	2
109900959836864307621	0.00030031344629511677	2
106468093396725569197	0.00030031344629511677	1
116747217365523802416	0.00030031344629511677	2
103777456184301671163	0.00030031344629511677	1
113168650442092375671	0.00030031344629511677	1
103058030859239136322	0.00030031344629511677	1
103895441504459347923	0.00030031344629511677	1
116265542598944446993	0.00030031344629511677	3
108922121802199061039	0.00030031344629511677	1
103460302402301114951	0.00030031344629511677	1
103020119158077344931	0.00030031344629511677	1
114523090317677571014	0.00030031344629511677	1
100181803671014765720	0.00030031344629511677	2
104730717183122692057	0.00030031344629511677	1
111463746350585153213	0.00030031344629511677	2
112141476453463160310	0.00030031344629511677	1
114648865712035312205	0.00030031344629511677	2
103323136071907380577	0.00030031344629511677	1
111541400804834867537	0.00030031344629511677	1
113562975643564121905	0.00030031344629511677	1
100977643556443472398	0.00030031344629511677	1
103537266561776370316	0.00030031344629511677	1
115764322999501501217	0.00030031344629511677	1
108879067494318512474	0.00030031344629511677	2
108382551841943743870	0.00030031344629511677	1
110567782267108663837	0.00030031344629511677	2
109812966967199532553	0.00030031344629511677	2
110914791403319534935	0.00030031344629511677	1
113600116926932729693	0.00030031344629511677	1
104414455262659309667	0.00030031344629511677	2
112634211716693432860	0.00030031344629511677	1
102187466580025328599	0.00030031344629511677	1
106902585601045496444	0.00030031344629511677	1
101911895729678882570	0.00030031344629511677	1
114244328096549162013	0.00030031344629511677	1
104581863082137022983	0.00030031344629511677	2
107521768142773739674	0.00030031344629511677	2
107886725300705981544	0.00030031344629511677	2
112223584412738558800	0.00030031344629511677	2
104950873941398052734	0.00030031344629511677	1
110148532689100237790	0.00030031344629511677	1
111239604129802038851	0.00030031344629511677	2
105665794548953864572	0.00030031344629511677	2
114660371364889560410	0.00030031344629511677	3
100211575597804049456	0.00030031344629511677	1
100034436746996513915	0.00030031344629511677	2
118339037290870341760	0.00030031344629511677	3
113188438997295213264	0.00030031344629511677	3
107407473572370420125	0.00030031344629511677	2
107858618376068919952	0.00030031344629511677	1
104775947773518724107	0.00030031344629511677	2
102090777558957963153	0.00030031344629511677	2
104657234754735818652	0.0003001198151215639	1
104500367111629898808	0.0003001118995270953	1
111062530954653948351	0.0002997774339111198	2
103336269345979001070	0.00029932442697138464	1
114048790108475831662	0.0002987016164193581	1
111816157892772662432	0.00029809588488796755	1
108825171804510647086	0.00029809588488796755	1
102266375894772484591	0.00029809588488796755	1
105023500341190941682	0.00029809588488796755	2
105340146949643494032	0.00029809588488796755	1
110997414867339793674	0.00029809588488796755	2
116140813749290047227	0.00029809588488796755	2
115211660610779316498	0.00029809588488796755	1
108313630620317483489	0.00029809588488796755	2
102023010541241510738	0.00029809588488796755	1
117321538640180235731	0.00029809588488796755	1
117238953981315018706	0.00029809588488796755	1
107530481477686536795	0.00029809588488796755	1
108394366522871019617	0.00029809588488796755	1
117563277874305653316	0.00029809588488796755	3
101824385098672281873	0.00029809588488796755	1
102994380566175915115	0.00029809588488796755	1
114388043267062926190	0.00029809588488796755	1
109780120641477301534	0.00029809588488796755	1
103356527108440480316	0.00029809588488796755	3
102817338933771556084	0.00029809588488796755	2
101142228510927210753	0.0002980247065744122	3
100834076569369827117	0.0002980247065744122	1
117615119329778132668	0.0002980247065744122	1
106900437204502661743	0.00029780132127604525	1
117075595870358606483	0.00029764562405255857	2
101612442608740001606	0.0002976073625678191	1
111521885726478090348	0.00029709086432025655	1
114341789624128533161	0.00029709086432025655	2
101214542695026771766	0.00029709086432025655	1
113860834456162620487	0.00029709086432025655	1
101579679422518728049	0.00029709086432025655	1
114927186321670846445	0.00029639012361808875	1
105907506846015059356	0.0002957968391836414	1
105692897646346162977	0.0002956867187828311	3
113635279373603811164	0.0002949065694653569	1
104380704493340089125	0.0002942341546339733	2
101358419878745908061	0.0002942341546339733	1
115240002103507169887	0.0002942341546339733	1
118078911058304538761	0.0002942341546339733	1
103105175697836543020	0.0002942341546339733	1
108550617919103256360	0.0002942341546339733	2
100066209489736226480	0.0002942341546339733	3
101404518128553409297	0.0002942341546339733	2
107923107403692258606	0.0002942341546339733	1
116731117308838169907	0.0002942341546339733	3
105258525381048626625	0.0002942341546339733	1
114450635460597429087	0.0002942341546339733	1
111987652493000492443	0.0002942341546339733	1
114698046594029006180	0.0002942341546339733	1
102946032292680675654	0.0002942341546339733	1
114056601716572642778	0.0002942341546339733	2
113095120461013610371	0.0002942341546339733	1
100948221640762729825	0.0002942341546339733	1
116280830795912810762	0.0002942341546339733	1
101648576149958589388	0.0002942341546339733	2
117269001773003575633	0.0002942341546339733	2
107265140439809124537	0.0002942341546339733	2
103938882820426298102	0.0002942341546339733	1
116330032837095650098	0.0002942341546339733	1
115263970900629116911	0.0002942341546339733	1
115020103401799530189	0.0002942341546339733	1
100807369126236426318	0.0002942341546339733	1
107072933474664052063	0.00029400133505094105	2
114285466473278055769	0.0002938043418277809	1
101864732042551709247	0.0002936199460180237	1
103178347987245142420	0.00029342488652203615	1
109240957660270486515	0.00029312411179396647	1
104789781829574636984	0.00029312411179396647	1
103367764920436785886	0.0002929664165981369	1
103457556107207573713	0.00029285233893925185	1
109219075976635448224	0.0002925196282478163	1
105472411089712908610	0.0002922548650975763	2
110831094819587018694	0.00029180842434064005	1
102069851513425116467	0.00029180842434064005	2
101069944080000057208	0.0002916689498325521	1
103022001668037325774	0.0002916666962011644	1
109082767395401170371	0.0002916666962011644	1
114418447237187177770	0.0002916666962011644	3
109470843555953606552	0.0002916666962011644	2
115727368541421195477	0.0002916666962011644	2
115571025037257871733	0.00029149423128180414	1
111580140114398359977	0.00029132313070976323	2
108638790989807654659	0.00029073285394700884	3
113490993217358897910	0.00029073285394700884	2
115364373858971678568	0.00029073285394700884	2
109312724805688262475	0.0002906216583571104	1
112381323655815221410	0.0002901797144429229	1
106961953411759964008	0.0002900559441020629	2
101495996449346183677	0.0002900559441020629	1
100966046760443424287	0.0002900559441020629	1
111425340807163299208	0.0002900559441020629	1
108885449679237020614	0.0002900559441020629	1
106168207467597091610	0.0002900559441020629	2
105093836613054959780	0.0002900559441020629	1
116788621286522928043	0.0002900559441020629	1
105560411566603467030	0.0002900559441020629	2
115071852038048337904	0.0002900559441020629	1
110426489030219164720	0.0002900559441020629	1
100898146977809446193	0.0002900559441020629	1
100878029600328934952	0.0002900559441020629	1
101502199555294484008	0.0002900559441020629	1
100648217655974356916	0.0002900559441020629	1
102584664082858392478	0.0002900559441020629	1
114061517887430449001	0.0002900559441020629	1
105983854602026434877	0.0002900559441020629	1
112428605883681354403	0.0002900559441020629	1
115620423280572149330	0.0002900559441020629	2
107333330873178127756	0.0002900559441020629	2
113204783865590511092	0.0002900559441020629	3
104746043887691795191	0.0002900559441020629	2
116695770959177373460	0.0002900559441020629	2
106413658520732441454	0.0002900559441020629	2
103093876038154496326	0.0002900559441020629	2
105642621452408425728	0.0002900559441020629	2
106468575633906820445	0.0002900559441020629	1
104716787501410831905	0.0002900559441020629	1
118056250472078789414	0.0002900559441020629	2
109855574256269985867	0.0002900559441020629	1
101184422877612167461	0.0002900559441020629	2
114755807786149839924	0.0002900559441020629	2
101727855351060868727	0.0002900559441020629	2
117060784115565290121	0.0002900559441020629	2
101872621737835766805	0.0002900559441020629	1
113578680307451686517	0.0002900559441020629	1
102043162768779234982	0.0002900559441020629	2
115750529357225432998	0.0002900559441020629	2
100239718040399352684	0.0002900559441020629	2
102238066445562778301	0.0002900559441020629	1
103724283506477349024	0.0002900559441020629	1
117622444738435967133	0.0002900559441020629	2
111920281289992340878	0.0002900559441020629	1
112292232242353031159	0.0002900559441020629	2
108331214640104403970	0.0002897267239262201	1
111676953124263417362	0.0002892338232391585	2
109074505916084927391	0.00028869455259621394	2
108840810861916428390	0.00028845930201002856	1
104484451714615854213	0.00028840151669528636	3
118400417455591622079	0.0002879210578079598	1
102797439219351567658	0.00028789178643983396	2
101501536740476542745	0.00028789178643983396	1
116991415570378484358	0.00028789178643983396	1
117256541551609129600	0.00028789178643983396	1
118406695096767153004	0.00028783838269491363	3
118101529498811394148	0.00028783448736090103	1
115249124646103347129	0.00028783448736090103	1
117012648851820851647	0.00028781719883814446	1
101091342376919289197	0.00028764594128552284	1
111217035762998882290	0.00028739561573858834	1
109427532620228024557	0.00028691867083902977	2
108680586356522807601	0.00028678290607273677	3
105141323825805019054	0.0002866651949196235	1
103068252687042190272	0.0002861873388704714	2
104529210319309865846	0.0002861873388704714	1
100112687920119064331	0.00028591549513596443	1
109315590200834029505	0.00028591549513596443	1
101520933331626481481	0.00028369793372881515	1
114430502003635822447	0.00028369793372881515	1
111276156839982761004	0.00028369793372881515	1
114945581557402383695	0.00028369793372881515	1
111827487147980211144	0.00028369793372881515	1
106645623532829714351	0.00028369793372881515	1
107048563193682425629	0.00028369793372881515	1
114650275190282443700	0.00028369793372881515	1
101866137798274840166	0.00028369793372881515	2
102279081282108442547	0.00028369793372881515	1
100833008366289253433	0.00028369793372881515	1
111846972198819345193	0.00028369793372881515	1
114713801122797555722	0.00028369793372881515	3
114715988301568528162	0.00028369793372881515	2
111267963922156509334	0.00028369793372881515	3
117418320302054633242	0.00028369793372881515	1
114754297113775875212	0.00028369793372881515	1
108341766366965467681	0.00028369793372881515	1
113854591964374444379	0.00028369793372881515	1
111724844906385235753	0.00028369793372881515	1
110868669668213024446	0.00028369793372881515	2
112960886814086929169	0.00028369793372881515	1
114980248894320827720	0.00028369793372881515	1
111726004033882045952	0.00028369793372881515	2
109956914207819296805	0.00028369793372881515	1
100959228904648752499	0.00028369793372881515	1
109751747805582892366	0.00028369793372881515	1
101396142000195801781	0.00028369793372881515	1
108040658687499033877	0.00028369793372881515	2
104545228852719380431	0.00028369793372881515	1
110878262122130462751	0.00028369793372881515	2
105111281552381364939	0.00028369793372881515	1
105228725652540727077	0.00028369793372881515	1
113455583670134245824	0.00028369793372881515	3
107610355391476965834	0.00028369793372881515	1
101905872719144062843	0.00028369793372881515	1
102182856404931683867	0.00028369793372881515	1
117762524640019786521	0.00028369793372881515	1
111249480580276262879	0.00028369793372881515	2
107433464534975205417	0.00028369793372881515	1
115798989667087242278	0.00028369793372881515	1
103642882498389528993	0.00028369793372881515	2
105359860403866749634	0.00028369793372881515	2
105809819610882705375	0.00028369793372881515	2
114201590568517931646	0.00028369793372881515	1
111622651278621496294	0.00028369793372881515	1
109464359324075439686	0.00028369793372881515	2
109466687102062198112	0.00028369793372881515	2
102344766917448553368	0.00028369793372881515	2
109212423277798968053	0.00028369793372881515	1
104264216815865393231	0.00028369793372881515	2
114118109850062643374	0.00028369793372881515	2
104405679630072508308	0.00028369793372881515	1
100904919699210419423	0.00028369793372881515	2
100884914196754219849	0.00028369793372881515	1
114032826414763895651	0.00028369793372881515	1
100289421721476832416	0.00028369793372881515	1
109991979390235903709	0.00028369793372881515	2
107698754936327747508	0.00028369793372881515	1
104920985214189021126	0.00028369793372881515	2
104077023259317069183	0.00028369793372881515	1
108175336550875182721	0.00028369793372881515	1
105192834933534058884	0.00028369793372881515	1
111247788398718875164	0.00028369793372881515	2
110497567424809237866	0.00028369793372881515	1
111016669267082470516	0.00028369793372881515	2
112384083000093286948	0.00028369793372881515	1
109516493016489782041	0.00028369793372881515	2
105669139277656166053	0.00028369793372881515	3
101056078273573192613	0.00028369793372881515	1
100650384964532614904	0.00028369793372881515	2
110148859630731094095	0.00028369793372881515	1
114918709307994187767	0.00028369793372881515	1
105210084566831771994	0.00028369793372881515	1
116099039871883628309	0.00028369793372881515	2
106755180164881173864	0.00028369793372881515	1
111504570827264250627	0.00028369793372881515	1
101239035136246159408	0.00028369793372881515	1
117678245434725432877	0.00028369793372881515	2
115041800416353258579	0.00028369793372881515	2
110218358433187209022	0.00028369793372881515	2
103276484892017555629	0.00028369793372881515	2
104219918530370682911	0.00028369793372881515	1
109854673439054794606	0.00028369793372881515	1
106039109915265048469	0.00028369793372881515	2
117116530929526563763	0.00028369793372881515	1
112820736815534200856	0.00028369793372881515	1
110905615754275345575	0.00028369793372881515	1
