#node_label	#score	#gender
111091089527727420853	0.01065449929861908	1
106189723444098348646	0.009879702426215251	1
109813896768294978296	0.007741933384163985	1
110318982509514011806	0.006644827384934272	1
112063946124358686266	0.0053008550038670665	1
103171849011748425097	0.00528793350367351	1
103012564142649561853	0.005081276044777421	1
103112588675637065591	0.005071979711991786	1
118207880179234484610	0.0050595734837056245	2
115478779964227301239	0.004776542469576588	2
114790574178411061829	0.004735145124270108	1
108574688020691152748	0.004717964201909392	1
103716847685048716973	0.004684952444971658	1
105076678694475690385	0.004347596521371145	1
108082478497335384404	0.004298542993795967	1
108551811075711499995	0.004282837847569398	1
108255750659110762991	0.00412112766597548	1
109809835379677001002	0.00393205855171711	1
102034052532213921839	0.003706141984121952	1
101849747879612982297	0.003493403486725146	3
115622466243011136115	0.003417680736024644	1
117691391504351341685	0.00314392480044925	1
113217924531763968801	0.0030890203619870727	1
112374836634096795698	0.0030534476063875746	1
111310990991240556038	0.002914016286060672	1
104987932455782713675	0.002839185407892821	1
103657641753349471053	0.002829023631211897	1
105695756013836810602	0.0027290194261218007	1
111164095920889813531	0.002669125386868348	1
100341021522735699734	0.0026649850892019704	1
116394575739281318169	0.0025753671061515596	1
106318111152683661692	0.0025299187253831354	1
108152786201218528136	0.002509219779980725	1
117034807403884912887	0.002407662254228787	2
105847419267701979492	0.0023344516337354937	1
107234826207633309420	0.002314983748275991	1
100612175927429294541	0.002207022223026071	1
109222874215256404053	0.002196577047747267	1
101792420885438335154	0.0021753110410514566	1
103765655241162838230	0.0021566358833610567	1
102559200804713337506	0.00213382068686758	1
118320665823821681206	0.002122377102072367	1
108806453824167821042	0.0020859592341474086	1
101744356052507285357	0.0020827284344475073	1
109581870574956225297	0.002041179636029395	1
118357356982727825178	0.0020074237128928844	1
118370558112016910785	0.0019286452231207728	1
101908296954957270941	0.0018872886176881745	1
117388252776312694644	0.0018630916117851983	1
101262751255862552724	0.0018414953971384145	1
110754163217982167702	0.0018248279378658555	1
111654284395316165338	0.0018127519573782054	1
115793765515193253189	0.0018028317734277584	2
101470212002609412924	0.00179716185851438	1
100269980559891536109	0.0017659439035900286	1
106078945425159812521	0.0017445578422101908	1
113985853517736319524	0.0016768381884214815	1
107982618909749811163	0.0016601297205349128	2
112726038360301567381	0.0016414198562775721	1
109778238062128383421	0.001602644677295394	1
112353571951662353120	0.001598541846628494	1
105910977869522122580	0.0015877296582102172	1
107519026002586025827	0.0015866280125268121	2
100262595546646927505	0.0015780316235688902	2
101629211371073711149	0.0015573546144835092	1
106107464355938268925	0.0015553742932115748	1
103660543175586203250	0.0015470082042958644	1
103579304160477212496	0.0015403274535928562	1
108952536790629690817	0.0015357906755161647	1
102476152658204495450	0.0015348581825132407	2
110563351377427897709	0.001522660506432225	1
103787287068410181622	0.0015123237673004834	2
106506966828595242496	0.0015102036892470304	1
108954387453322809050	0.0014844553900819598	1
100974258168375166691	0.001467987040046748	2
102462589928924773281	0.0014493028730631456	1
113164038788726940319	0.001440122471606947	1
104288642732197633132	0.0014227540960343008	3
113544226688149802325	0.0014107037756785142	1
111499908439497508351	0.0013888580413139759	1
115816134176341360139	0.001378884964639105	1
111303956913882413722	0.001371483295831792	1
107128631227082107398	0.0013688836051654095	1
108865224681518296173	0.0013594194659784205	1
104233435224873922474	0.001358924562603142	1
105336425684208963598	0.0013234558674368397	2
115658896387238242974	0.0012955313453441252	1
108527329601014444443	0.001278600054683938	2
113455290791279442483	0.0012684993761864064	1
112900939029500774266	0.0012660870157105344	1
101793532287583914396	0.0012560612701972979	1
109051167482734565875	0.0012482012994028836	1
105368821641753856994	0.001228310468218256	1
114536133164105123829	0.0012197843760562398	2
102216887206636463918	0.0011986390141192735	1
101035196437264488455	0.0011882844278960209	1
102227800261183349957	0.0011859459242172532	1
107222163924838615114	0.0011741270777083687	2
107838676623404440847	0.001169237614462842	1
112661262066626464523	0.0011607178625465068	1
105248484118148978714	0.001145718830163592	1
101465012129162818994	0.0011447886737778854	1
106859775634219287433	0.0011391209133143395	1
114369704013100203178	0.001130081317853728	1
102518365620075109973	0.0011282735112303822	1
103533326117556337218	0.001125111298197248	1
102615863344410467759	0.001112932123440266	2
112707199408484711520	0.001109707529502624	2
108897363724526154071	0.0011070846014961115	2
114124942936679476879	0.001103918419749477	1
110701307803962595019	0.0011009104132275556	1
109736843159381578656	0.0010984370841935539	1
113190229460560085138	0.0010947055648890664	1
113593501038935994355	0.001093086084731413	1
117283174365630308265	0.0010929152994186642	1
113607435918549143249	0.0010900776078308725	1
102373191596205712937	0.0010872700457260705	1
117416378678694545167	0.0010789450702167753	3
105902716863305090394	0.0010718889265205283	1
111666959095947698908	0.0010703035984254029	1
107745659222961143459	0.0010701381499837286	3
100789590127918881516	0.001050633311080584	1
102545157386069758709	0.0010467674262870067	2
114056084994793924628	0.0010348357236781918	1
101404928335199641114	0.0010343622030935511	1
101023108591163366943	0.0010272697669678344	1
110874778461943365830	0.0010239015529242808	1
100202616315945105308	0.0010186044790744865	1
111943154038712688786	0.0010088501858812114	1
106366615678321494423	0.0009944903642019514	1
104675979541400287552	0.0009925358333966446	1
112036164749195069204	0.0009822670932918367	2
114244914082871792125	0.0009802432019873192	1
113885756225716656485	0.0009796734092863022	2
100335496845020065289	0.0009785253080330596	1
117373186752666867801	0.0009753025612500909	1
117327820420677228584	0.0009741909278948434	1
110761100167727655953	0.0009725969845816993	1
115538917477323629442	0.0009712990814583623	2
106831762557971378854	0.0009677558564074266	1
114126118441356742729	0.0009666219012825361	1
101059049290567215584	0.0009625918833413008	1
103765013042311928518	0.0009617701024348278	2
106162039533679295395	0.0009561821748424773	1
106090624100404464036	0.0009554517838623642	2
118301801570268856235	0.0009550495679184669	1
106176549839941509608	0.0009467691849784471	2
111181389036901378787	0.000944415141311533	2
116247667398036716276	0.0009416649447497241	1
100817955763300677682	0.0009415608418032881	1
115360471097759949621	0.0009402369225330727	1
110899709105002539146	0.0009330929367564005	1
110047629741042205856	0.0009312992312733597	1
102873175118305865375	0.0009254049182730757	1
108470782772821648496	0.0009221904984063894	2
109220060006128553211	0.0009221832330645851	1
117743699429239435303	0.0009215880181533278	1
107262199727284134617	0.0009209447077323909	1
105216491640488683417	0.0009167778806307519	2
116211592086036388314	0.0009167644164192312	1
108373054660269328912	0.0009163978712653898	1
113758147814858568109	0.0009149276742776397	1
110690107992805295937	0.000914841027156791	2
113409086302056667844	0.0009113992166935421	1
115422160411497346366	0.000909784030664427	2
111051039748078110427	0.0009078855511351761	1
109451599267710862785	0.000907564661633479	1
101117477274246446446	0.0009074511155835513	1
102524008019896509925	0.0009070010782208175	2
102221942940843100503	0.0009042348476211944	2
108803808925796171042	0.0009041434087900068	2
100689610725567995570	0.0008985528708577598	1
114476892281222708332	0.000892773694374151	1
111527837101258158939	0.0008926691661616328	1
108924136210249299218	0.0008920459847062404	1
109447323719942836871	0.000891416426249898	1
103522841430099843089	0.0008897719857947889	1
107342445128902420647	0.0008897304077454635	1
108981679893410895534	0.0008880181191348536	1
106133480923323663427	0.0008840462003129909	1
101145980349117737014	0.000883624952470083	1
102604554618567108175	0.0008809444381270158	1
109946174927229272395	0.0008798725487765453	1
107742059751171695340	0.0008778061130231252	2
112353210404102902472	0.0008698523802742573	1
107082593606402385292	0.0008665881783669698	1
117251401224388113104	0.00086612519630912	1
116842514278390616129	0.0008653398684655228	1
116464344073545994074	0.0008639775630027217	1
105228323457033543279	0.0008635977353670948	1
107494834634231938072	0.0008621403119495392	2
104323674441008487802	0.0008610738858400782	1
112931539494181042672	0.0008595901448475825	2
113511279752012786991	0.0008559265186901625	1
106167231379638979288	0.0008529999992742381	1
106109953731611718484	0.0008511601642777543	1
111361201906254029328	0.0008504002904685718	1
116704841773270506404	0.0008488204693914656	3
112228182645210947167	0.0008486519685019539	1
109634405578092070511	0.0008458858572906993	1
101010252943098026073	0.0008445104260924314	1
107297985234821604780	0.0008436551541463286	3
114229157887417365950	0.0008363299782221337	1
100936611936552412031	0.0008347829523578078	1
104550678234629742078	0.000833648816551921	1
103200491340117663153	0.0008279144584424698	1
105802201449078024805	0.000827812528863236	1
110235939914075829115	0.000825701209069924	1
103918544362469330603	0.0008250970955126513	1
100653002824934821011	0.0008164884929309624	3
109489575895255638957	0.0008164833333852274	1
102170431816592344972	0.000816394071243447	1
115521219455065170976	0.0008150453275138816	1
106567570642614609073	0.0008116305032662914	1
105343468977483636307	0.0008109591468950304	1
101916555631584392015	0.0008091916827990988	1
112617127041903537004	0.0008055306074186364	1
112974754531718138643	0.000805099238056159	3
106333795553219724144	0.0008049950814842887	1
113351703941294630458	0.0008038496857051848	1
115961021629090154025	0.0008027182957268726	1
107355427797072846591	0.0008001133445744994	2
117564596582351536596	0.0007983841859550387	1
108439032486286528947	0.0007956771578520684	1
100915344973649959428	0.0007955879730782436	1
104917160754181459072	0.0007954065498826226	2
100750360421266047261	0.0007947620310222288	1
118414322378144682470	0.0007915574581046804	1
104577357381178665210	0.0007880041772980638	2
102409541521880756024	0.0007874267057307267	1
102778563580121606331	0.0007863100912245415	1
107289959482308190901	0.0007842627274441546	1
115058384974405026221	0.0007823608425280003	1
100268819871789028907	0.0007806040920856863	1
100492431527288250143	0.0007761106839751931	1
109193674823031718540	0.0007748643079400344	1
108590450348104054649	0.0007733044044895541	1
104414006889440330710	0.0007705085945329819	1
114487965928288927815	0.0007668543610399115	1
111935860955005881764	0.0007664670730360426	2
117114202722218150209	0.0007631301230653139	1
110097167949323324728	0.0007623429713935619	2
100771715351072186974	0.0007623239359805172	1
102308976050370597645	0.0007598973722899832	3
115655034901162574758	0.000757437085486698	2
102920063140431683002	0.000753984941313645	1
102896689791899460747	0.0007538352698661444	1
109370145109180715407	0.0007536366208365534	3
111749052209901260440	0.0007531212287036058	1
111048918866742956374	0.0007514603375036305	1
108032623298499022371	0.0007513311618276594	1
110417528574583983188	0.0007504814626524026	1
112329652617120664320	0.0007503828428258263	1
102898672602346817738	0.0007499297841706994	1
108511350413598810877	0.0007493968271136516	2
106359487807208915036	0.0007491012020234326	1
106209295280626219515	0.0007483218276528319	1
107886907510593975334	0.0007475507288277323	1
115585398292418640701	0.0007462377454295982	1
117716997632526602461	0.0007447941903133537	2
111366164936189851916	0.0007440884220930225	1
114233674199568482864	0.0007430420353429355	1
116281832988798575818	0.00074070462040603	1
106418765260000576689	0.0007364665462917349	2
111923555628646470907	0.0007346458233095256	1
102762278318790381974	0.0007339716712681194	1
100476678515275268358	0.0007334801552050421	1
105525365446685412412	0.000733399552606264	1
108894779805940659869	0.0007313871819133894	1
116995710336756123292	0.0007295096629986349	1
115978949584209885559	0.000728591362829203	1
114893401725193022038	0.0007285860614344897	1
110351006045593232796	0.0007215557237835403	1
115899601830613537531	0.0007188897237775909	1
104461364885611490928	0.0007187617897108203	1
110945896776944314708	0.000718714056493896	1
112820512550939559523	0.000715622941050433	1
114147483140782280818	0.0007154372924389799	1
103226166584311556924	0.0007135289591451115	1
111480413428119678209	0.000713279224125618	1
104316443417435189825	0.0007129818101123838	1
108544008482166257714	0.0007122216848606318	2
101183952538711982455	0.0007100431380614013	1
109504122343901736603	0.0007088465820648904	2
115278183475191667447	0.0007085340709752541	3
102144518285325653315	0.0007080991518627483	1
117429320390907645600	0.000707171227647167	1
105854477836714634695	0.0007061545372506493	1
110318545394875008530	0.0007028753252259264	1
104912958756793332975	0.0007027227795919811	1
108729927392113951912	0.0006995364567477177	1
111937447827665620879	0.0006993292802105647	1
113044777246297365643	0.0006973421049842497	1
103850326109556474629	0.0006965517056336341	1
117755510873593089084	0.0006911794560666483	1
113464569897311842405	0.0006893925484371885	1
111695921463411781303	0.0006880889801954293	3
118265897954929480050	0.0006863843415940807	1
103958441795544241153	0.0006857373986384463	1
113603343041402440854	0.0006854967530604225	1
109938202835872364257	0.0006846359812945956	1
104531609977012265422	0.0006804639290837288	1
100623276740673202144	0.0006785083218920863	1
106478271434987235213	0.0006762966798678424	1
118146622799388835070	0.0006760875663940634	1
101069176603529970895	0.0006749757255258266	1
110168117080267015976	0.0006747272291106476	1
106410923972431790652	0.0006743876287789153	1
109905754411584610340	0.0006737130818034699	1
102660844836154438885	0.0006723114188266508	1
108911084969202251735	0.0006720403223653261	1
108096298177137829845	0.0006718874746745212	3
107119940474246316259	0.0006716914297635421	1
111213696402662884531	0.0006716142488873474	1
100185707560478368490	0.0006706188076147562	2
117989979368420104788	0.0006704805206053871	3
104282453580753584553	0.0006688484680382937	2
115330849532868630924	0.0006682823702985239	1
117186458716523937136	0.0006679072411622559	1
108334909638665641247	0.0006652348574335398	1
101185406398932804414	0.0006645884627821532	1
114122960748905067938	0.0006628914476461685	1
100889510556913995048	0.0006618458737377063	1
114228869493885222559	0.0006609980056795081	2
114153859732710523651	0.000660985158965612	2
113025758348628700217	0.0006601925971284778	2
106467956464026331029	0.0006597907175122586	1
107044084667875956662	0.0006573471969017292	1
116303122205999176427	0.0006572995041061123	2
100188557028585168265	0.0006520776280748825	2
105515486507418683279	0.0006505333861936389	1
109071599423504633790	0.0006494770450878196	1
101575545542172098027	0.0006486949532737115	1
102123493230417393789	0.0006478676680876694	1
117997508248143467215	0.0006465412500473092	1
105713497706843136406	0.0006434978456610771	1
107991184034868817056	0.0006428970560599945	1
103697821787469756035	0.0006416500349333108	1
109036978092446954908	0.0006412150275038793	2
112171428470692967372	0.000640928743424696	1
116180809349156681993	0.0006396237888193513	1
109774951215877430341	0.0006376051333037299	1
102020527924892532661	0.000637191227384034	1
107507539268974734333	0.0006369031505102214	1
101130571432010257170	0.0006365288251002649	1
113339552992922631802	0.0006364162564664014	1
106111195718302652758	0.0006360215541362506	1
103095786308890475164	0.000634555432234111	2
103984595971776502972	0.0006345068330321688	1
103485198240804957905	0.0006341836107297625	1
112614367259340988369	0.0006323323487223695	1
113897594280127224121	0.0006310721643380835	2
117054568470874619985	0.0006281210339135039	1
114578704341005811828	0.0006273050396894255	1
102391356272858998819	0.0006264643443762738	1
118446147598193798536	0.000626452295466144	3
112801309584423325711	0.0006262128888827173	1
117574554323772486921	0.0006257090990801095	1
114424163811716070551	0.0006253060434964142	1
107550335129662216109	0.0006245133604269495	1
116631329713205553508	0.0006244821859958832	2
113524745665911089922	0.0006244260978538762	2
107442140332286168275	0.0006235429981030001	1
113391394505904411092	0.0006225553363761694	1
108099300904077351421	0.0006222997138674675	1
104052724814079219066	0.0006200936650591372	1
107839883172084901808	0.0006197230704633077	3
103027208010762934436	0.0006188471593615594	1
109717575157128771241	0.0006163813236296453	1
115595685535906979585	0.0006155110779772197	2
104045511944341391917	0.0006144376390303391	1
117940797281312243002	0.0006138645645076925	1
116507162463328305307	0.0006134986184567155	1
106050036317987731208	0.0006124597665215165	1
107050701397820403278	0.0006116167448057316	1
110547037687446134145	0.0006107720297447877	2
102307008290001893965	0.0006092596807521628	1
111539945821979928707	0.0006091412087476552	2
105040001333571511595	0.0006076622849353068	1
102583849990761016900	0.0006076514380607104	1
110999812807638466290	0.0006051039704204845	1
107429025521549453511	0.0006043626081013475	1
101886706065800845176	0.0006041488012434499	1
104738073428108177599	0.0006012771890572836	1
109177683659525760187	0.0005987938041549344	2
107365762256151852950	0.0005971846235612104	1
101894576143565329614	0.0005956417467281783	1
103157838382139356964	0.0005952709370174282	2
114149296801704936672	0.0005936820718267922	1
110622381065734330925	0.0005928760106663545	2
104591893998825912318	0.0005913358394273582	2
103481047858421470011	0.0005913010988740108	1
104401462206426890612	0.000590096237548752	1
115970197492058000536	0.0005889831187142699	1
101305776875945822989	0.0005863647449916415	1
111366756187576712071	0.0005858356289489162	1
109736771317629495108	0.0005856916332379587	2
102755548808767411605	0.000583303455524241	2
110036682383342142442	0.0005825025638574817	1
106008941849648772680	0.0005783355618413232	1
110809308822849680310	0.0005768079905212036	2
112676929048719235214	0.0005765864704252509	1
109414049565374366512	0.0005740443190538787	2
105105958763200143464	0.0005716254904789697	1
113211954743892121925	0.0005716188395522871	1
100593774889764346454	0.0005708589984475627	1
113555634333663291981	0.0005707743019046492	1
113010729939949185045	0.0005699706340378502	1
100202609332472891769	0.0005696570425967296	1
116193523946718816007	0.0005691736108495575	1
102456090968735240209	0.0005667862119173076	1
101384112455887732241	0.000566477183216701	1
113309470814122509541	0.0005663493538586962	1
112444182697680730473	0.0005662038142953483	1
113459242443031137262	0.0005648134365073487	2
104994254109965225506	0.0005619124719306379	1
111815492406085048076	0.0005613138356033577	2
100466467616992542684	0.0005603565313855814	1
102014620469584519426	0.0005600507721540051	2
103825681530404900115	0.0005598145131332621	1
107410585863197912809	0.0005570912948292493	1
105922903554346477204	0.0005542890379474086	1
114951153220032017716	0.0005541894959354527	1
114338217792003600242	0.0005540094483490244	1
117014561447538241792	0.0005536891896195914	2
107924824205149859178	0.0005528546246855147	1
104384618198413714249	0.0005517557273271646	1
111221480964536174264	0.0005516942341817321	1
110136818693267034218	0.0005504698038044618	1
102850770191169828691	0.00055038268712961	1
107261236380322912390	0.0005503596597570717	1
103855721758679327070	0.0005484513892273633	2
110193533410016731852	0.0005478123966263183	1
114894373995529057283	0.0005472952128747247	1
105459830584243636071	0.0005470833217237733	1
102239645172983099492	0.0005467396577064326	1
104481732831876735107	0.0005450004869128487	1
107308460013033893888	0.0005438123368004624	1
111171169273567811138	0.0005433446233576251	2
100458759797322732511	0.0005431184964221525	1
117139907586011263319	0.0005429477311489556	2
111326500706485286272	0.0005429283418761319	1
103060500509332918638	0.0005424703682963934	1
108587324540492658549	0.000542418797914619	1
115625564993990145546	0.000540449847337673	1
101219011473929582951	0.000540161576411228	1
103897220774015362696	0.0005382392690120618	2
109678206263874497523	0.0005377466310170826	1
117036888556644526115	0.0005361437191664319	2
104244566720530687874	0.0005359379906102702	1
111973012122832065397	0.0005342194175207472	1
107850060453971630294	0.0005340356688387435	1
101157648098648077717	0.0005323543793098273	1
114229153869366841792	0.0005319620436943768	1
106539835304510344813	0.0005315074725406882	2
113472184832544483745	0.0005309908399263839	1
108694322269563399860	0.0005305541298414291	1
111972311379491101006	0.0005294431799606656	1
114318197127028344684	0.0005289304450479517	1
113180375618328351247	0.0005286678020417937	2
103293516438378653921	0.0005285061370535888	1
107811501771685140323	0.0005282721841323237	1
116616473522216111363	0.0005281915406519795	1
117884476143887009277	0.000526899005887802	1
115322656293162815295	0.0005267885016237865	1
109523302262898329619	0.0005266591377360763	1
109448162492198686266	0.0005261879567649771	1
107057936041169873674	0.0005260166914413226	1
116071275946594200077	0.0005255380671648458	2
101683110797134764736	0.0005243725266334028	1
100013234150524277230	0.0005243581490368321	1
102016851383568561562	0.0005237677181268538	1
104794733870058284465	0.0005226300191655543	1
108002490988800333787	0.0005225224552989204	1
117115966619059273164	0.0005222807931640138	2
114927294217645926989	0.0005213224084195378	1
116469556577026921142	0.0005209852649848913	1
113213805739104055114	0.0005209172686387861	1
107966083689010962220	0.0005200987795655027	1
112936111325006550759	0.000519267034638906	1
110255737428907780217	0.0005170613046979889	1
104667904157447809352	0.0005166923387735993	1
111419564832268061657	0.0005166734830980045	1
113531415437983740096	0.0005161098929225838	2
112855906881796141751	0.0005146737851012342	1
116056645771775490363	0.0005145742465432117	1
110858566556215922899	0.0005141921988631699	1
114719104604682870594	0.0005137361442324705	1
113290698547751890551	0.0005136919622995813	1
103673601952617127321	0.0005135507623504247	3
111267975895881595717	0.0005124533985614951	2
108894449265020302496	0.0005124383006983315	1
107198252333645276106	0.0005123101784998431	1
113621734687034433968	0.0005122064073508333	1
105933266712566167982	0.0005115497585545455	1
104038129219628500991	0.0005111440975111674	1
108165610406198760190	0.0005106194806572479	3
106728288712777899597	0.0005100424435417071	2
104931142412008266893	0.0005092603925169416	1
117804036587685325842	0.0005088909254227392	1
111169893172161086239	0.0005088052411537085	1
112960723772418803264	0.0005076391115438773	1
108702808435481356593	0.000507573204048196	1
108349993144739467020	0.0005073743705060578	1
104651858239149478872	0.0005072347245102392	2
100463344564987045291	0.0005067821889036706	1
105161232143858721168	0.0005063883705116796	1
108603838345390534026	0.0005062191387828084	1
105347537964295352326	0.0005052556144899537	1
101081302875324360817	0.0005032921388784589	1
101209587633931249873	0.000502718559459538	1
103070524439095141575	0.0005026768736976492	1
103899043917116388673	0.0005012818473095807	1
102886572730020092598	0.0005012704271999738	1
104962347070667053810	0.0004999997387350514	2
104013835962992611989	0.0004997340549122461	1
106206424594758074492	0.0004993757663271455	1
107328949221172543768	0.0004991929426560284	1
108803110695357870995	0.0004990849348886996	1
111635150542674847021	0.0004985961397610275	1
114562168945437357579	0.0004985029226290223	1
101849794562141574206	0.0004984333528031115	1
113654461547690050667	0.0004951143049002943	1
109732393861737158427	0.0004947863758541934	1
114785407040665700728	0.0004943434006459313	1
115120856388820348736	0.0004934822005151728	1
117059593834355077199	0.0004906308599013522	1
104304812570369572837	0.0004904067622367436	1
117462592692564691028	0.0004900218286906959	2
116541152567955767643	0.000488473365837746	1
109380443971181362791	0.00048771090774496256	1
100560478564575980731	0.00048737973211700637	1
117221410883456578184	0.00048676696164732456	1
109086061077201076736	0.0004862775056864748	1
103011662826175289775	0.0004860066325933414	2
104542524024401372520	0.00048543884742132434	2
103341235804505564047	0.00048521620015205694	1
113698589973698283456	0.0004849595737952716	1
115480964182902200631	0.00048470731753914945	1
108360574989017497426	0.00048377542793656453	1
106382433884876652170	0.0004831699170763225	1
113541243319067259264	0.00048303355854490104	1
108007903544513887227	0.0004827126181143401	1
115982989172889057014	0.00048259872115684403	1
105665080337389619151	0.00048174403831979947	1
101856118924648953200	0.00048139423846195413	1
112826875842913909845	0.00048133753978308425	1
116969655906958227209	0.00048099923797238954	1
115868797658348406026	0.0004805421767541461	1
115514581094340921816	0.00048013864807874916	1
108643489696799455633	0.00047936829125025247	1
110934984758289532394	0.00047901642866049726	2
103156924176678271266	0.0004787281627560186	1
101480329036738484725	0.0004785417140469412	1
104846054806852679393	0.00047832209238974315	1
107889816939032412666	0.0004781588021552241	1
110143456285909533075	0.0004773959677586619	2
113007670073596198453	0.0004770323221551716	1
101490250519322292462	0.0004760396471319359	1
103850759574847404595	0.0004759594090531047	1
113420422244530728570	0.00047568327009798084	2
116256015420660060408	0.000474675061172492	3
112408773440208776137	0.0004745603052048218	1
111215626086255858123	0.000474023567456186	1
117033715264863371696	0.0004734111509208477	1
117555990096315491864	0.0004733234031562536	1
117794877749802551429	0.0004733180753718592	1
116577380820444529292	0.0004730890343087044	1
118225519006643983311	0.0004719538322565083	1
113227252986293896064	0.0004719322222681075	1
107472474647563857708	0.0004706876431261006	1
117408889341288914294	0.0004705201517669972	1
102103585693420337471	0.0004694520277334762	1
105362990780240393762	0.0004692511962988402	1
103251633033550231172	0.0004688031597511438	1
107307708524394964276	0.0004687521792068433	1
113556002842571527057	0.0004686458047055591	1
115183209875959276137	0.00046860534570195505	1
105421989284418308161	0.0004668586713655267	1
114238825882006954970	0.00046652967230532977	1
101080167733770848150	0.00046582961447347385	1
113956034040441194202	0.0004656456745013177	2
113096993341203159664	0.00046536675449878744	2
105248358908992136650	0.0004648293498116086	1
113619286206637523955	0.0004642633956851022	1
117608739020419875973	0.0004641124309447139	1
102060784065029072375	0.0004638721785986531	1
108797840083484244237	0.0004634561139880721	1
100472434934730699552	0.00046340073876177966	3
101885926862979557060	0.00046330148886787777	1
115981958593854463425	0.0004630593918070002	1
101386134866913345039	0.00046248845805291097	1
107547780270525051452	0.00046216692582752653	3
106658058857661151635	0.0004616667303166293	1
107149075470261453144	0.00046124557160802	1
105389364748387891649	0.00046105575001837335	1
101288957316235385139	0.000460341345992836	2
115078520436774133103	0.0004603193487259521	1
115366624923467413091	0.000459843262014327	1
116350850471110345426	0.0004593560265948451	1
110229483536215858312	0.0004585393122448593	1
109631064685469686606	0.00045834636403826236	1
118029848541356213863	0.00045744572677790685	1
106056812477855110591	0.00045701745609314545	1
116473420915596249841	0.00045569046581503164	2
106975707959313051828	0.0004551665666168305	1
111269553014416120850	0.00045514394174403484	2
108853501738089315294	0.00045500385497739964	1
106825380824049953987	0.0004545543338600491	2
106779512870994415471	0.00045362931107762524	1
111101593428695421603	0.0004530847923295859	1
102928259944836419922	0.00045191209380065806	1
118220857055764418224	0.0004514875873473485	1
107495401691428541405	0.0004509459466787092	1
112541074199410704452	0.0004508398849860834	1
116515627288174691729	0.0004505976955465963	1
116202726148928256666	0.0004503205924729452	1
103318994205048878279	0.00045001274959362856	1
104474402194287396870	0.00044935741012912825	1
107130354111162483072	0.0004492855388842998	1
104478893233297648919	0.0004489262492678103	1
101875839400760158705	0.00044886505711237625	1
112957065719498086306	0.0004486657717608515	1
114602420278019329303	0.0004485060585931885	1
103245858805594557428	0.00044774154696857556	1
108856766389357327406	0.00044754114836339506	1
100583643768601491449	0.0004469605379270865	1
113078788648919261909	0.00044677558285347594	2
108093196978439295882	0.0004463912897195066	1
115295295550060273610	0.0004456899299326798	1
104287272759969100584	0.00044554753040735147	1
118057394571265978951	0.000445529500155923	2
105415132823244013603	0.00044492998653405307	1
115917643984306258083	0.00044484419102849935	1
112761340428079841885	0.00044442770322951944	2
103803759415221345211	0.0004438394597653185	1
108208027022579038018	0.00044344266924297815	1
106813287169478733485	0.000443355739445585	1
114163495703494102790	0.0004423002672147217	1
110280886606383204066	0.0004418695270161818	2
100668872320235339612	0.0004415488847517539	2
107400727833055897976	0.0004415183935897803	2
106896834505928192955	0.0004411926807880947	2
116713623305011680836	0.0004393212641361176	1
104944128365441598365	0.00043901659483712793	1
107981077806259133968	0.0004385235480881904	1
102040763864961338414	0.0004384131898921539	1
113858797523322684974	0.0004381435769189357	1
106649929935339369458	0.00043710643652360214	1
106790394183446968954	0.000436903269481428	1
103093315171139578822	0.0004367706494891867	1
112311565408480976089	0.0004367420184768036	1
118100563367161251455	0.0004366309680627322	2
110855912627052487969	0.00043601299858242546	1
101660858886010338254	0.0004348380030420964	1
105044049419763533097	0.0004336306711581795	1
110817132422072935212	0.00043336179868553264	1
107562684952021749097	0.0004332593168241911	2
115947201898868785648	0.0004328779216516537	3
112349912245938616897	0.0004326153708638443	1
110275776683631148350	0.0004318741714680839	1
112437432871129430052	0.0004318383389809734	1
114528432518230914438	0.00043180018948195734	2
100425739170055690781	0.00043147021531584565	1
112015226400091846520	0.0004314111674410524	1
112917540183250234327	0.00043125677892018603	1
100464702037351657177	0.0004310974222949595	1
112307283830146683885	0.00043098551970948817	1
114767803040499829479	0.0004307528237377121	1
106702324621449002266	0.00043023077852876265	1
103029776698541758660	0.00043018214486981464	1
107396656126703375612	0.0004298579703714862	1
111376872709029407490	0.0004291025403077004	1
111043623176979553868	0.00042869181080905806	1
103046039519355433778	0.00042856743792431024	1
103174148753240088636	0.00042806982772988853	1
100904865892153488706	0.0004280597311613984	1
103398481772251769091	0.00042601693882263604	1
113337600906713550355	0.0004260101242678692	1
111083657677685307379	0.0004259891689826764	1
111445295534025858246	0.00042530204037179094	1
107006451657785892476	0.0004250745681527154	1
106126097738233766399	0.00042502875723465924	1
103855604528593517211	0.00042481330742163384	1
106486933038664842533	0.00042466822033972553	1
109591387819364984777	0.00042452916566398935	1
102456777374003067692	0.00042415717413120776	1
108890400948483542545	0.00042340982017339255	1
102932986213331794453	0.00042316159512429785	2
110834201342884968996	0.000422897721882888	2
107742068186422614716	0.0004226199349158006	2
105502506545735279423	0.00042221246784024077	2
100398188574403174312	0.00042207359554632864	1
104015870160096329227	0.00042187133065706465	1
104328553869453938019	0.00042184585029861755	2
103460569489458223929	0.0004217718730620176	1
108719090649071657338	0.00042076926980509307	1
103011191893676285908	0.0004204728840530315	1
101010433515025028997	0.0004201622844591099	1
112349335732307259423	0.00042014521761921943	1
101728655513552631913	0.00041992280000384	1
103895402092394980881	0.0004193833367576548	1
104167754717321456393	0.00041910118186720794	2
106273142422645495807	0.0004189003908783279	1
111433245253472835474	0.0004187741639599467	1
106835948809045250521	0.0004182937050902321	1
114586673819653292875	0.00041786252074551747	2
110615655265699868791	0.00041769774982320203	2
106499409180130178424	0.0004173417491870936	1
117561536843314919073	0.000417238291954401	1
103864158830757222124	0.0004171019752240431	1
116498881168868635291	0.0004167554256955525	1
109736705930172082605	0.00041656594998629995	2
105683277396811922238	0.00041593417167490364	1
111037600142684781907	0.00041498430960034647	1
112032230546743091127	0.0004149835084095839	1
117393512333338803220	0.0004145190282751085	1
102076033841555832518	0.00041364771802634016	1
109599454747399536554	0.000413537118874159	1
115043778501969048897	0.0004133387803436743	1
118217464013850604733	0.000413264815802555	1
116267384604818495277	0.0004130945486362287	1
108855274112594118541	0.00041254750108808653	1
113218590431249449552	0.0004115593172209308	1
112430913384106814238	0.00041139992885763264	1
109931720898576608083	0.0004112995106328604	1
110527332382139046457	0.00041129638792088385	1
101377053267560854462	0.00041108997132533896	1
117944255792788034101	0.0004102489705376144	1
104195596535276000851	0.0004100439024297669	1
106332521193891989354	0.00041002072682517257	2
117125550255177987857	0.00040958784842699836	1
115603501102777898212	0.0004093706881598666	2
117300752739997658443	0.00040844984733932367	1
115839767455233623600	0.0004073774958531797	1
104808253889146371738	0.00040687817774348134	1
105645854458683725897	0.0004066246394102129	1
107808951807533655192	0.00040652393621371343	1
105166048882390456820	0.0004061052811419752	1
101965232098049360563	0.0004060719479972327	2
113042334587840968084	0.00040552487542204956	2
100211417694760669717	0.0004055024841845919	1
106908582141791358504	0.000405399962171887	2
101214841967281809074	0.0004052133821844753	1
105937033414581870773	0.0004047316642590154	1
111654988216301084265	0.00040470844106759574	1
112999253285147253060	0.00040394416822479005	2
104440984153049592278	0.0004037744163747715	1
116337470434095717442	0.00040342008454180805	2
109185675918075142270	0.0004032465115337672	1
112930364932290387951	0.00040311476948491176	1
114125059648511830046	0.00040292837527811196	1
103095528828885172723	0.00040216677209256797	2
100886528220085497544	0.00040180362848554047	2
101506536312500371776	0.0004017564917119877	1
113399785752705562903	0.00040161511729223357	1
110419845240623427298	0.00040112265578163837	1
111236051760440036087	0.000400308795081868	1
103072738433357468653	0.00040007366674005003	1
113215976889659570939	0.0003991494457210984	1
115936804176235600319	0.0003988300562117516	1
118246412183062133215	0.00039862416085986784	1
113673756354863552294	0.00039780166461477173	1
110565451469358079473	0.00039754109581997994	1
117847912875913905493	0.00039707190807664413	1
100203083680599645929	0.0003969922074943831	1
100074919848611839400	0.0003968155068540843	2
106678801573617130538	0.0003967552998840426	1
102087193593331908779	0.00039660615872706077	1
109697959737050788452	0.00039634023649109853	2
104984388845115004014	0.00039444783036980636	1
103039229335818520990	0.00039372610738628205	2
117675489739512289311	0.00039366590962293163	1
105198403894619168008	0.00039365166352294553	1
113250691524784561414	0.0003933854492837479	1
116454446657397907562	0.00039327144210611175	2
113312618768961578323	0.0003930928434779742	1
115994982948596334892	0.00039301880360063056	2
100379345990767507644	0.0003929341895221754	1
110798258135890723173	0.0003929293679271438	1
109398421611492546729	0.00039265387358738914	1
113077617428722440432	0.0003924997798721221	1
115339576874490687346	0.00039232190535139466	1
113134124755005963558	0.00039216447641400695	1
107483714191607682955	0.0003918479119580838	1
114955415628566000965	0.0003917489780666465	1
115876747286152918130	0.00039098791439375963	2
114162698572145803131	0.0003902948330815826	1
113048604335341521429	0.00039024507845117335	1
118376303525124349504	0.00039023825129116984	2
116126532050997853166	0.0003894855450883295	1
101954261955134304484	0.0003890282195767872	1
112724573277710080670	0.0003888498588381999	2
103183570053193175186	0.000388537891469741	1
108770048483147923207	0.00038819783642549935	1
103687053317839296319	0.0003880709582904099	1
104450373734487439917	0.00038802368352648463	1
103902609940068041030	0.00038798770514762563	2
115404182507723122393	0.0003878294213140452	1
115236231218861555299	0.0003870645249891599	1
113509398790435664089	0.0003860006813733412	2
115066534284029624019	0.00038576838344323743	2
107641915840941054345	0.00038560141438183235	1
110348799841047401550	0.0003851146677155096	2
109429236594408016618	0.0003848907159214772	1
109117683049682245427	0.00038455901966868294	2
110398494822624962970	0.00038453691879480504	1
103302530242633997946	0.00038437208502661055	3
110219327643577705724	0.0003841324048310398	2
109969779660139278806	0.00038381483948565114	2
111170792745858296326	0.00038359991884061306	1
103274064524957433652	0.00038321275777931777	1
116572860966783582399	0.00038298995375217297	1
116520423766714060447	0.0003827951087453415	1
100800158387559935498	0.0003827485533738959	2
104344063239607373093	0.0003826397831654533	1
109970338579215706051	0.0003825403082335355	1
116764082219010092642	0.00038211949697734306	2
112141887022021560909	0.0003821109084005556	1
111346029664121783189	0.0003819290964429293	2
106036588985851683922	0.0003816377818879122	1
100186938589206311054	0.0003813205426944585	1
102277738523009646368	0.00038093331754141023	1
114908847203028092210	0.0003808632826246308	1
106623900962110772648	0.0003799580887251516	1
107591129378326850277	0.00037988954676342556	1
108772093596270397936	0.00037943071472038166	1
109911419351912426588	0.0003793452501021603	1
103477821462069969842	0.0003792891433170833	1
110736470473535126070	0.0003789874270723407	1
110953639273542670640	0.0003788385173030106	1
114931288183654669906	0.0003786207181404736	1
107552965844516484621	0.0003785451723038396	1
117903011098040166012	0.0003785106597667796	1
117767202978917125041	0.00037842472807895914	1
103577706924716446377	0.0003771465556749336	2
104220541664395498712	0.00037679422763759726	1
104201441411804496708	0.0003761287178405448	1
101606040925310416308	0.0003759502101401326	1
103250644495668054075	0.0003758868656342346	1
104390009053213696204	0.00037579813341853235	1
105719631874959534533	0.00037570021270574253	1
109830558164732334015	0.0003755585990629273	1
104644705068936006621	0.0003749123924820444	1
103092754229817039243	0.000374834701219442	1
102078098288357515431	0.00037446943996778816	3
103274251626717875952	0.00037421577461274483	1
103239655111676058756	0.00037415352281803887	1
105647938462595724675	0.00037405039994844666	1
101640695827845658690	0.00037396817380089904	1
112180555080313027108	0.00037389960460278393	1
114422548352923775507	0.00037354408410637937	1
118007706416783694636	0.0003733382505659187	1
110697387901189299664	0.00037332402623739216	1
106244331832224111960	0.00037313876015598657	2
117829180598920486765	0.00037306835608814194	1
108119194013508077395	0.0003729303541974328	2
100529906558221070530	0.000372793627262001	1
106639816695336343746	0.0003723499524740474	1
101136313452022372827	0.0003713905872572079	1
115185449105972818666	0.00037128058615501665	1
114368689264732394875	0.00037073272171086883	1
115724883099396204735	0.00037040622485236827	1
115826108575393488410	0.00037024246408975817	1
115174457819914037873	0.0003701866967278543	1
101260200590456912008	0.0003700996515559513	2
114408733617743313108	0.0003700862152042643	1
110441797803247642088	0.0003699036231954426	1
103269978311167939827	0.0003697307645558705	2
110527094571018831478	0.0003696534962936328	1
112732938301956933096	0.0003692253471593905	2
111766587138237390626	0.0003679825898894298	1
117215940402236438378	0.00036744627820836857	2
109841036316957363917	0.0003664462951910223	2
108801899952694316017	0.0003659866477410239	1
102743031116331395818	0.00036594107785901063	1
110656371007145464234	0.0003657107374681023	2
108893648067665428404	0.0003653130020184373	2
109322383637704271125	0.0003652607515772157	1
106692901703082428393	0.0003652339762009077	1
112930960401848447323	0.000364057004898737	2
112172895831966524738	0.0003640350821967103	2
106802987341604892965	0.0003636293341916035	2
115307311703000275199	0.00036330892776293875	2
118433886964242604020	0.000362661970996822	1
101943035898572565380	0.00036257711485450687	1
101936719958845623120	0.00036251064110404303	2
114610751804622117115	0.00036244732650984727	2
110279873454260970861	0.00036217978415303267	1
112328042971957271722	0.0003620571189364588	1
100183483443926370553	0.0003618999080730615	1
102789401378975740824	0.000361808121179559	1
117942605302461709656	0.0003613919421985277	1
102549623343643093965	0.00036127877905509835	1
118323646137524216927	0.0003612603607052043	1
118337888156714165742	0.00036114925946243977	3
102056827869667810545	0.0003611242221875516	1
101594994894172024242	0.00036103514206805345	1
113949230518472826907	0.0003610163792439334	1
110906328246114022891	0.0003607531158772677	2
117319035865867067648	0.00036063069842758586	1
118423565063222887182	0.0003605879118357276	2
105403365081561344660	0.0003605679050574772	1
106312035620164033349	0.00036037089314051114	1
102225207181125422398	0.0003600377886792027	1
117624867943351457090	0.0003595128383563597	1
108956626965754553511	0.0003578780457419772	1
113748830533270941579	0.0003578128468419995	1
104250130116253463837	0.0003572839421388282	1
110052284219239461705	0.00035715253158809755	1
114530703093564359827	0.00035707585903888527	1
102905992807889697391	0.0003570580043969153	1
106787150560860988413	0.0003569359262068296	1
113471304124122427226	0.0003568627827765542	1
108281923609340751312	0.000356303235527316	1
106735866716290499695	0.00035605027816243905	1
107561275736053026558	0.0003558829933800563	1
108583549213384762507	0.0003557904610904962	1
109466379342611092338	0.0003557537485703524	2
106291826191903119659	0.00035554145265397844	1
117500723574087130516	0.0003554458787325397	1
117451772651046615793	0.0003553271149783517	1
106862923723895701883	0.00035523066231171914	1
101170454445449447714	0.00035454256631584633	1
104359763476253962070	0.0003541486918841667	1
114302252107350810618	0.0003541269357150266	1
117153170823238906428	0.00035371709990306225	2
105423010364729238500	0.0003535966220245769	2
114773562628956235941	0.00035333773914088024	1
100454739783658783958	0.00035295228982111466	1
101933513018453403751	0.000352800025281642	1
105787363183175221611	0.00035268340482370544	1
114317364781561932817	0.0003526429551659417	1
105176460251303787958	0.000352409466599646	1
112260740074252813187	0.0003523710241777814	1
102107147806939041278	0.0003522157018053476	1
112787861052425659995	0.0003520762507948944	1
112907688372208082940	0.0003515431416088512	1
111003303475584600662	0.0003510049409240205	1
101376088122155015765	0.00035092928739787464	1
103620559297924855944	0.00035085956552738265	3
110451759348012741527	0.00035081562014482756	2
108576950625288563489	0.00035076540007480505	1
103684974087620751394	0.0003506810206318716	1
106701752296864781419	0.0003506252337499516	1
107501503793007677853	0.0003485719132072265	1
113965638147334566849	0.00034854670418873123	1
105310573695573985234	0.00034771937847961757	1
107516764672406708263	0.0003474611408058846	1
108018149137861213392	0.0003473566326848542	1
107203854645375598995	0.000347249846095162	3
103763319834242373359	0.0003468775893617545	1
117713296107305485612	0.00034642781704680506	1
109147535954110669362	0.0003462442678881229	1
115805651877872032979	0.0003457852083047695	2
107320030937966635528	0.00034576747223888913	1
112981078865280389196	0.00034569632153052366	1
109632514144033790772	0.0003455506067127867	1
108397294034481595594	0.0003446909470083036	1
117579105958307238142	0.00034468354081150325	1
102124054450151160717	0.0003442581469317951	2
115918873633072664460	0.0003442220140668853	1
114242984015887361513	0.0003437627622838778	1
115716197313320129640	0.00034373404182131356	1
110275700940996733061	0.0003434815645457423	1
116481445670176776088	0.00034323422975689134	1
115076337182080225257	0.00034297716126343284	2
112472063587247013272	0.0003427645038486288	1
103091843552397054820	0.0003425922102162565	1
108742841816580780267	0.00034258855270030307	1
106727811555281104992	0.00034251235940589	2
111621508968310608742	0.00034240786550115743	1
117670751990700012944	0.0003422962338222762	1
106587112741556150425	0.00034229061734787473	1
112247269295708719029	0.00034147841304230396	1
110602313084963920390	0.00034147740283145414	1
102251766629138634463	0.00034132179656901854	1
110502833538176908275	0.000341195870441751	1
115319136089718062451	0.0003407653557219974	2
101484879124890158374	0.00034053991312237616	1
104440446803771742871	0.00033992821024629203	3
113732134411703928267	0.0003398362531102162	1
112586901974528405463	0.0003387836582493044	1
116442488988310246884	0.0003384353856593294	2
105861077871083662983	0.00033836963856144156	1
113983863075069397753	0.00033822322502931215	1
104192008501436536872	0.0003382084331149651	1
106402850684051126748	0.00033813714416544566	2
101429865783875016809	0.0003380530518758535	2
105279232337138340177	0.0003377350282527404	2
117163665721006562027	0.00033768867723960185	1
103457156685416538515	0.0003375152508901406	1
102796099799716663504	0.0003373036237397416	1
112709496574544965957	0.0003371137651034793	1
111996767480396121640	0.00033705247110298633	1
110741625355731730721	0.00033700366596886686	1
108607293260405363866	0.00033568200849575056	1
101763593176985089010	0.00033541747838348925	1
113165376908439457925	0.00033541747838348925	1
110171339580648239267	0.0003353965713435338	1
106070185530774164617	0.0003349517109806421	1
108838857200393297384	0.00033490765395684604	1
103551423223610626792	0.00033456830484608635	1
107899346809500297044	0.0003341768091133313	1
103061432975121007243	0.0003340294455146627	1
108539408842832063454	0.00033400178409071944	1
110886445140146737204	0.0003339946914209149	1
102831333897711467495	0.0003337727747681459	2
107381073695757434347	0.00033334959977524616	1
111736608849847346573	0.0003323254042388492	1
107756791277034290856	0.0003323057760518249	2
111997710331187263641	0.00033216536725672583	1
117439726142720584478	0.0003320372965985899	1
106729180530371732637	0.00033193208524468686	1
101754516821759869035	0.0003317865815651897	1
101653756479442099558	0.00033163622012071154	1
104103490920471909932	0.0003311858653273257	1
117908990679728978748	0.0003311204944794485	1
114828549850099437487	0.0003310632633457049	1
101130656339668533532	0.00033096985102720186	1
114155987718747029379	0.00033078926019192585	1
106194849331709987812	0.00032987617389594343	1
100130587427333595998	0.0003297733648680529	1
103970193008335583643	0.00032972752246226197	1
101028761244286045194	0.0003297093544295426	1
101550491289025468863	0.00032967397152140873	2
102311554030427331560	0.0003295550409482381	1
112704904830963274747	0.00032916315668236125	1
102847333754404980725	0.00032864146795381845	1
108062075979880389556	0.0003284581537594586	1
115645819756954392135	0.00032795624210671983	2
108350757430887996754	0.0003275846439507173	1
101694831794131960933	0.00032752984101051445	1
102230422889397091568	0.0003273547704468338	1
105130868495263765810	0.0003272467122556008	1
104962463220266131500	0.0003269858502202934	3
103161038350347589745	0.00032658470528214875	1
112752392655402564129	0.00032655566383469096	1
103456272985377933748	0.00032639718840969326	1
110992897911137455300	0.0003262632286623138	1
105700898291566225808	0.00032624260042377865	1
103114072608881385814	0.00032579005486544385	1
102748620209105414452	0.0003255793395020007	1
110357001884194145645	0.00032543954881471195	1
118390162100810480596	0.0003253857486573478	1
104299069067050790227	0.0003253438305998902	1
106302015102552780440	0.0003248351354643447	1
103185870819487425439	0.0003246634276958595	1
103378916909815209927	0.00032441067587021344	1
116002124399894341816	0.00032434839088314954	1
117837852833748735044	0.0003242534991498626	3
107629151324083337974	0.0003242230234574113	1
107403602702342125509	0.00032393207233948805	1
116395157933882773759	0.00032380909688799626	1
102977367737723939696	0.00032340086477882554	1
105897128095201539022	0.00032337817781303224	1
111221452655555194574	0.0003233233549270888	2
116601574636040796266	0.00032294155472478524	1
105215558081743373534	0.00032293695702845205	1
112531643419637105205	0.0003227882676498186	1
114993327346477823088	0.0003221293601190975	1
112007787442541769026	0.00032198559752730823	2
111872227454610057635	0.00032177861631446305	3
104560661985422965465	0.0003216691095937588	1
100232356803398062006	0.0003215282880496839	1
117225974591920797808	0.00032136094322906297	1
104170068592211388558	0.00032121487569227456	1
111592404293943072920	0.00032119602754889886	1
112770142454015377896	0.0003207984343496439	1
100536994357365794981	0.00032042075366630186	1
106050120470478874287	0.0003204113288558799	1
116583912742289922674	0.00032039304990118456	1
109601697177476920659	0.00032009017063523736	1
115049443166395132131	0.0003196768651854228	2
107982259028221552619	0.000319504851964917	1
101709418600792357628	0.0003194196354862615	1
106713331971497474443	0.0003192610609771083	1
107346432927268169859	0.0003191796855111221	2
115229978219970556904	0.0003190793483520363	1
109796736861657598650	0.00031891715135706707	2
113612996485664648369	0.0003188585566394264	1
109266235545746938935	0.00031874791689837177	1
114214725920754177299	0.00031872017822661845	1
101023776512660753777	0.00031843636942989635	1
112756365208572318325	0.00031836032214488624	1
107478042154956538631	0.00031787494620210885	1
104897874677397845918	0.00031746190895274234	1
113477263173666842886	0.0003171294540802543	1
109182098772480269321	0.0003170794861116669	1
105528442272691468186	0.0003170386733276761	1
106561588036064106205	0.00031683457607016596	1
102547866579368253132	0.00031678784240672246	1
107984753174704567090	0.0003167664721044549	1
111969564856274190714	0.0003166394887575953	1
117538652293656395994	0.0003163669150052212	1
103525926202360448187	0.0003162599906689342	1
114188216603728208646	0.00031625903042328834	1
111658733025907167352	0.0003162121318128667	1
117125451619389035762	0.00031586639390824065	1
118367654269012020954	0.00031574520464762554	1
110319824968704301060	0.00031510315231720606	2
108494543072985022907	0.0003146801478125843	1
108510261342123234892	0.00031426574376409853	1
103276466601625146310	0.0003142432870547682	1
110367850779921090576	0.0003141184072072389	1
114110682354036220476	0.0003139188566092617	2
100151206178980470956	0.0003134597023855191	1
113992435386443588079	0.00031345631786348135	1
118075896681547272580	0.00031317648441160075	1
113311736332375450968	0.0003128370806773595	1
117919852642990147224	0.0003127917664691337	1
118012094384911920317	0.00031278628392815124	1
104604982413051656036	0.00031270038436968973	1
110816132992861649933	0.00031249893066769485	1
117096240828838962978	0.0003124130104659498	1
112016758168531084450	0.0003122735150551665	1
106700825827431997607	0.00031217734852788924	1
115507658258745024139	0.0003119960919336225	2
116871216264349123945	0.0003117418457083231	1
113127984001130852454	0.0003116958473505726	1
107188644308200975786	0.00031151300265782033	1
104522995890838839665	0.0003112063211950999	1
115427174005651655317	0.0003111738364336583	1
101378754357079914665	0.00031110267866400786	1
104200585645880013739	0.00031096087765608354	1
116918580596891691114	0.00031091789285346	1
106938519841593324674	0.0003107113610120871	1
107184509883652269613	0.00031059566637143887	1
101733566879407210511	0.00031013899377940193	1
106255037188115607904	0.00031004268502538403	1
108077530448434441501	0.0003099942508593979	1
109640485316880454144	0.0003098373516534412	1
103959243158931939660	0.0003091703566059639	1
105710309787324452079	0.0003089907620377055	1
101260642389146169174	0.000308873755234198	1
112392691104944143764	0.00030883695374785857	1
112076499418231280459	0.00030871552083848843	1
108226855236374517862	0.00030852410770547785	1
112896939617504834367	0.0003084632878359228	1
104591215278145338745	0.0003083197388503773	1
103890729645166628689	0.0003082710045464646	1
102471679529933157374	0.000308080622033989	1
116062485724966472763	0.00030789137392188545	1
107863237205220284140	0.0003078256252942096	1
103247328936612563023	0.00030711756685055253	1
102915510208046284721	0.00030708208536394494	1
116956891296469126109	0.00030703147702825656	1
101619855931915996416	0.00030685587846966694	1
107330528562005281406	0.00030638999593309414	1
107841479239608385080	0.00030630323062923783	1
103287250917855913198	0.0003062944221444735	1
103549547505039791586	0.0003059615553713143	1
116248544606811591422	0.00030594581136505133	1
105642695144101051932	0.00030589733216769067	1
114878143550325918239	0.00030579691097780664	1
103601748254050166252	0.0003053426971136254	1
109487198890018213042	0.0003050490159647179	2
105939148031523355640	0.0003048708055474641	1
112042761169587640425	0.00030483544574201485	1
111275188987745688026	0.0003047317606353833	1
104903624377148575182	0.0003046196577003438	2
107332622748446972466	0.0003044420141370827	1
100143588497058177943	0.00030438057043984866	1
101255695129410567771	0.00030436212296007677	1
117929151921447138991	0.00030434330346820586	2
105700902918997529183	0.0003041530514846992	1
104430033205234599166	0.00030413421457847365	1
109721367307563395695	0.00030357945134234544	1
109465116306057898589	0.00030347111501937785	1
112547381334151121538	0.000303455234202052	2
118357857877008485081	0.00030325313094189434	1
103591981774863558651	0.00030314152836371524	1
113557760548500186260	0.0003029484531770755	1
108102837284519006198	0.00030281297761989266	2
104428652661915452732	0.0003026261509004974	2
106522327209647995664	0.0003020430188728369	1
111827733252107257638	0.00030170979027661096	1
111108999698447192886	0.00030167326020612804	2
105740143846893263204	0.00030158873208765356	1
116548808341889329106	0.0003014040541641515	1
115112757880029561199	0.00030137343426489094	2
109468054380890853863	0.0003010593828252621	1
113736605298367671925	0.00030091018159997333	1
118375897080598240868	0.00030085438334760353	1
104799755657866187134	0.0003008182903287748	1
112761916985893714230	0.0003007003706918444	3
114069665283616820306	0.0003003214582933382	1
103043630316201926210	0.000300128192264607	1
117524586515460188796	0.0003001223032913	1
116606826091575313585	0.00029973110785152244	2
105634135002898488726	0.00029941650145476134	1
109782589378169226299	0.00029938206450869824	1
117938149133155089567	0.00029928491712216156	2
117473635424198878572	0.00029926192849514773	1
117579745953513363795	0.0002986917702295779	1
111427269484642699888	0.00029858812639156775	1
113746091734601414332	0.00029853258324776005	1
101653113390846615049	0.00029847890318920845	1
118328157485985205436	0.0002982336390963438	1
117033421772248657862	0.00029820110680474593	1
113092195609448236716	0.0002979904646262798	1
108936524202159781686	0.00029743282523525056	1
106600597250549324874	0.0002971286784957289	1
109452069106231674514	0.0002968694062504714	1
105817630423151737931	0.00029673291443221345	2
113177119816478703680	0.00029618887836685084	1
111641605025422174530	0.0002961161435640618	1
114503056351831275618	0.0002960469786647008	1
102618973624412901405	0.000295495677689976	1
110906874090916136949	0.000295411065179704	1
115512736218498769502	0.00029534915367971325	1
108198048893947379069	0.00029516150504462494	1
109884143567635693288	0.00029515072223844976	1
105385121146604084854	0.00029503380596274565	1
104708586006197525495	0.0002944820523465721	2
103486488315839819112	0.000294294056518694	1
115748662504454470929	0.0002941105721722975	1
110644389153330097501	0.00029375071246163066	1
113586474616634226716	0.00029374142100154345	1
104742147381442837715	0.0002936977852837303	1
104337250309547718994	0.0002936481306599599	1
116984612302308681106	0.0002934311892114142	1
110454253627715621789	0.0002927364342602133	1
115938648914268804586	0.0002925015531232153	1
106873156009998180082	0.0002923213679384594	1
105572044955808336986	0.0002922051632667031	1
109122539496160679247	0.0002918843274156798	2
107825733880733908135	0.00029186574173791695	1
116176702325482795792	0.0002918348403208123	1
105886153588145880378	0.0002916150067509793	1
101309028361444868427	0.0002914192865795896	1
111582178452856649868	0.00029135211398912845	1
114121633039282259855	0.0002911236375939232	1
109711695279713073079	0.0002908953602793213	1
109853413230810653167	0.0002908947932214124	1
117193081810922236287	0.0002908524608837735	1
103177921147788753669	0.00029077607327214136	1
117385907764522660686	0.0002906371781208592	1
110692522921580153907	0.00029056393183046547	1
106203154156684846171	0.00029010997557811806	2
113507349977322462846	0.00028984653380221723	1
111119649076851223451	0.00028980482179475134	2
105600462390292326549	0.00028937285611044873	1
110563882959074723053	0.0002893593284794878	1
115985024772035832313	0.00028906819948572565	1
110128833268969444715	0.00028895297946800435	1
100893378920029863538	0.0002888568593320753	1
103264790291097439760	0.00028882927920021004	1
110230281306766498092	0.0002887876386178269	2
107206538097288220274	0.0002884326546094157	1
102912445915497885191	0.0002878838559864094	1
107064926525994902498	0.00028772902342826765	2
105875605383997682417	0.0002876388013843942	1
101831707056077886770	0.0002874835867898042	1
106966983060078133832	0.0002873297623828472	2
118112472205861065835	0.00028704078406505514	1
113506058863412001691	0.00028695959919444324	1
116971131390916329551	0.00028686138291140296	1
114772137807483901777	0.00028677086346006885	1
108227766059398780608	0.0002867608618172623	2
110881591275408754384	0.00028665415903688355	1
110725325618301496140	0.00028656334359650356	1
108825529487671543177	0.000286511680556964	2
112759789454677493963	0.0002865052506993938	1
100041278096196429823	0.0002864385631674191	1
110021329682578184313	0.0002862981873393499	1
115913129409035093824	0.00028620163967845325	1
100997794204907913973	0.0002860962316555464	1
103244539980846881500	0.0002860650303698574	1
103030912384390279216	0.00028603561373144996	1
116312267920172123344	0.00028566769189534926	1
106714664476207329610	0.00028542098416245047	1
104131296406196169192	0.0002851508439714677	1
114564049699873622546	0.00028500785861848224	1
105259075884248421214	0.0002849355208898778	1
114954579537134392510	0.00028470227650695656	1
100024071984779702071	0.00028464461482947435	1
111130605506026189078	0.00028464015805202065	1
116950321759899642301	0.00028460594753613636	1
113046540892898756171	0.0002845751789510887	1
101154595213982535813	0.00028435628918038676	1
115930822761564967872	0.0002842796667196084	1
104576727759037345785	0.0002841870348273906	1
117486512937790430752	0.00028410812935776174	2
101029794840978105260	0.0002839864616644177	1
103739686836221835119	0.0002839221291975238	1
102902625410580020337	0.00028378289759281106	1
112916206003391859651	0.00028371397261923347	1
112541454675620557050	0.0002836921872895045	1
113714992061418066417	0.0002832493506573424	1
118359327676609567435	0.00028314667942070206	1
100686326493521453376	0.000282682571091569	2
112920047483379175483	0.0002825496710307701	1
110155811430661032289	0.00028234594904205044	1
109668771542620903560	0.00028208654469809275	1
104859038709074556242	0.00028196930532456725	1
105591857069751634858	0.00028158112362326726	1
104598010591740194105	0.00028156682948330216	1
105920986149243748722	0.00028153594124993863	1
111560641158373461327	0.00028144219970162597	2
109476454652491443123	0.0002811734432021839	1
113011343505957749444	0.00028080628382326614	1
114099927424673029833	0.00028067169049858195	1
106543260195129228161	0.00028049131347859454	1
110455526548551633166	0.0002804699613820571	1
111104447653019166512	0.0002802041497557367	1
110201827593678115885	0.0002801664544601067	1
111366398464449480086	0.00028007316895499435	1
113886305999177111894	0.0002800064977739354	1
100414399994342210467	0.0002797498386748021	1
114524188020005061463	0.00027970074200624857	1
104351195195734725074	0.0002794836154980439	1
104783416648096574686	0.0002793421334656502	1
105557455807840102230	0.0002792488262351006	2
103859663603917841705	0.00027911798526297527	2
102504593075332983213	0.00027905592630203763	1
106681243710619131520	0.00027887501800385995	1
106170917913933415474	0.0002787780611794953	2
112310894187091693005	0.00027851861896557325	1
103096391434062438097	0.00027851181453120215	2
104909359366367859849	0.0002784638196685255	1
116759124436723606036	0.000278418901461217	1
109396066969993811422	0.0002783249468403132	1
114102723250769775905	0.0002782834079406015	1
100522349585326972330	0.00027815038759606853	1
104368926854947907098	0.0002781292546108865	1
101483391674082689429	0.0002779099205961567	1
110836322558502335897	0.0002777989123387831	1
117540919630899921229	0.00027765284602743385	2
115365420032486409819	0.0002776471002833166	1
117089612144881217418	0.00027758824020569165	1
106722085589986143598	0.0002774473653921735	2
115342280352366557071	0.0002774393449638464	2
113031562405951710827	0.00027713285193858324	1
108775638496522247018	0.0002770789526939649	2
111583479146236771048	0.00027702419387276654	1
104686392643103451163	0.00027684054828490883	1
107885916566029816834	0.0002768102889982921	2
107673718483687634118	0.0002767445933120874	1
108656440360875003155	0.00027657966347383777	3
104845939201355187363	0.0002763878675277913	1
107966243161268207699	0.00027636559349817984	1
113175016632086265114	0.0002762761045326645	2
113120871704682540523	0.0002762411190948834	1
113700593793351472266	0.00027621190576802217	1
110688287696792691275	0.0002759731944230091	1
114788949243381319651	0.00027595606514637153	1
106665859595724143873	0.00027595606514637153	1
105991267344634685263	0.0002758685382890964	1
102661064435086792298	0.00027574256629142585	1
103895564298624407301	0.00027562466414639134	2
116662631621472692574	0.0002754614859353597	1
116245027334511879223	0.00027529226716151405	1
110791260170772171960	0.00027518669482558776	2
103899832003470061005	0.00027409069375437345	1
117849971682473704960	0.0002740806132435687	1
104892610309265301769	0.0002740430324080506	1
111063051777533410065	0.0002739111720037491	2
112561088898482625332	0.0002736017510217664	1
103566565105648833497	0.00027345241258609147	1
103434216481228816348	0.00027336989847240214	2
116172991099432347120	0.00027310242365494565	1
110170375726929373730	0.00027296110470143513	1
111940449910442664765	0.0002728257858815163	1
114952391973962435242	0.0002727656144073244	1
111702250467112743029	0.00027271552216993824	1
108071585757096529724	0.00027271293717234866	1
106181093290648820722	0.00027252015453896577	1
105451872353733732841	0.0002725083625525064	2
112648488333291330939	0.0002725059586002207	2
115828418621017628430	0.00027248439131888173	2
108703297958869540649	0.0002724140929282058	2
104373181539346226769	0.00027241311113400087	1
114665463364439889932	0.000272283837833773	1
103802223092703561248	0.00027209751831367394	2
114191107427675403281	0.00027205946872557984	1
102649900861077325147	0.0002720071932997149	1
111562267270318002730	0.000271936516866622	1
104800889030451539046	0.0002718124043522816	1
105391424373264658810	0.00027156232983814935	1
103592050042581381058	0.00027151309257374736	1
108000920822098986646	0.0002713681593225155	1
105412390488287120602	0.00027129518064585115	2
115461506006257787473	0.00027097660951426624	1
104432915378654308417	0.00027090980125247827	1
106519253237690493844	0.00027090136878021203	1
109063121480989219685	0.0002708727666699762	2
112846807246423960272	0.00027054739275778387	2
100397638055275726604	0.000270308138370087	2
100907311742748309103	0.00027021200854404804	1
117348934304698921284	0.00027006644978751665	1
103022473393823710391	0.0002699372628197117	1
117415867397311754010	0.0002699113723609476	1
112336814759731870222	0.0002697309263429057	2
108996544087015457511	0.00026960410586584143	1
116858411518207742762	0.00026932460911398504	1
111089898631428640442	0.0002692364846179211	1
107362240137286083651	0.0002691726213189047	1
108075311007257562123	0.00026887919842101624	1
109050642071124284524	0.00026886228881589766	1
113001073761536909453	0.0002686639909276342	3
101148842065688999126	0.0002685815971810331	1
118012205418719952423	0.00026858091019922787	1
104750506281702127581	0.00026822340235550525	1
117167807905512758321	0.0002680627441407071	1
117262454247433820498	0.0002678718785242764	1
111055414016650329707	0.0002676448404501019	2
111821778856297525402	0.0002674165646596488	1
100574779827000647658	0.0002674088234478291	1
108318798209553666693	0.0002673411305280156	2
103464890237476268801	0.000267008537283675	1
101856636514372019390	0.00026699346322981506	1
101584793125615146114	0.0002669491225410604	1
112158988113590372338	0.000266743594782599	2
109276673674317001622	0.000266741545457293	1
114339466963171018606	0.00026673141462050447	1
114717985894144923663	0.00026661481542247876	3
116845284714306820378	0.0002666115345045955	1
117994381802446140543	0.00026655533403579265	2
106301542716605390414	0.0002661073839562326	3
105183752598571690998	0.0002660424963070065	2
108378060444638319597	0.0002658675416833709	1
108587790745989591245	0.00026574753462772256	2
106417861423111072106	0.0002654645688640557	1
105379210704223074864	0.00026540575163158875	1
104887560331298294070	0.00026537575070237086	1
115100890277824311307	0.00026532361599901827	2
112981745349379640908	0.0002652015115041225	1
108269142873012461440	0.0002651595002906476	1
100751918073194861091	0.0002651498862239409	1
116537570030969543392	0.0002649796423154848	1
100022496429830572740	0.00026486886481884964	2
104243053732122719340	0.0002648445576543609	1
112922373559516660837	0.00026482411084409	1
100409692915143540078	0.0002647426956504897	1
114757150657869974672	0.000264668475173213	1
103257346890112560078	0.00026463602932058503	2
113930222818178989616	0.00026445717455137195	1
116438435746300356393	0.0002643024544778651	2
100289725759008758730	0.0002642709354882552	1
108027939143448489474	0.00026426717651090767	1
101357810824153139814	0.00026391864006248547	3
111315841718816076596	0.00026381302670750947	1
107546877391531381536	0.00026364737357093557	1
117762029163958807280	0.0002634607514660444	1
116595083963236962167	0.0002631133619577363	1
104934103307917494638	0.0002630270310527075	1
116518724508845550802	0.00026295238569033866	1
107035842711785444057	0.0002624558521359267	2
105335266115462753442	0.000262061946295098	1
101163700428761263424	0.0002620464862309556	2
112747363215033303905	0.00026172590827133025	1
107076910582545050622	0.00026161763681552226	2
114321957417486936190	0.00026151125550208105	1
117255559113742613530	0.0002613913806330199	1
102395545499022312322	0.0002613127558494107	1
110177631102716632262	0.00026129438875614644	1
115804425383093891089	0.00026125223088105056	1
110187337915848769989	0.000261185968180564	1
110647107907810818894	0.0002611707061808377	1
109266048854869007499	0.0002611615149759226	2
116488528206508636465	0.00026106816980880714	1
114303077675805674937	0.0002610571433637721	1
110872680209848450651	0.0002608749110123861	1
107587687879128613513	0.00026077231344640684	2
113524006305955693603	0.000260716809583393	2
116618904032707085266	0.0002607022617253434	1
110780321199044076338	0.00026062092762218255	1
113471368164747388182	0.0002604481178911329	2
110525905610719983409	0.00026019080067448503	1
108480534955052545969	0.0002601560395907186	2
109874928161637579634	0.0002600760974607869	1
100510978526659797255	0.000259881512457922	1
117112930930939317203	0.0002595667532913864	3
113331177868850488645	0.00025945660159035216	1
103773274281249144133	0.00025943373484764074	1
112745267972797458021	0.0002594157218647476	2
100382502425185475382	0.0002593024236272212	2
101516200312307914766	0.0002589560471693028	1
112038058725015501748	0.0002588666260223052	1
111782011038190611298	0.00025878679579273217	1
106759022074490576685	0.00025873423921817033	1
106470557610226259559	0.0002586198126389051	1
100397472411911210878	0.0002585043474634958	1
101399160703802149352	0.0002584683131289534	1
113798591070108205763	0.0002583617105666863	1
104223609134701300452	0.0002582509161390593	2
112501713417252183224	0.00025821729803327106	1
100765827185632795164	0.0002581501319870792	1
106583256609857728668	0.00025812924363720726	1
100396012919342800493	0.00025797309155522796	1
113778070398481237086	0.00025770833292016983	1
114246054906557387333	0.00025767098856700304	1
116729597920353084053	0.00025758049202230683	2
100582158600886787192	0.00025728329244267654	1
111839534322118676415	0.00025725977284584616	1
111518088807719120958	0.00025719765133030374	1
113041914329087516241	0.00025718299562299866	1
107617570502604258682	0.0002571390960332894	1
115111597123110946354	0.0002571390960332894	2
112120028813421009852	0.0002571390960332894	3
115357690939023547325	0.0002570912358014185	1
113729277367184919773	0.00025705208231297503	1
110490228668720918395	0.0002569376371463127	1
110050633890839899275	0.0002567155567755961	1
107440067466755078914	0.00025666537563290813	1
111721047385480073152	0.00025663909822696136	1
106213422691071684980	0.0002566234602294504	1
108412267385296997400	0.00025661818601482937	2
102679649441534734976	0.00025644776127505426	2
105491549490241735217	0.00025634956126286616	1
111295730254030482311	0.0002562875380095851	1
114369322794890444886	0.0002562796748910865	1
104632991391155179419	0.0002560941768884989	1
108423078998856224523	0.0002560175107574732	1
109832314203034108326	0.0002560052899368008	1
101727113256102232907	0.00025580509212606145	1
117668191249067865057	0.0002557400061173468	1
111080462245113801441	0.00025566257547615233	1
110950901747815231876	0.0002556182323925269	2
113930216320253087478	0.00025550786400252933	1
102895229212749862758	0.0002554599875458826	1
115390556051523508554	0.0002553752626944268	1
111060532138874852094	0.0002552521342855089	2
110115248216418540521	0.0002551677839047338	1
114016935534584412118	0.00025512481311095803	1
107942572879167568988	0.00025464641149703103	1
114406585566054388611	0.00025450055083479483	1
113130208273033156310	0.00025445676403937546	1
114813571187124139424	0.0002543973133805974	2
116711368794299710537	0.0002542719107049543	1
100263249117708870821	0.0002542458797414376	1
106123465281190845478	0.00025423714818521896	2
117000543327053459667	0.00025413927684565096	1
100117925970337251333	0.00025412501316937744	1
116012316986422879496	0.000254094044242015	1
106955175674471221909	0.0002540629245967045	1
104803646263072880370	0.00025402846817584846	2
106754193167349312886	0.0002536209896163983	1
112164804445635861289	0.0002536039892367536	1
112918350277739893583	0.0002535720358441101	1
109028297701503507744	0.0002534985854907525	1
116397559521404580243	0.0002531983110894664	1
101328867957977513469	0.0002530277215061199	1
103781749883449987842	0.0002529946328014883	1
111461492152667893217	0.00025296202338471714	1
107751017716073434549	0.00025296202338471714	1
103116333755483002015	0.00025296202338471714	2
110973922736258542499	0.00025296202338471714	1
118290423871199956103	0.00025296202338471714	1
114869199037076023233	0.00025296202338471714	1
111695952230040192278	0.0002528144946268901	2
103471112824130268800	0.0002526616640099373	2
108720686020895552265	0.00025255932463243033	1
103900617494331319205	0.0002525228948308105	1
113883274535945670622	0.000252503393683421	1
109100841129744305949	0.0002524206883440831	1
105519545381877232786	0.0002523478841234704	1
101409376975099055527	0.0002518262189720883	1
105228691287988806143	0.0002517370911886377	1
116581649053157769240	0.0002517038841582846	1
115277904128781908300	0.0002516740879677283	1
111986370590010079319	0.00025163644672090827	2
117989653555276812911	0.00025151327461924594	1
112819470720191826990	0.00025146563399108015	2
116407111455466646142	0.00025136420773378776	1
117115935351005194405	0.0002512456386037275	2
102983751580894649752	0.0002512140249818437	2
105150995667705679748	0.00025116782828348157	1
118107492974064108297	0.00025116090945935066	2
116179842297756983666	0.0002510094629208499	1
110061996072797565677	0.0002509662055117865	1
105028483738386491490	0.00025093374464998957	1
108725235658103649334	0.00025082063757122673	2
101919638487159632442	0.00025069647695849566	1
106490739758186177623	0.00025063571931399994	2
107511545720113612839	0.00025058229030199117	1
104642620571096733912	0.0002505253216102894	2
110680961252686716410	0.0002505148110484956	1
105766490958991162861	0.00025050042595013006	1
104029053652637906778	0.0002502860236573887	1
104064389968097984485	0.0002499594813398764	1
109594586014860541557	0.0002499394251167253	3
105126690575403472114	0.00024982276450089946	1
100494839232115012981	0.00024969901027008365	1
110881213311347164923	0.0002496674834139621	1
115107414759662037493	0.00024963127621913605	1
117824916313547528708	0.0002495667717206997	1
117203334509481251230	0.000249560741872562	2
103854490081825267384	0.00024935478947965935	2
113327707837097590099	0.00024908075238811285	1
103410677813898718894	0.00024902007737764246	1
107016751874193361644	0.00024899355583127844	1
101383517565936866531	0.00024899355583127844	1
110606137002478162371	0.00024899355583127844	1
100977384100529563421	0.00024887891181042785	3
104131350986046279036	0.00024882594093567886	1
102415926137839908104	0.0002487883261699451	1
104457934859971920358	0.00024841734958589936	2
113380613810269868292	0.0002483973243404923	1
113627120086507876211	0.00024837422720013066	2
104658400555923154675	0.00024825869201090665	2
111648583388207003732	0.0002482571830797486	1
103662030520292018202	0.0002481845145567651	1
114577218617216416440	0.00024817947633594845	1
105901970986902999210	0.0002481536695343502	2
110619834133040146628	0.00024813521699985436	2
112749941987844015331	0.0002481154369378339	1
105480295462837024301	0.00024787048759036866	1
112498931976929630657	0.00024780793400467304	2
104996227746622182034	0.0002477782026916224	1
110442965899214904021	0.0002476922500613095	1
105506322952347788406	0.0002476143383433457	1
113480999336649398057	0.0002474815627507512	2
113749697977142633220	0.0002474623318439483	3
101861825597520285824	0.00024743697125774434	1
107104993341632204554	0.0002473898615555945	1
109607116337729680794	0.00024738441091257373	1
110157060449702930815	0.00024737801450688623	2
100413741456893688094	0.0002473522154426889	2
110853929448710252245	0.0002470718410114179	1
115278671095497350713	0.00024691145101669664	1
108018894272664463408	0.00024689147348146904	2
115558165321588976909	0.00024684391643484935	3
117362914041581066171	0.00024674492923217224	2
102227063224562153954	0.0002467416723897825	2
101039678168810843102	0.0002464587537595935	1
117046588222662323028	0.0002462204730075972	2
106884513470570830191	0.00024593555000383005	1
102143342772805415582	0.0002458647263568852	1
102520561267052330216	0.00024580662871934644	1
110456721704016371653	0.0002457779244146592	1
114260004056741000645	0.0002457333356840403	1
102710020360655102699	0.0002456820386331923	1
117293832157522730191	0.00024559759752824315	1
116584878230352070218	0.00024558629129961735	1
117284347749726423159	0.0002455849339575626	1
105313263062981789216	0.00024548009782175326	1
116443122482141860202	0.00024523854300935775	1
106012481736638686979	0.0002452164198260597	2
118228478368068837595	0.0002451760712770768	1
110266262477486133686	0.00024499022094563326	1
103894688271340376274	0.0002449834582669964	1
106271598600483620041	0.0002449834582669964	1
114110998664713223029	0.00024490963970034654	1
105332545467741226979	0.00024462787998635936	2
108955778167456462946	0.00024459293737693293	1
106792955546456688007	0.0002445754605182546	1
102351123614000496408	0.00024450477526892413	2
104647458187830360418	0.00024430324101598193	2
111591915134185053959	0.00024411162361648086	1
112006251137405152297	0.0002439310074636205	2
110681302259079979753	0.00024392778918254417	1
106647282787474085070	0.00024392752623322774	2
106849336550957151393	0.00024372240722199176	1
116806539411753766892	0.0002436595274136946	1
104627979650337420455	0.00024352024567278417	1
109868891819964137909	0.0002432284811594472	2
104959239343823460659	0.00024308401560543875	1
102580844448507012861	0.00024290316520925498	2
115924787547381310437	0.00024288954903238839	1
107210609451102173564	0.00024283524747616012	2
106394731925161545873	0.0002427340756540879	1
107014770843906209594	0.00024263938174719926	1
107998453022501670362	0.0002424448856790523	2
103384633034941969396	0.0002420177695370546	1
106344592463334387069	0.0002419381244646971	1
109820303818844696821	0.0002419252980181134	1
106216690102197645116	0.0002419252980181134	1
107195259403080639253	0.00024181719985813391	2
114778355221904601456	0.00024169588094930422	1
112946287892836487129	0.00024154310395336693	1
116170170261536040341	0.00024154310395336693	1
100584191303422011199	0.00024134982660115907	1
115207639490096731393	0.00024123452278005918	1
107996829699391498824	0.00024118403376620581	1
114433945563396965066	0.00024106449395943608	1
100485256053436582144	0.0002409983030677851	1
110403674278682288627	0.00024087353694452997	1
108953118069869484329	0.00024083126056114243	1
103041331166780764913	0.0002406899269492966	1
110092884195358014184	0.00024059650899507313	1
109440398756159359729	0.00024041782281579113	2
117903390586928401280	0.00024027038678567253	1
112896730122430863462	0.00024019309374732862	2
117690818902014819497	0.00024015762893541702	2
104214062779909544558	0.00024002859603621207	1
113016580451983768493	0.0002399374027683256	2
109930569573091077995	0.0002398416804205694	1
115442891169854403975	0.00023958233232398117	1
115132410139382911324	0.00023954022365624758	1
101634251876008188387	0.00023913913365541684	1
105422042637737933416	0.00023904783539356058	1
116285399616522174092	0.0002389947529920615	1
117857559588487920833	0.00023889039091901166	1
115167717892747402092	0.00023880450842073836	1
105971322170143413622	0.00023848963952855087	1
108812541366209503568	0.00023848387359087385	1
115937165109116494319	0.0002384627186217198	1
100438852388634452785	0.00023840851906617002	1
116982130536300362102	0.000238120043486329	1
102780717617926152780	0.0002380607305006805	2
117942777162716030330	0.00023792798313664601	2
113139206672809795708	0.0002379123904928545	2
115136780330777327005	0.0002379123904928545	2
117292113852799002397	0.00023790725838580934	1
107831629904001987669	0.0002378605582608179	3
116329684630743164927	0.00023771756711836825	1
116544627668125966978	0.00023762848329720053	1
104158887768753799379	0.00023762848329720053	1
109734300504764287527	0.00023760165501096747	3
113186559892569810407	0.0002374779490856289	1
104207547971898425162	0.00023712927176900692	1
114308290265670479800	0.00023676875801815404	2
111993661472574004348	0.00023670909579564161	2
100327017863569781027	0.00023658231539629146	2
115572179929649580650	0.0002365006231136298	1
111652082861243442932	0.00023643810421917702	1
111446340173764116284	0.00023643810421917702	1
110577024089105340041	0.0002362392689789432	1
105895025426088170224	0.0002362392689789432	1
113516478452181687916	0.0002362392689789432	1
108617978682787798248	0.0002362392689789432	3
113659537153956127601	0.0002362392689789432	2
106457214323754144466	0.0002362392689789432	1
105390068635402583710	0.0002362392689789432	1
105994735550858019219	0.0002362392689789432	2
105040743005742824608	0.0002362392689789432	1
106746117602244585929	0.0002362392689789432	1
111157818759676159878	0.0002362392689789432	1
108529629000473215417	0.0002362392689789432	1
116730043489234951083	0.0002362392689789432	2
112410876802684834010	0.0002362392689789432	1
103826918549804081483	0.0002362392689789432	2
103006618161617951635	0.00023617071099672619	1
117565620511972295002	0.00023612233741548513	1
115363075807490261929	0.00023605814972649562	1
111609378898697201341	0.0002357620681153437	1
110174775648478840993	0.0002357544872403233	1
110523063757168736259	0.00023571789853343318	1
102383803793990213949	0.00023571752424554222	1
116765403754136483214	0.00023569604753062928	2
104203995359685000041	0.00023567030969337083	1
116763685285116131254	0.00023561630182128003	2
109230357474181396518	0.0002355889306817741	1
111093112802746433313	0.0002355889306817741	2
104580461948647222733	0.0002355889306817741	1
109738458400192558183	0.0002355615401248585	1
114722214456720786876	0.00023537811274759282	1
102682786084672155160	0.00023537811274759282	2
116255443880084369347	0.00023537811274759282	1
105494436244231709125	0.00023537811274759282	1
102197434845912489800	0.00023537811274759282	1
118318944461476383742	0.00023537811274759282	3
115745337686449637672	0.00023537811274759282	1
104546883014477733279	0.00023537811274759282	1
100795523049270560986	0.00023537811274759282	1
117651203344556480145	0.00023537811274759282	3
102332440192038977367	0.00023537811274759282	1
106505506432758920995	0.00023537811274759282	1
107837590503693990573	0.00023537811274759282	1
114497989972680268450	0.00023537811274759282	2
102111990160289496878	0.00023537811274759282	1
112809808611217600290	0.00023537811274759282	2
107762308692957408503	0.00023537811274759282	1
107797052956916249589	0.00023490681022192715	1
110222379614994450966	0.00023480267850090758	2
103805083614825291946	0.000234769164713919	1
117736945648283795362	0.00023470209253925438	1
115171134618975898277	0.00023452893921018991	3
108659510576313781073	0.00023452893921018991	3
112792744739578611794	0.00023452893921018991	1
114204632895051288704	0.00023452893921018991	1
118177655016710523547	0.00023452893921018991	1
114533259671898755830	0.00023452893921018991	1
110517377307375225782	0.00023452893921018991	2
105846065931319960217	0.00023452893921018991	1
117510197332472003131	0.00023452893921018991	2
114010921444850700390	0.00023452893921018991	1
112108565905735192005	0.00023452893921018991	2
105697956504245792230	0.00023452893921018991	1
108232665790039162055	0.00023452893921018991	1
104856926272732172825	0.00023452893921018991	1
115611966403292649399	0.00023452893921018991	1
102318990838953306456	0.00023443453292508728	1
111457683879683959155	0.0002342617640909158	1
109166300855170515952	0.00023418368924541717	1
115415241633901418932	0.0002340699401715536	1
113385341103270852141	0.00023333401844196014	1
104478246706905872064	0.0002331901251360305	1
106461514211730207895	0.00023316832714774446	2
103305568932355092910	0.00023313084560245423	1
106058214638215228278	0.00023295077301773646	1
114199934318774583406	0.00023292812975237576	1
105589337544765461860	0.00023289282287067612	1
113820639031683832816	0.00023284143791936284	1
117411185093660650787	0.00023284143791936284	2
111623257688043413549	0.0002326527347841482	1
105362043871525431039	0.00023238849362986136	1
102381706813799452738	0.00023236965741464576	1
115851102218853095812	0.00023212082555262398	2
118176131533693150854	0.0002321200214199967	1
108824466362843218489	0.00023209504577822868	2
113473968545851626374	0.00023173293263489968	1
109644261991739276777	0.00023170427497249175	1
106138330421524731003	0.00023170375703374812	1
117758966591901083067	0.00023162640742904227	1
104336243114474051430	0.00023162036716712752	2
110919815066897750742	0.0002315760231565152	2
110346815867583478125	0.00023150870317922086	2
108783036112841424643	0.0002313982442401745	1
117369904246431139467	0.00023138725120007897	1
109373564537244236287	0.0002312921159608612	2
116629106775211432376	0.0002312921159608612	1
102963958708716011044	0.0002312921159608612	1
107387174531519730360	0.0002312921159608612	1
110861216062760817937	0.0002312921159608612	1
107447846946110982615	0.00023115226918733368	1
114917394828846207159	0.00023106327104414746	1
106092331024344725045	0.00023086615855496368	1
101710708367010857932	0.000230812034935723	1
104687084595514519121	0.00023066782565231252	2
102068992772785531303	0.00023066782565231252	1
117144433715717656565	0.00023066782565231252	1
117006597120197469949	0.00023066782565231252	1
103729265970315886187	0.00023066782565231252	2
100494228799861930391	0.00023055931774179975	1
103082383054372887244	0.00023046112065073837	1
105758948654365186665	0.00023033944625644752	2
111988620570221943560	0.00023025049543799641	1
107344700285512901010	0.00023014143041507742	1
118389369190820774319	0.00023010205953055945	1
105345907646123437475	0.00023005053570325637	1
102452048635169077016	0.00023004002478659982	2
111978051551152108603	0.00023004002478659982	3
117945498230545627667	0.00022976142982894605	2
113544890215202498426	0.0002296298542709969	1
114395202305158212266	0.00022953645274441124	1
110697619558403684583	0.00022926486530607383	1
110489185253485056695	0.0002290417454112535	1
107305749784205200064	0.0002290417454112535	1
113474525051992654838	0.0002290417454112535	1
103812836360895728353	0.0002290417454112535	3
107135199318344670969	0.0002290417454112535	1
111282361282760349415	0.0002290417454112535	1
107617782626350428005	0.0002290417454112535	1
107035559756310951021	0.0002290417454112535	2
112354949145776721031	0.0002290417454112535	3
113737278794853814109	0.0002290417454112535	1
110686567797701029137	0.0002290417454112535	1
103184914882876860204	0.0002290417454112535	3
101501983016067636042	0.0002290417454112535	1
107319684441822295139	0.0002290417454112535	1
113071591042619237240	0.0002290417454112535	1
117251343225835972202	0.0002290417454112535	1
109956735521524462636	0.0002290417454112535	1
103532892835350039949	0.0002290417454112535	1
110869578714145824258	0.0002290417454112535	1
113225093589546526637	0.0002290417454112535	1
111650922088333033122	0.0002290417454112535	1
110067037191553927767	0.0002290417454112535	2
108317743302487893962	0.0002290417454112535	1
100619867474026133356	0.0002290417454112535	1
116100663343328077823	0.0002290417454112535	1
118446297469672800605	0.0002290417454112535	1
106457200213923630241	0.0002290417454112535	1
100653599710962473421	0.0002290417454112535	1
114694741125471169064	0.0002290417454112535	1
104233048528403545537	0.0002290417454112535	3
114067502287374402241	0.0002290417454112535	1
101657511878844253751	0.0002290417454112535	2
115150531511174462474	0.000228991120250408	2
111051285432886962560	0.00022895333380239556	1
117222089921394830854	0.00022893063371520896	2
113706173909954946407	0.00022891225629154314	2
104860028119852498595	0.00022835257572874677	2
113819487356313416378	0.00022819257187385057	1
109534999868094473684	0.00022819257187385057	1
112049386783037912352	0.00022819257187385057	2
114482025871999897232	0.00022819257187385057	1
107937021481022242042	0.00022819257187385057	1
117835331364399552601	0.00022819257187385057	1
108309902179826672970	0.00022819257187385057	2
103926164818560857345	0.00022819257187385057	2
110351847297139347072	0.00022819257187385057	1
115440195799433037128	0.00022819257187385057	2
105955762989212985662	0.00022819257187385057	1
108405871748353755467	0.00022819257187385057	1
114736164199091368307	0.00022819257187385057	1
116617079638737854960	0.00022819257187385057	2
111789022991079190685	0.00022819257187385057	1
104554651079820818356	0.00022819257187385057	2
105598906288969994737	0.00022819257187385057	1
111902904759691131054	0.00022819257187385057	1
104274435572172788174	0.00022819023559156	1
102107115405528832585	0.00022778218015329516	2
108235418230263523321	0.00022746603494036175	1
110137875491017271312	0.00022742914540228501	1
100230371328294653162	0.00022734928259399633	2
107379521165668126253	0.00022714964631467198	1
100099882805448775215	0.00022658217515673888	2
102196728266324887471	0.0002265398993248386	2
103483475918178332904	0.00022481313240961005	1
111961361846902179313	0.0002247406733197291	1
115695973144700222402	0.00022468845218575275	1
113237843446869063964	0.00022456602151829037	1
112796322683917840744	0.0002242766181929805	1
107943540329676173595	0.00022390787740247427	1
114440260197720874095	0.00022390787740247427	2
102060166181237682046	0.00022390304707731556	1
111056430671032790703	0.00022385201096714865	1
106766916598618940398	0.00022371204984676047	3
113654380873229439385	0.0002230651954423543	1
112528921891703025888	0.00022252087335764963	1
103666208338772642159	0.00022222390652152697	1
100559656799401441092	0.000222217422531209	1
115163754149359881153	0.00022204401926034223	1
104581511140480335498	0.0002218475928223564	2
105642645167793475150	0.00022171040863375998	1
101932246564846782978	0.0002214189196835954	1
100293229009773936483	0.00022095558433147663	1
103328045442414166808	0.00022027165391786668	2
106530709998350468236	0.00021935194343029822	1
112149679630631773151	0.00021928855096235383	1
112763025437859997472	0.00021928583084550137	1
105100524050340016758	0.00021833605812259633	2
115898112539447951520	0.00021759626173358987	1
110563387474470220375	0.00021749285280548225	2
111055034201794656588	0.00021749285280548225	2
116865652664831633496	0.00021749285280548225	3
107980147717266919671	0.00021749285280548225	3
116141705588060653835	0.00021749285280548225	1
106407698376539569621	0.00021731198415825246	1
114438953892879387897	0.00021731198415825246	1
118413369000600998624	0.00021731198415825246	2
109284111158053955867	0.00021718093286317874	1
103288470002864439503	0.00021697709207688613	1
107395598032232676073	0.0002167216344122127	1
101143582099184223512	0.00021664700502797298	1
117389046950761847961	0.00021596417110720633	1
118187606607436751930	0.00021596417110720633	1
101300749236832117656	0.00021596417110720633	1
118373663328244187498	0.00021596417110720633	1
100143775917524528622	0.00021596417110720633	2
107398411316555631613	0.00021596417110720633	1
103196834659056772828	0.00021596417110720633	1
107276077365659193122	0.00021529816847873048	1
111147236463044717333	0.00021529816847873048	1
108162914987792922648	0.00021529816847873048	1
108730834470702246150	0.00021529816847873048	1
100075742698486748171	0.00021529816847873048	3
