#node_label	#score	#gender
101261243957067319422	0.008676093957876756	1
104395263779720338337	0.008189973582421147	2
108373054660269328912	0.00783654245333596	1
103095786308890475164	0.006544291833962959	2
112374836634096795698	0.005010247365808974	1
112979229516698605764	0.004857067555708255	2
102638191745753164056	0.004317199806396586	1
105635709785391893235	0.004268064558990308	1
118207880179234484610	0.004200093286746294	2
118359838579503474764	0.003764687884355563	1
112726038360301567381	0.003717466853342444	1
108957646640477997941	0.003545377117065452	1
115653121116602050309	0.003511849711279111	1
102984013582361935601	0.0033987255342293665	1
117593496713159306158	0.0033092113395742306	2
108865224681518296173	0.003304912480329924	1
103233967921245494760	0.0032931333909789052	2
105647938462595724675	0.003291667340158797	1
115521219455065170976	0.0031893677674385943	1
100972223169596251960	0.003155039198262374	1
114734900017015749971	0.0030364146345129013	1
109431899716413562505	0.0030290492477007087	1
115360979797396777969	0.0027244104769427895	1
102615863344410467759	0.0027219605756893207	2
108158525345779642667	0.0026412985478731915	1
110680974360459216386	0.0026263962568629597	1
101550491289025468863	0.0026070699979190387	2
101157648098648077717	0.002584849255209773	1
101269808957464880142	0.00257758458205788	2
100521671383026672718	0.0025591213046689512	2
100030244387961821189	0.002535897487225345	1
116127033078839124702	0.0025280965544243086	2
115809450777334990850	0.0025069735798861964	1
109304401906824165408	0.00248958693812511	1
116392658123441019666	0.0024370635889172086	1
113247423264358423892	0.002432554790663681	1
100082374427895816429	0.002418582506521837	2
115097859400552969730	0.002334107977532234	1
115793765515193253189	0.002306482764297555	2
105353644409523560325	0.002296155424755932	1
105905610735953945567	0.002252569182973543	1
112349912245938616897	0.002243448992944273	1
112594738011040327252	0.00221823886176283	1
107169881344097643176	0.002194996750434001	1
105279232337138340177	0.0021258366813774006	2
105663984114368616937	0.002117909051638938	1
115758577165431936256	0.0020909163606744395	1
112992562919398219655	0.002054859048068128	2
107076728587306808424	0.0020112468303891524	2
102600774742322762226	0.0019836833465916455	2
102631351958472018979	0.001977476860654533	1
104038129219628500991	0.00196789410284412	1
108505256650372818129	0.001925484289803882	1
101537012829616846539	0.0018949601197429506	1
100261968802862189375	0.0018915600279924415	1
113006302871297182193	0.0018856389802721682	1
113382351368267021728	0.0018829567305268108	1
105511352097370358669	0.0018819134800904691	3
102724600921308026319	0.0018611271633915307	1
108029020520457360644	0.0018523001659560075	1
113723231168483490719	0.0018471946573952334	1
117168930985380139054	0.001845790331795843	2
114449174039150040467	0.0018400749320413093	1
113291236578795391211	0.0018068009779450113	2
106170917913933415474	0.0017898365582250956	2
106024733427750775796	0.0017734164550739502	2
103765013042311928518	0.0017683656578206658	2
108785317900168914990	0.001765161863396901	1
113952714420625262282	0.001758121916174737	2
106073502505833617615	0.0017201258564672698	2
104445338912692753158	0.0017189780693679594	2
105241256005026558584	0.001702939912494526	2
118397475693041190698	0.0016969528731323657	1
114242141866167928555	0.001672961290404703	1
105754175510540089569	0.0016462518899399996	2
105473557341367536643	0.0016457292304910157	1
107490319728529144128	0.0016409651730317303	2
105822688186016123722	0.0016317881657365643	2
115513641410528683843	0.0016285996830718622	1
107565878502861823474	0.0016226438345496453	1
102307008290001893965	0.0016187315021983773	1
115971244277534558765	0.001606209292958017	1
110710869712203735043	0.0016024163574835857	1
111086761119483208483	0.0015996894395300205	2
115288001414266277268	0.001599025935076634	1
102058069729275994538	0.001597127984414995	2
111366164936189851916	0.001584633467454627	1
113524432653122674734	0.0015835848819981124	1
105456078303079667131	0.001580258273944441	1
108893052743238235905	0.0015537381459434308	1
113138393926997510366	0.0015537212035998062	2
100119756378210955529	0.0015469717981136276	2
114549564725160709822	0.0015280389874766907	1
112228182645210947167	0.0014873829995296617	1
103255130479497734964	0.0014853080585082057	1
106741247342869779476	0.0014754025508879548	1
116554908230570479506	0.0014704171371662772	1
105638923496773907911	0.0014699118712891237	1
107169475135045361140	0.0014690645638465612	1
110443435867594750903	0.001458730310356943	2
108730413722442439004	0.0014522963416915063	1
102170039724817289449	0.001450492953624914	1
112983686371879888117	0.0014478145821461366	1
116465790167779270661	0.0014465962566626552	1
110581693083408452344	0.0014451133666480266	1
114248789033154861895	0.0014443196477142743	1
108208027022579038018	0.0014361267972127331	1
111960323521501450849	0.0014331971731432614	1
117051254585402954608	0.0014315862176114257	1
103127400745405360011	0.0014282409745605522	1
115480964182902200631	0.0014242097791079518	1
107044084667875956662	0.0014186485302575124	1
113006634026499158089	0.0014000621763113512	1
116931379084245069738	0.001399464594497693	1
117877432795779055982	0.0013927400208019025	1
117858257055704643414	0.0013926019548066858	3
107203766038487332335	0.0013848227478155273	1
100101688249759157427	0.0013812504677991218	1
100216074673268203873	0.0013787414902532076	1
106618053438895034003	0.0013781378526943455	1
103896387286578142012	0.0013721360431566726	1
106870225180972180782	0.0013677920010213556	1
102645204215549659944	0.0013603156026998967	3
111176997207431453982	0.0013600483427123286	1
114277969350093355698	0.0013581506369463893	1
102156894775569070292	0.0013562617378440158	2
101436891397239170861	0.0013469284207765257	1
104912958756793332975	0.00134622570364234	1
100202616315945105308	0.0013435655577200387	1
115325472596651943898	0.001333791398224409	1
108706411371791044300	0.001333268191147138	2
107007282928055866129	0.0013315989147486495	1
112074669709469871265	0.001322970998702489	1
102100984959054362572	0.0013215225975051516	2
109715081838831339227	0.0013203040322636353	2
115604024868856352066	0.001311384079813254	1
112869479507442917867	0.001301711776865356	1
102384669117825357195	0.001295267961609176	2
105416475244874554281	0.0012903044100479497	1
106325913218757169450	0.0012822844196743067	1
103396020916288393627	0.0012548975726034371	1
117354361321691191569	0.0012521210069938863	1
118007811514603738447	0.0012475756651937648	1
110379051353280423904	0.0012385475567226664	1
103612871313139094390	0.0012355564782217912	3
105531572091125534170	0.0012277816962844267	1
102042250677900218995	0.0012209954894085765	1
110899709105002539146	0.001220216573233539	1
113173837530644159119	0.001217059488003099	2
108803110695357870995	0.0012154636944210079	1
103260215602123337090	0.0012064792370326705	2
114059002688251216822	0.0011961787875394232	1
113054216655050280720	0.0011952584399957153	1
107228376283414194769	0.0011931533180708257	1
105166048882390456820	0.0011919697000224586	1
100764824560724823246	0.0011884264147786626	2
103448127702242300560	0.001186334624306079	2
107472563095987935504	0.0011849078402556932	1
107924824205149859178	0.001180523862499371	1
107851787358656744940	0.0011766575502784743	1
109713958210732913772	0.001173524470645359	1
110385681616478345956	0.0011727427419621391	1
105524480702453385485	0.0011694986093641218	1
107860447249063735669	0.0011638339144757332	2
109894611103991069867	0.0011399820869372429	1
114384746181150854765	0.00113751254745682	1
100295144614673481212	0.0011316700608707659	2
114699336529956127102	0.0011196501965341265	1
111802118519275235212	0.0011186165773038408	2
103097058838721284034	0.0011184632570759752	1
100560478564575980731	0.0011151612182893219	1
113032618190678935125	0.001113539191190831	1
101885213279476407816	0.0011122623031454492	2
110731398130824621953	0.0011010869938800844	1
100130587427333595998	0.0010995255908875597	1
104241755188717131514	0.0010989333248414266	2
116770057503140560464	0.001096663436286108	1
113784794678678764103	0.0010833095335307042	1
117826816869587194439	0.001081591075286471	1
103264790291097439760	0.0010783763361371275	1
109060858971449443782	0.0010736407252806323	2
116307641040925480849	0.0010710642926636455	1
112208683002404627673	0.0010676021106862791	1
106969322602039410544	0.0010579231881170294	1
104981141575060863747	0.0010569109102600406	1
112920336061812108089	0.0010566442231958514	1
110886027936863089022	0.0010550924427315336	2
118062891113059609215	0.0010418291195599659	1
109801238119779778908	0.0010399246555323823	1
108078963699970775853	0.0010384256866727863	1
112708386516513603489	0.001035809151527656	1
109094423379586375789	0.0010264140091232668	1
101248054507015265353	0.0010251359063750607	1
111276858026721994724	0.0010225717738822542	2
102502252352056602834	0.0010181690282353	1
104555760001986931006	0.0010144929927699124	1
111502926379826769862	0.001010663787967651	1
106891391576982745927	0.0010044264182835429	1
109581138805657637516	0.000994050366840315	2
103804322151293458635	0.0009901796554473046	1
102170431816592344972	0.0009899396037930197	1
100938534254192419700	0.0009882801652301141	1
117431093988193905349	0.0009842521766599826	1
112191928635560678877	0.0009824609078368063	2
111972311379491101006	0.000982164909136973	1
103356326788753174263	0.0009808825830087762	2
116941330319027747519	0.0009767863106341602	2
109656930522654681284	0.0009744403882639548	2
113956034040441194202	0.0009729995109091269	2
109201681846030076792	0.0009705301702977089	1
114608429907324794845	0.0009698361510614967	1
107297746369427122266	0.0009686852296573407	2
103899832003470061005	0.0009668637039603089	1
112961177529030931492	0.0009636965385357382	2
116143340835822342380	0.0009610194943458629	1
112966859754681018966	0.000957946290668902	1
100852102105866331008	0.0009560371335819924	1
109738467394648167170	0.0009552631571890473	2
103150632928084465744	0.0009536255116738569	1
116770674731626730293	0.0009527520080463409	1
111051039748078110427	0.0009517114832021028	1
115957092291818573863	0.0009511567357662898	1
101683110797134764736	0.0009499171537988144	1
105968840682279030907	0.0009440955310314684	1
103636214904400746295	0.0009433110903415095	2
111020784877460293066	0.0009304200001171474	1
112883715571088994935	0.0009286602391584761	1
117888233045202400410	0.0009270710364650426	1
107737773691786329649	0.0009242611107230731	1
101480329036738484725	0.0009197918841301914	1
101717328146671860915	0.0009197838740415265	2
100196792030348111693	0.0009184262470705005	2
113572186096020956020	0.0009183951470688225	1
110404902994335579225	0.0009160669838643586	1
112784192937194314054	0.0009158176453628021	1
117308932877883395883	0.0009152837340822737	1
103070524439095141575	0.0009146665310931657	1
107668040279279387647	0.0009090672573057473	1
108707792928475298183	0.0009045690318708218	2
102124054450151160717	0.0009037073692092466	2
110809308822849680310	0.0009011393876318016	2
114583862192593121266	0.0009007840127880803	1
109775948351779490110	0.000900620260041573	2
108910723290093472552	0.0008943364743460451	1
100060924616628474778	0.000894295396439627	1
114923640791432698977	0.0008939583519597818	1
105202289844234792385	0.0008928050888047431	1
104176620815979767126	0.0008900721250325992	1
102427896616425201536	0.0008880992882098406	1
108601020727554262784	0.0008846494325023175	1
116844137283540312366	0.0008829950341827511	1
101877975660448088700	0.0008826362929129408	2
116577729033623873676	0.000880854431237797	1
114146527067948822445	0.000880526556896415	2
102947772913256574008	0.0008804227719264683	2
108996544087015457511	0.0008782187653360869	1
108776511633981766550	0.0008742073719223171	1
115420798989570319895	0.0008719076313701881	1
116130359738693921861	0.0008686022453293182	1
109320735866870108226	0.0008675425036166227	1
112926758187672532875	0.0008674950618263535	1
108065304398648112883	0.0008649320684630648	1
118012722126814621455	0.0008635443453086458	1
100555983771623235933	0.0008591323203782025	1
106743414746841816766	0.0008591240487633842	1
117852063934986357950	0.0008549805355289889	1
110267263426056281999	0.0008523551856094772	1
108586831907218924791	0.0008512529449176388	2
106728288712777899597	0.000848453480009189	2
111999035461015326746	0.0008457459183517875	1
108979817433787472313	0.0008451566378946221	1
117650492095465551561	0.0008397536606450991	2
114368689264732394875	0.0008383592857232443	1
116659496049951190805	0.0008371166180742043	1
109279527145144737138	0.0008343645246263595	1
107304821649584067205	0.0008323059940485267	1
114978357817394694284	0.0008308978843516811	1
105528442272691468186	0.0008303783757291521	1
101749736160313302920	0.0008302861981442645	2
104056923463426771975	0.0008301106630641158	2
103850759574847404595	0.0008274730767640323	1
117054813244844825019	0.0008268242056706078	2
114241769137567604794	0.0008250689175517004	1
107981077806259133968	0.0008225312609242793	1
102324648792053640944	0.0008199483363166837	1
116193523946718816007	0.0008142629589121505	1
105215558081743373534	0.0008136113687010044	1
107638157359386794717	0.0008123677509766229	1
116389048565881346695	0.0008113817587195182	1
104602860284118862026	0.0008101360980081913	1
114181604220776924576	0.0008081478054674561	2
111457326557904082306	0.0008077043086322215	2
110437678302888216219	0.0008034127761836859	1
103047693135485372448	0.0008015754257420848	1
118114557675104381720	0.0007943801622790144	2
103388478405363808759	0.0007936452246520069	1
107747666102379771298	0.0007934810868426087	1
115068423402553087051	0.0007931261717072987	2
110219327643577705724	0.0007929051134427499	2
115566532070251709817	0.0007915643954120959	1
103550598777429990102	0.0007902361466547486	2
105567143166609923505	0.0007899221269247018	2
115183209875959276137	0.0007884243277561376	1
102138218918118694405	0.0007882195187049857	1
113913058031605295149	0.0007875677366193261	1
118406947175698431098	0.0007871133121946229	1
115585398292418640701	0.0007863947156838152	1
118143158563837017701	0.0007863663863030278	3
113791881829049374305	0.0007862947339239581	1
112889052955748982046	0.0007859051579889984	2
110229483536215858312	0.0007854325577071637	1
103006588929636202954	0.0007848446199191809	1
110203982390962976564	0.0007837170351354429	1
106243041771592125806	0.0007803491798656266	1
107829879943483235852	0.000777816007100773	1
102953679072375185491	0.0007774994866644148	1
100668989009254813743	0.0007768826494379638	1
112114099144701982255	0.0007749618973678716	1
112160445531840761138	0.0007741062800322723	1
118120364585932387777	0.0007724070534023399	1
100679131071077043250	0.0007715316495851651	1
105383828013335595062	0.0007672699545137929	2
116480716176845107684	0.000766516090044087	2
106109953731611718484	0.0007661257737268471	1
109682307937636380797	0.0007655332163047417	1
101765652420986299823	0.0007644285017592697	2
102916991939608827054	0.0007625192080038899	1
102965726181267139758	0.000761735537463798	2
111414142134975322265	0.0007613830536604193	1
107970620321309314713	0.0007610084789486787	1
100930067017032205787	0.0007609951461622896	2
102604209789264047420	0.000759400209523761	1
117211427485921083694	0.0007582389218188096	1
108544008482166257714	0.0007564214926415701	2
111811119276835741840	0.0007556602809450494	3
102527146319484151568	0.0007544519719251245	2
110434350882084176720	0.0007527823875601645	2
115640615149344329531	0.0007523254518257698	1
105314086101101812587	0.0007516646879094497	1
103810111383508082062	0.0007516501556826562	1
117149101099765677901	0.000751457616014267	1
114903253449886678818	0.0007463688776813126	1
107902413199140775867	0.0007462984924584584	1
112784679935893099965	0.0007460571608972073	1
113142999685345030529	0.0007458834737561857	1
114149570185170028768	0.0007447356195060027	1
101372943523258168920	0.0007438198260403664	1
100585339073841697685	0.0007436482273553577	1
106767914324614692232	0.0007434972830075404	2
105243317854025072176	0.0007409167594594673	2
102819045667439514752	0.0007407843820227169	1
106350458028824225982	0.0007406295266105617	1
104437588860502489763	0.0007403999105051157	1
114316108794739153147	0.0007402045527333186	1
104319242814806857003	0.0007397545956715378	2
106452827609451720482	0.0007345005256694737	1
110140209285821921335	0.0007335965287073506	1
112806143395803786758	0.0007334715208130524	1
106825835416666924496	0.0007330240730603751	2
114102723250769775905	0.0007329325901661043	1
107130822909619989188	0.0007329162310570149	1
117558721400503492410	0.0007312458026722064	1
105638696998409169520	0.0007305630252853465	1
103091843552397054820	0.0007295225841709607	1
104087812869056701482	0.0007294402516317851	2
101728655513552631913	0.0007287150977365725	1
104220561945605954913	0.0007278900976798937	1
115769260174775429987	0.000726824754717484	1
111418590440564781827	0.0007266204315525077	2
105353612942495285502	0.0007257630190006879	2
101429865783875016809	0.0007243396613311137	2
107670970673350680758	0.0007241066308423897	1
100161482661463386756	0.0007236559115390637	2
116530973843696342825	0.0007235691924012838	1
110935425957122056122	0.000723261737657349	1
113612475104124264194	0.0007227816973915485	1
101533141916845015416	0.0007221614097979715	1
116353397214605111668	0.0007215112698861723	2
112874244407267277972	0.0007206353598251889	3
101070499016289473101	0.0007198523087593707	1
107140527142309523141	0.0007193299660527221	1
103896075712508587022	0.0007181093779266227	1
105628571097149852775	0.0007171993171007535	1
104342938424625672011	0.000716536196291756	1
110651936372798268853	0.0007164129598078225	2
115944077975550375413	0.0007163092345810121	1
108982467896554571756	0.0007153269920404679	1
116449489115061112398	0.0007150470132186241	1
113180375618328351247	0.0007143425480291408	2
107057936041169873674	0.0007141661054580971	1
105181552245349003695	0.000712565404594633	1
103023083865223208659	0.0007124945984210418	2
113638882901059396959	0.0007107003659163665	1
104808253889146371738	0.0007098712636328302	1
113858797523322684974	0.0007092063647211135	1
116319729548952603705	0.0007083943342846647	1
108693062865444341500	0.0007075080090179955	2
103403468778254019699	0.0007063494953808864	1
110171339580648239267	0.0007062608749752705	1
114466853236113292512	0.0007054790632438572	3
114239438362390698986	0.0007023237620446633	1
103231422029018263721	0.0007021448477818881	1
107913555416714527073	0.00069979522194765	1
115631706064275403352	0.0006995013514876275	1
106815561343197491323	0.0006990848387991094	1
116236681664060273072	0.0006986680729045277	1
110697387901189299664	0.0006975841161806732	1
109410878385939067590	0.0006969497730109116	2
110280886606383204066	0.00069368550770128	2
104114768780523430927	0.000693646488345289	1
109519561451988889732	0.0006923908335686464	1
118291781977557187988	0.0006918527597613762	1
108649581227879782591	0.0006913013943085584	1
104483475350038896770	0.0006904197669515775	2
111635150542674847021	0.0006871128628278035	1
101581418889721932594	0.0006865449089982611	1
112076499418231280459	0.0006859960878966208	1
109796736861657598650	0.0006858051677259382	2
110617279134358999670	0.000685595524770243	1
117436582476230715137	0.0006847334099679596	1
109980033242634289885	0.0006822931256966614	1
105439835265439460115	0.0006820954396534487	1
102107147806939041278	0.0006819328622688065	1
105818958567305008744	0.000681405189647452	1
117168242225378205488	0.0006804634113769159	1
101027924732182079580	0.0006795216840456773	1
108028519387928256149	0.0006777438942478294	1
108619163818684766208	0.0006767069847288311	1
105824495438676980390	0.0006764912049783375	1
110964566080877938762	0.0006761078128742122	1
116780889332453380133	0.0006754152839003623	1
106168626156472495012	0.0006753272468123341	2
106447378835048805753	0.0006747415099810359	1
108198048893947379069	0.0006736955191044434	1
106853306308330755112	0.0006734559005265532	2
111592404293943072920	0.0006716782119165047	1
106943341652076353044	0.0006711988528055253	2
114727226339079428036	0.0006708359599264017	2
109807016750012045932	0.000669103131673595	1
109369773398433356509	0.0006682963882653392	1
115991401834520504688	0.0006682706401159067	1
107664821350256643620	0.000667537746556061	1
117339321530531028250	0.000665499208735089	1
106587112741556150425	0.0006652608530114707	1
104333752871292626706	0.0006643118299947104	1
116508779372363265414	0.0006639018480425965	1
108409543481468632543	0.0006626096477263315	1
116922354245430729319	0.0006614804679685195	1
115295295550060273610	0.0006614464965236785	1
103710556827129910852	0.0006614239609305145	1
112045678774022892416	0.0006605377399925021	1
100361316640787900421	0.0006603854559521613	1
107629151324083337974	0.0006565590646602972	1
102570751204214546474	0.0006547333166651146	1
114026897725305252900	0.0006545478505072666	1
106840551291856796488	0.0006532441883673544	1
107077427834322444950	0.0006523278603453541	1
117772622960657911415	0.0006519465952872295	2
110673845657736839229	0.0006518654132934667	2
104835183248233313787	0.0006516864983307642	1
103523226179487405683	0.0006510652223934358	2
100977982297960241938	0.000650786121276939	1
102170138406897131777	0.0006498576492077573	1
104686392643103451163	0.0006493652367484485	1
116288789213031782176	0.0006491796018909827	2
115074742580527848126	0.0006491310575756599	2
107590093667978669374	0.0006490537824552837	1
102213910996752383932	0.0006487765199965168	2
105334144421485161009	0.000647419508761268	1
106904472144639181759	0.0006473237760960123	2
118184246167759594979	0.0006461008320049667	1
112876488489415804632	0.0006453995458864499	1
100049379238822310667	0.0006450989025274807	1
108426666507341017894	0.0006444985391838481	2
106220376218216220028	0.0006442997868910805	1
108064815750032267545	0.0006431943197856375	2
103115908199775269039	0.0006394703660080387	2
103535946573442710526	0.0006375942187555383	1
110118461580079543519	0.0006367346862650559	1
112630654651832526314	0.0006350176903026791	2
101429312537446614010	0.000634403409422157	1
101136313452022372827	0.0006322500594927191	1
116606826091575313585	0.000631817179451267	2
118387765390834650986	0.0006310560066885588	1
114650749192492118182	0.0006294472138803971	2
104582897695875351905	0.0006290426526335631	1
101387092275812938679	0.0006269786341177935	1
108134827885799384161	0.0006269766775135264	1
105238127119688476290	0.0006267662493863109	1
102343156979078697996	0.000626366949319434	1
101119656554151538963	0.0006236792321931828	2
109818087892971070602	0.0006222266187655775	1
101127986898473915473	0.0006214884393716653	1
100650601242690361858	0.0006213946048970815	1
108558525756738720680	0.0006213084097191301	1
100034852139736181861	0.0006204236552204798	2
103457156685416538515	0.0006154632089518725	1
103004643235588316768	0.0006140608835441925	2
110368819501171660464	0.0006138682790355143	1
113956475199429699169	0.0006133289369402524	1
116551430990291119287	0.0006096593795964334	1
112694730193284571424	0.0006084757120907958	1
118013135869798179484	0.0006075170178192997	1
110292801632604437361	0.0006071848564035201	1
100535636012568504556	0.0006065843260442486	2
118229203845809371405	0.0006053143495519022	2
101896144532717420806	0.0006052890325188814	1
100102136737035852528	0.0006043619574582313	1
114318197127028344684	0.0006035093745050639	1
110141278662331243284	0.0006033060276700198	1
115801986383089722924	0.0006022528591480062	2
113656637762339457252	0.0006021751876323562	2
104633236270354366015	0.0006011928685521601	1
118008338656722584633	0.0006008152924199355	1
110384161031841550363	0.0006007130838645658	2
108191878898806436807	0.0006001424551216609	2
100382076211124259598	0.0005992919538102509	1
116034587429248240141	0.0005992462689886642	1
102420423889209670890	0.0005989778158089787	2
106439042524416914269	0.0005987808281833563	3
100867287497798099271	0.0005987086345463493	2
106841109360756695398	0.0005985916497831094	2
114137649631250954945	0.0005984820535507804	2
109446005446985447768	0.0005973684545708068	1
107766037716574916086	0.0005970021030547087	2
106854831361508960388	0.0005962485704086831	2
117229155900733795868	0.0005956966705260589	1
114947477492725677113	0.0005953047181321841	1
101864047376166021012	0.0005950917615100157	1
112311470127292513285	0.0005938633783806336	2
109472647074305911133	0.0005938075485440462	2
116218343807324463717	0.0005921226887645735	2
110404663148704368696	0.0005917613665886544	2
111939626988908665949	0.0005917359760190833	1
115938648914268804586	0.0005910025093000326	1
106686318419684682909	0.0005906939616050674	2
113843722241820236087	0.0005904454330070181	1
101148842065688999126	0.0005894481888731847	1
110975401304280862612	0.0005891305649389786	1
114993327346477823088	0.0005889758800780336	1
111947940749970154249	0.0005882074734342076	1
113814718220634487704	0.0005867476110519094	1
107127870994161514647	0.0005858881910739079	1
108478615500684097297	0.0005855352623394959	2
114921056044017530779	0.0005852368609809015	2
118109530099956433502	0.0005849327893926361	1
102383679643355892595	0.0005847170433339003	1
103287043030213254539	0.000584692840260759	2
107802019634753756616	0.0005841031054675203	1
115065219055340818021	0.0005839527127617368	1
100174998061305418617	0.0005803118419769871	1
105709083169353686738	0.0005793886170840362	1
109126924890619007020	0.0005793564291857143	1
116852834819739108863	0.0005775612735627011	2
108180971692419030118	0.0005772657483644792	1
102751889085475227000	0.0005761053922293527	1
101154595213982535813	0.0005737020779296825	1
104041911992775928748	0.0005733650832537345	1
104440984153049592278	0.0005732857870754056	1
101034548733941156124	0.0005726063181632127	1
101219011473929582951	0.0005725288559270883	1
111658733025907167352	0.0005716369739374313	1
112852839793700128867	0.0005705945180791865	1
105429577775256785953	0.0005696744334180224	2
116409742346144066560	0.0005684769247381409	2
111736608849847346573	0.0005681304953886932	1
105360886504399318117	0.0005680430886771367	1
118007138143006866294	0.0005680267997889811	1
108817085300413235676	0.0005676783475739174	2
109238401251115672521	0.0005674519609126936	1
107829319217627408019	0.0005653214413730891	2
102479184641434405851	0.0005651475103930647	1
106913463038120396377	0.0005644277155050726	1
100783821488571034779	0.0005643018297831408	1
114872516928518881510	0.000561805515130128	1
103601113855371843390	0.0005617448831316012	1
116031548996213572563	0.0005615766868321146	1
112801265857824667380	0.0005606842189069165	2
101170858167877590028	0.0005598861683504296	1
112958460849436193069	0.0005588093689879017	2
100828614953127644321	0.0005580859356660822	2
102505502784244419794	0.0005571314242781536	1
106141975731962303453	0.0005567024929896137	1
100211673803221908392	0.0005562403405243365	1
114871537758871432418	0.0005556407190466289	1
103511435932730435338	0.0005547442366183328	1
105189845580971613704	0.0005532421498041134	2
104202263011113038990	0.0005526335888772975	2
111657025083618284781	0.0005525266793383238	1
104591485980958270072	0.0005520574763547147	1
103114072608881385814	0.0005520265838577109	1
113593203112351252307	0.0005519677006761366	1
102396464916595786584	0.000551345979039096	2
105745128542016866255	0.0005509211339630636	1
113225074091942305852	0.0005505666585515573	1
111183040814711924784	0.000550498214138674	1
102527264114481319906	0.0005504365158434741	2
108374489490729808409	0.0005487783265347231	2
106465631778431387584	0.0005487162527268897	1
109368654259427988906	0.0005485382682031022	2
110239149447427181494	0.0005483719297839646	2
106482820252458358482	0.0005478035632490594	1
100466467616992542684	0.0005473442214503575	1
105077003703324765976	0.000546233364342516	1
112356941163112300263	0.0005433075549898603	2
107742068186422614716	0.0005430257497734384	2
111872227454610057635	0.0005407338852437572	3
102029155321288447279	0.0005401333236147604	2
115635048301933843673	0.0005398239000226876	1
107503635617395328870	0.0005380472097203081	2
115891230387484725858	0.0005375091797647878	2
113511279752012786991	0.0005369138080789617	1
112999253285147253060	0.0005360522607753951	2
114004147707012711745	0.0005357483708274584	2
111213966714606283840	0.0005349639446705726	1
108449059317669235033	0.0005346572299091373	1
107727966768790459520	0.0005343669297231206	2
116517610819966414983	0.0005341848084231637	2
117560005357310770533	0.0005333564730234305	1
112750113527304805077	0.0005331052423434495	1
107874114351340563166	0.0005329075271754112	2
103452736021307171902	0.0005329066429826497	1
115406603933914607068	0.0005325916969915846	2
110462717025736553985	0.0005308871729112671	2
113687640327964370604	0.0005308680592340142	1
112073315446127452719	0.0005305557271104575	3
100034984155009000912	0.0005300854407788063	1
102837660608403804407	0.0005291198636887591	1
116956891296469126109	0.0005283634026613785	1
114192949009306089073	0.0005277258630308982	1
102554010513325186588	0.0005273396294733867	2
115564782916890552732	0.0005253184460933719	3
113582396452605412574	0.0005246926938934977	1
112281123502975004686	0.0005242965112939999	1
104319701938100393265	0.0005238767014363607	2
115578238130355201190	0.0005231099292869886	1
104242951815697774681	0.0005227665315749225	1
103980971520836021947	0.0005225940938942736	1
111755083609086611999	0.0005207906061897528	2
113895757504658643526	0.0005203474787041981	1
109631064685469686606	0.0005198874788141137	1
105328348287957788733	0.0005173631911029792	1
108055267176574643445	0.000515930862434324	1
103085113807571169573	0.0005156525940192147	1
111101750554188476528	0.0005151945654326103	2
113605484607487008206	0.0005145375034493008	1
106597698392092140088	0.0005144651650842941	1
117311816721611945846	0.0005140908038641289	1
100893378920029863538	0.0005126405998402502	1
115539882065662100702	0.0005114364709674459	1
113504388158706636318	0.0005098692344742656	2
117071605448844288311	0.0005071283130963016	1
110855912627052487969	0.0005064550999103674	1
102835389903025104762	0.0005049916495627777	2
118051890523038196977	0.0005049228453141826	1
116501291916551137416	0.0005046619281214159	2
105073865699453753938	0.0005044750993199263	1
106036603120066090342	0.000503742757352826	1
117575885854770843906	0.0005014915566093624	1
106990869661427548133	0.000501403328710974	1
107369755346337438658	0.0004992687198458645	1
106393069545967451922	0.0004977821966042374	1
108324121387278224269	0.0004975800652079207	1
108887810032537376918	0.0004969438277398542	1
100844880658740651388	0.0004968489476795575	1
107761389053371583329	0.0004963511937581922	1
102936044069770310105	0.0004956784414172793	1
113746546354653834581	0.0004943551492576372	2
104034400380161849224	0.0004923375137491771	1
102718311968326793286	0.0004920330844874337	1
114595249394508334480	0.0004902138213290619	1
101952976429462756517	0.0004895640223848555	1
105343512238569231143	0.0004891349176488957	2
114978655189481337388	0.0004872931618361253	2
106270893488454039359	0.00048703089195469907	2
103209908345925536722	0.00048694153721875447	1
115782826381357335277	0.00048682267827415574	1
114453257115797422364	0.00048661023754097924	1
114282676462075120936	0.00048466332867604686	2
116516619236339441948	0.0004828113180291015	2
112629253189929570166	0.0004815891627919039	1
110328859279445738084	0.0004814651844983589	1
108581371748491713295	0.0004813767261074276	1
116578329053359682197	0.00048105189992315685	1
118067541792323699335	0.0004781588545041517	1
107435124991464949650	0.0004772612647314145	1
102337441335093951076	0.0004768057204491632	1
116015498144925252088	0.0004767535894873613	1
109630882323822089455	0.00047669597065331333	2
100398895183490016079	0.0004765458539464422	2
102463783160596955001	0.0004763645124299398	1
111199128678256647792	0.0004752830635113601	2
113351598379285241216	0.000475196828298021	1
114070469557261935558	0.0004745489396887104	2
100023193940802251683	0.0004743079439152002	1
104610015901686190830	0.0004733145240477505	2
102476083858002705976	0.0004731381160239721	1
103112377548785137625	0.0004725409768278683	1
108281402893464715862	0.00047088724984376657	1
115947004430484555109	0.00047077716067984093	1
103623887384387080988	0.0004688705675138469	1
108399943403137501247	0.0004682152177414522	1
113423154530292060614	0.00046788471806979526	1
104466241511721216408	0.0004675139400728145	2
114200816965203749251	0.00046745817013738885	2
108518899869937637490	0.00046651897133356395	1
111827971023014472404	0.00046644862093153075	1
115554675765898394753	0.00046554842963924707	2
108128002074823934634	0.00046503566174753533	2
108673557290325654503	0.0004649616206084408	1
104795236100046766081	0.0004649202838074553	2
101291329710065538780	0.00046420785543347114	1
103733429485516145557	0.00046416977374968537	1
112202099360238453823	0.0004635827378463741	2
109377526326597594961	0.0004620487867581479	2
101526987560563193631	0.0004616715331490942	2
106709436289961334419	0.0004609040336839044	1
112405928127407210546	0.00046076577203676375	1
117365882638516073505	0.0004592694025270177	1
100545602569648912341	0.0004592226933305227	2
103024622021428413506	0.00045916224279163905	1
102364975200558201983	0.0004587076256860395	1
118376713757104359544	0.0004585051853111022	2
107260514140000978323	0.0004584383831162268	1
109146002063561258867	0.0004581426611602776	1
115329085951772406787	0.0004581191452894528	3
111669008320295282217	0.0004580984995283954	2
114980137748458570008	0.0004576094064877139	1
111769706389797592767	0.00045697431713950673	2
104521380477808072545	0.0004562358279054659	1
110898225990964986963	0.0004561662222883999	1
105508666909703535708	0.0004545826122989323	1
116072975013419992504	0.0004539475351620861	1
106472137404451336877	0.0004535223223531941	2
115172400670008172371	0.0004534711379817892	1
105257620854246031338	0.00045291406892211905	2
102887305136484095999	0.0004526034244663239	1
110722354069735340937	0.00045258831782026443	1
107338061740185199218	0.0004524960264041968	1
102013035141474619840	0.00045229798797066594	1
114387870473788154376	0.00045203009809291093	1
110147621784423205280	0.0004515589160412164	2
102025347424163982494	0.0004506954602784542	1
103620052229302753552	0.0004506919782576455	1
101116029038416265326	0.00045011536133695337	1
114272236097057656929	0.0004498353664649016	2
105688959302867934855	0.00044972893261937164	1
108350087766930908833	0.0004489627741917563	1
104183048054626586643	0.00044759568473487943	1
116256015420660060408	0.00044726447066703465	3
117986875835270522678	0.00044724006073316373	2
106886727329631010444	0.0004471420258450395	1
114281283098408152606	0.000446750437218968	1
104246213372597870449	0.0004450626390924401	1
111501107086144285870	0.00044467008322626614	2
117862703267515390015	0.00044463376982972167	1
109769313709738964966	0.000443993265778987	1
104199016845900436951	0.00044379998532898776	2
103996601907968188987	0.00044210217118554555	1
117412175333096244275	0.000441801906358512	1
100146646232137568790	0.0004414257403249695	1
109355382693847842791	0.0004401132551996266	2
115645903666874290201	0.0004400013250834491	1
113538148225120049426	0.00043971030802929386	1
107356187028292124626	0.0004396002749413675	1
111119420697006013529	0.0004395896939535409	1
118117015313962738108	0.00043931992310758134	1
106101025462047773563	0.00043913803526511895	1
104203172898500394499	0.00043805360215553544	2
109208394394638465011	0.0004357932596006258	1
102902558563425286189	0.00043499826009941035	3
104912426860512945339	0.00043452530027343183	1
103016477767081188922	0.00043368311045338225	1
110155153910007867774	0.00043299440089972143	2
105010868493507607384	0.0004329515255429741	1
100508807382875544017	0.0004328332132354011	1
106121865274355650713	0.0004304483838426419	1
111196961248532330151	0.0004297631343426571	1
102883017163679576286	0.00042932107899033774	1
109272778730069785029	0.00042929534477700144	1
102686917362449078998	0.0004292883732148967	2
106051568355457229284	0.00042795138825124694	1
110204181654158627767	0.0004276596011418413	1
103930392335814023466	0.0004272817811537614	1
103120420744180067755	0.00042631627367586045	1
113627944510655999806	0.000426259295714747	1
107878085539509460726	0.00042570241018353484	1
113197514665055604499	0.0004255116524080767	2
115842065776115998874	0.00042504938815104	2
108302132175607840586	0.00042491398135563875	1
101131201901730432126	0.00042457473905660795	2
116784179092672642817	0.00042454286241929773	1
101829990343558867698	0.00042442809797032437	1
106064030310933105180	0.0004219652320383079	1
117866289633217662017	0.0004217458890006239	1
110343982593035655597	0.000421356930190568	1
105634376821159887938	0.0004212050391663273	2
118265204529023813851	0.0004202569836446391	1
108578647212671676913	0.00042024147176195997	1
116525707891534918676	0.0004182465372963919	2
100432907074702675896	0.0004179882451366707	1
110665601017571994094	0.0004179173708678259	1
100690739498569034578	0.000417617907221489	2
117542520198653483900	0.00041756106133087	1
110422080214945443369	0.00041747250972048094	1
114460544879442511179	0.0004167657771951916	1
107973528337861416233	0.0004165140237093256	1
104644257607102913338	0.0004164377930925444	2
115022391209787126360	0.0004163838634596033	2
116133023603729029304	0.0004153658593910107	2
111229971990081160938	0.00041489187986659367	1
103265106089782691100	0.0004144587079476256	1
116817338726035926918	0.00041340809808791554	1
104044635040358670652	0.0004133215440664497	1
102123856569175371795	0.00041299701030504053	1
103674034686391927922	0.0004124941150318992	2
101822026452162242127	0.0004124032738410498	1
101055984840534401846	0.00041202636449085093	1
114675967815592963291	0.0004116705632230516	1
107850807034907825462	0.0004115129595021812	1
111891005980126414740	0.0004110110060523848	1
109565531665669537970	0.0004109160387557794	2
115461250009080793696	0.0004101177833973942	2
104759148618398614301	0.0004096930884899061	1
116717453169278010071	0.0004090247640301638	1
113185378741293216799	0.00040836795914549304	1
114347706819482413805	0.0004064488564627561	1
105037607577344583867	0.0004062178896236415	1
113385405140846433106	0.0004059398664480588	1
115677743158728931378	0.0004054773427681235	1
105405650077092541765	0.0004052278063942743	1
101185035149171121728	0.0004048070448314685	1
102743031116331395818	0.00040475931033749917	1
106421499646188057113	0.0004046673182852482	2
103923889181702013479	0.000404567374523754	1
106289917549308228187	0.00040378746475843753	1
105102032103524905836	0.000403581236816776	1
116183726867750803035	0.000401317220054652	1
111624360865407310290	0.0004010328816245479	3
109801998543492604722	0.0004010023369918923	2
112336016784963736519	0.00040020633266961685	1
105609572346211872835	0.00039895466421888733	1
116544087389809130831	0.0003988836111239996	1
108229093405985222197	0.00039880948714866274	1
104002207552767496076	0.0003983126505754178	1
109797934616480816733	0.0003979563168256499	1
116518635187988179355	0.0003977889587321711	1
102562551824959870372	0.00039744960206731004	1
102948404541517981929	0.00039725102239194913	1
100636798358123165468	0.0003971852931979506	2
107429251778993111827	0.0003968240732004099	2
113942614702894961287	0.00039678445602500017	1
114687911322522783985	0.00039630293114139984	1
102504887537004723025	0.0003960893947151855	1
116370429709256186106	0.00039591265567387403	1
108513836002909383600	0.0003956694374587735	1
113227666884735376967	0.0003956299139947172	1
104777320067118217774	0.00039520919681136326	1
115327081830834845765	0.0003951489293692619	1
100973541665333597533	0.00039503906922352906	1
117144614707829541775	0.0003949826064971329	1
115867713418705857896	0.00039486508692567574	1
116430891121452390745	0.0003948410451617706	1
104577786425319045732	0.00039393751264882765	1
107896679934715875576	0.00039300843919267043	2
114749989144574421953	0.0003927406657563844	1
114501333755253542751	0.00039268884933878797	1
107675457896001212133	0.00039244393958385454	2
102584411590523178276	0.0003920537349777737	1
100257348309364464527	0.00039061685291281437	1
104134000998523025836	0.00038958256601442996	1
111235555942542639148	0.0003886531910515268	1
103582742762744487397	0.000387792919803608	2
114962647437525295442	0.0003876108511683542	1
102864561235460485571	0.0003864482991408531	1
108891797876048469261	0.000386347523540236	2
111028056394089759029	0.0003844535225862623	2
116482001661226769314	0.0003832884168034767	1
110831473128289321089	0.0003827315267153438	2
114473435778691059241	0.00038264702998418447	1
103102540061414855048	0.00038152931868058976	2
104838670035822578932	0.00038146346872613025	1
114729365887592923334	0.0003812981938187261	1
109757138330114414604	0.00038076242780252776	1
114465369683794136342	0.00037971899849240727	1
108082997114412409985	0.0003796681698217063	1
114458237975497044566	0.0003794611129958018	1
112936045739062010432	0.00037945378970639926	2
116614862994407732902	0.0003788541395671589	1
105689700175634828927	0.0003788541085291301	1
104191469360554184742	0.0003787324340820135	2
100152754393360938972	0.00037753783207815134	1
118118455079370375698	0.0003775180036702504	1
106487119205743612817	0.0003773885860090063	2
116286985527896405761	0.0003768181547706837	1
112385681165344269082	0.0003766517618767393	1
112788573527583533785	0.00037507262020872016	2
109012522663194302560	0.0003749741165431881	1
118132141676351926969	0.0003748955814559326	1
107166770601537301337	0.00037456350713726725	1
109430366109122147882	0.0003742597583976628	1
116450423182374584343	0.0003738916733928136	1
110352666016032795837	0.0003735727277497956	1
118324663261671919582	0.00037343680891019934	1
114846555518156705966	0.00037254682760316847	1
109874174385539915810	0.00037193952525657706	1
117958141326540964871	0.0003705652002034784	1
110450133026062729188	0.0003705064447582713	1
103203950624175990539	0.00037049993733220734	1
112361960952807556741	0.0003703669433820114	1
113463574054536730421	0.0003701690560336939	1
112567117703230042072	0.0003700524392225529	1
118281061832654729973	0.00036956009192584834	1
110360567681348950228	0.00036937082264527313	1
113834587012086251099	0.000368742891795464	1
110077714902341521287	0.00036799154957745843	1
109419485330743466095	0.0003679244373945498	2
111682813292671541864	0.0003679159076197501	1
117952625717994307054	0.00036732283443269536	2
117664019172791305479	0.0003667193533152213	1
117096769294242969922	0.0003664528463249965	1
110019183949977637475	0.0003662181877307384	2
107097497726722474364	0.0003657862468823729	2
104485237134524950622	0.00036444662931664506	1
105601911094722753878	0.0003643907399340608	1
117220100518511602665	0.00036425262255904557	1
108479427954857157385	0.00036405910136002304	1
104112078932511696753	0.0003628406785755149	1
109617192159004259292	0.0003627520065959645	2
100062901021283008298	0.0003621419163818638	1
108017043477995432212	0.00036203020195445116	1
114089739152726761492	0.00036157130345586426	1
115250871984578107403	0.0003606975093556673	1
117604402141748745562	0.000360481243657847	1
100038049701535106278	0.0003604746329231332	2
104799419469804726806	0.00035991757661964425	1
100603945228952009662	0.00035984130579688566	1
109723877266441957569	0.0003595053426674774	2
109116694164770459816	0.00035939796212761175	2
100005347907652479892	0.00035909847936143517	2
103288453704469867285	0.0003588422001200026	1
105891563691208577772	0.0003588011391380074	1
103802023931665614380	0.00035857549474133967	2
106064319419158385135	0.0003583140179895964	1
115899514744658620105	0.00035748251876223266	1
109236111063168762368	0.00035659061397403443	1
109620403311042841404	0.00035645745263696265	2
108597452361152433617	0.00035635073993574653	1
110349870358750524093	0.000356315268047833	1
108720686020895552265	0.0003555422122036953	1
112703787286098229765	0.0003554614193206008	1
116959752275749786284	0.00035494554786721455	2
105169054369243633622	0.00035488689717451887	2
109078983637010009565	0.00035480617245513854	1
116937711673172144318	0.00035443989803961523	1
115960677363677000288	0.00035442860378061085	2
111828977660829922821	0.0003542367015801273	2
104242709429304362533	0.0003541929074400063	1
114604623631600214015	0.00035330310650416173	2
116851349328506608171	0.00035296910867430324	1
109698200550295062148	0.00035265655805295765	2
107599371213136492140	0.000352317695560023	1
105847135584609743035	0.0003519485760942085	2
114164278118555040144	0.0003519028174974255	1
101653756479442099558	0.0003514727085046294	1
104577252286007183696	0.0003505702150590747	1
103653808249454291606	0.0003497757774290817	1
113790889677234697359	0.0003497060474120932	1
109029860608499813846	0.0003496667007833525	2
104623400813415689503	0.0003495842486333863	2
108324601365151014348	0.0003495453629140761	1
107697809875755229139	0.0003491912465403065	2
105654424245874955077	0.00034897565375671533	1
106220699774767848142	0.000348569529783395	1
114962295503702351643	0.00034813474152200065	1
102463725222572581336	0.0003478489506400805	1
115507658258745024139	0.0003473505941089568	2
106282338958862571552	0.00034719259490928364	1
100795234413276154619	0.00034679271640279685	1
100532127174723379776	0.00034676770071005015	1
107187501918508472558	0.0003467541684888599	1
104854938798902396029	0.0003463864612346211	1
105017229504384125808	0.0003459079228401452	2
118099811982559640114	0.00034542526781104993	1
114698731727787723346	0.00034541964137354083	1
117303383931795833210	0.00034528149599423995	2
116991288517518453916	0.00034521784390790134	2
102671094429192186990	0.0003446279654692081	1
109357825670154561964	0.000344442715962478	2
104866702252358900602	0.0003443991118545397	1
114767443136831791669	0.000343668329674762	1
114977743005699906291	0.00034347936701228113	1
111114876289023443125	0.00034342097465077625	1
117580123632434130051	0.0003429209029569446	1
105724124578964445404	0.0003423695164839502	1
104457934859971920358	0.0003419667471938699	2
104541224270908052861	0.0003417602961608361	1
106667729510464379826	0.00034151016158926275	1
103391335842715687824	0.0003414789544779524	1
100201005677073340710	0.00034055505135798474	1
106324332095012822653	0.00034017184261710896	1
109650174689059389828	0.000340090766773934	2
106701657584639995744	0.00033983111847766807	1
108606284988071834591	0.00033982715092887217	1
115358323806686165791	0.00033959610485857766	1
103251482414903117843	0.0003395184575082496	1
101812148861381184592	0.00033932144609264027	1
100983396170991909116	0.00033914991404376555	2
106507051965986428814	0.0003390280587710542	1
115971554787704102540	0.0003387446147021977	2
105149372658737789768	0.00033695421046134495	2
112637620171299212131	0.00033648741294604314	1
106190533564116472547	0.00033625642644650035	1
107147521915894601782	0.00033590864358343356	1
114528432518230914438	0.0003358089469982444	2
111395459555813972341	0.0003352718612490379	2
114832215272294531504	0.0003350828315219491	3
106214168948760942073	0.0003347475445212233	3
105733065840605005502	0.0003341202409018661	1
110597833865674776671	0.0003338124181531825	1
102042781028767247547	0.0003335609447112728	1
115969268962696967613	0.0003332168446588342	1
106302556507332624920	0.00033308190941894373	2
104138558627816762816	0.0003325978438619721	1
117364459526742206846	0.00033125250390036987	1
103576526496257623388	0.0003304333676297485	1
117119233364564956072	0.0003301833309393357	1
117760597609992446453	0.0003301671986273906	1
112296516226188790140	0.00033014431806066655	1
105132348290763573082	0.0003296773079573611	1
111277240992975310905	0.0003287195066368826	1
108921172622455610067	0.00032839313612486215	1
105874305688200015677	0.00032832785671563165	2
102265419497119381625	0.00032745623297931396	1
109099193717756236849	0.0003273980537491047	2
105421674886862683703	0.00032736415487626873	1
111162211978765064881	0.0003270298051690581	1
114964266227815778574	0.00032648815564840605	2
112776121740100147518	0.0003263691615132889	1
105861016669490707218	0.00032610753898847057	1
117703105384804160627	0.0003257023095203454	2
116518320170208981444	0.0003252806011922887	1
100427913513776340967	0.0003248038797071637	1
106706433238891662620	0.00032478247754343895	1
105532138929952652519	0.0003245329929655055	1
107278457330693361587	0.000323568280573742	2
110263069898041783827	0.00032298859774625697	2
112488227516344305511	0.00032290186846505953	1
116442669099450372605	0.00032268257632503254	2
109084119449732545861	0.0003226367343626104	1
103822236202799587919	0.00032253980833073844	1
100696736492387120828	0.0003224946887407761	1
105391596617023499848	0.0003223203315204904	2
102151716396681613967	0.0003222143412827236	2
106176681574808028702	0.000322011839501393	2
110026941403017046740	0.0003216051222126976	1
101641792367502924416	0.00032156466462933224	1
117214176938994466734	0.0003213113671074253	1
112033955529787098455	0.00032111024788379915	2
118373960809196542215	0.00031992038584390583	2
104805634423734074539	0.0003197605605410222	1
109254675673281789813	0.00031966427208442	2
106088861396632566468	0.00031949791919240716	1
117157132780961061420	0.0003192475264286639	2
112982985461956210579	0.00031913103264988947	1
100804006931501023795	0.00031906841617294034	1
116710440385116279676	0.00031870745080922946	1
106911851141865171882	0.0003180887999332615	2
103788412022079948577	0.0003180471265097999	1
113058977308932716504	0.00031721868657616004	2
114943443597195459324	0.00031711384562093075	1
114552144373328619491	0.0003153082882593129	2
113113753238327583066	0.0003150898738061461	1
117882566053014557015	0.00031480062413796343	1
102484175600188050688	0.00031430129170914665	1
105825970804124113634	0.00031428163198843383	1
112319552474716212936	0.00031415609935730765	1
106540766545867204727	0.000314034643493334	1
101879899034225905285	0.00031400914464708855	1
111426639925628248153	0.0003139969934915066	1
109091939256938929524	0.00031384238701282884	1
118003243487256268421	0.00031331970612953446	1
108156462932120603294	0.0003121004325896442	1
102143342772805415582	0.00031188083395464764	1
118129390091654416386	0.00031119404993894587	2
115111067973586304742	0.0003110294041002872	1
112429834877580698585	0.0003106473961990844	1
117437608100259277957	0.00031039215763496773	2
111795332597889859047	0.00031012727704701895	1
108989092742273791528	0.000309738647956731	1
102929132146240115061	0.0003096132530070603	1
116128581757067940470	0.0003094653629200896	1
106180514531940884027	0.0003092019415496637	1
100325731291004872023	0.000308699664817088	1
109831479794689044431	0.00030786128644158387	1
103464238023296579050	0.00030678611501049074	1
105823382660514231728	0.0003065159746416771	1
102820396669274016790	0.0003061956606481181	2
113353291180665163596	0.0003061737408356043	1
111696527271078576928	0.0003055912357236233	1
111387602113850821260	0.00030549169757303424	2
111288653084069171918	0.00030531471474370015	1
107645557617737534704	0.0003052446823135487	1
100853359975919056501	0.000305044373551873	2
118047157436278848959	0.0003048306990560298	1
107932282174453409254	0.0003045054178968076	1
105124619996274927283	0.0003033619742169823	2
114507589238275676452	0.0003031335961974878	1
101706295300435696596	0.00030293926567605115	1
102201931960325833662	0.0003025148369202907	2
105148635640130784105	0.000302240433505922	1
115867591026983112781	0.0003021123700590297	1
109270989906083658087	0.00030203805272043145	1
102425186530108954705	0.00030179878891691166	2
113229219481073246756	0.00030169584792809866	1
114336403358796194025	0.0003014239434014458	2
116593428335526725448	0.0003013300194906216	1
111102162391322199557	0.0003011122958896785	1
110745990702341469050	0.0003008505521274036	1
114734424306108938339	0.00030084332658797646	1
112013838980899408008	0.0003006023037678798	1
110736346010609070395	0.00030035475555244566	2
102437027885611329779	0.0003002748012041475	1
113141914070505434748	0.0002988974222296805	2
116049778004352408420	0.00029776116048855806	3
110130857244061177361	0.000297716145903524	2
112297914067161625032	0.00029737571777503375	2
107972551865383320146	0.0002966752423701249	2
116463655664344091505	0.0002962594998301385	2
104228952724423394368	0.00029623813496425336	1
113346654775955026811	0.0002959499142555616	1
106018859650703944482	0.0002957419908629966	1
107936186516559676827	0.00029565805520136086	2
115124416846310870800	0.0002955768556951877	2
107297159490077651336	0.00029548497457545554	2
101427349959437530042	0.00029512375178413625	1
103831766174763308368	0.00029508350432835004	1
112780281005992911945	0.00029503513755750534	1
103763807903648594146	0.00029490186818366816	1
118181581523911610742	0.0002938037553620345	1
116760569028914976294	0.00029370565994933727	1
102002295803578520989	0.00029331137486107034	1
117356588428622353351	0.00029304356091192904	1
106743080011588860420	0.00029279730704155263	1
116321407795670435346	0.0002926933640112801	1
111642309423906424470	0.0002923945904670028	1
107402247502931224395	0.000292128041038868	2
101749238259723392273	0.0002921091930442853	1
101269341288287864094	0.0002920139154925928	1
102965120117521014382	0.0002915238852694845	1
109790899382743345172	0.0002913785159444439	2
106188615686353646618	0.00029119107263962456	1
110857742636026826282	0.00029072813883631703	1
108462946816785377146	0.0002905512922524733	1
107949787562254223769	0.0002904121732527169	1
106140871273803271511	0.0002902620637894694	1
112713363115518176760	0.00029021630028687494	1
107649833763446944795	0.0002898920589758097	2
114001759535243349873	0.0002895281779087427	1
104401988555974168779	0.00028935238060868925	1
102549193602001754640	0.0002891710807839243	2
113281122399367699377	0.00028912516610141934	1
116318245716843590857	0.00028878908733494257	1
112288821593048613920	0.00028876920872212815	1
116662631621472692574	0.00028857260128712373	1
106970592424633429634	0.00028836214321853145	1
118322308281983508736	0.00028812384975507804	2
113622055248994979497	0.00028769772818372155	2
111938560491904219024	0.00028761839195767824	2
111332331975713255267	0.0002875623483157025	2
113336079601972689279	0.0002871870810671884	1
104282651092377182727	0.0002870821625347051	2
107630653855535540263	0.00028677534733796575	1
105124533625157539282	0.00028672546907558685	1
117932093718227335754	0.0002864724323633218	1
104259669467477190515	0.00028640084109520566	1
104122322375103216687	0.00028586676544519135	2
109548320910962843073	0.00028550142614213055	2
112947177194346680767	0.00028544110690716974	1
114537091232864057462	0.0002847888076356738	1
102677360507146038290	0.00028413371868470474	2
108008095522109245716	0.00028408951974562844	1
105684789384436020924	0.0002835846789160564	1
111130730609916053423	0.00028349720256940674	1
112271965098522540312	0.0002832292281254527	1
102181646549858422352	0.0002831435242353328	1
106341822623727500133	0.0002823698792492285	1
108908586206992854486	0.00028234909090421524	1
101551289590721765180	0.00028180382555400874	1
116688400387372814163	0.00028138131859777125	1
115969639057656903031	0.000281219018985762	2
116510480792365800072	0.00028120112770439986	1
116892835165405541815	0.0002809135110480672	1
109959502580406246703	0.0002808339841760715	1
100354194058999119353	0.0002807022712102092	1
101771453507154226497	0.0002805562749219611	1
105752392537220058039	0.0002800240833581153	2
111136250592909651322	0.0002797055508189409	1
105733514193464976197	0.000278502519338386	1
100141806270624087649	0.0002783044266143561	1
117687305890218653186	0.00027801715823574014	1
117625446724142826888	0.00027787416003594283	1
100541351182813566938	0.0002775116373282228	3
101329536442891006277	0.0002775004238606849	1
117638010339099880493	0.0002774156294530055	1
106005665195130711086	0.0002772412708831451	1
109998599748459946319	0.0002769187893633834	1
105726085991594071241	0.00027679173550183465	1
106687277950191428785	0.00027640424823057103	1
116757411234153137948	0.0002759744038423985	2
100718702129752371721	0.0002759272662337633	1
114486183424816644025	0.0002758924442325261	2
108976108132734440242	0.00027585224035619934	2
114525272687153463299	0.0002758375840711289	1
103083496048627391070	0.0002752952483335486	1
102328839837064888958	0.0002750291496486644	1
101343604404864723412	0.00027470709122015725	1
100024432144540362665	0.00027468783019012283	1
109725402303450534056	0.0002745426545090915	1
105157706605823884747	0.00027450966066301923	2
106772506188046042163	0.00027444843550941206	1
104979867545903811767	0.0002744382169513395	2
101482889190719377988	0.0002742520133014029	1
110405295578607479530	0.00027418841687425454	2
112091692303029615015	0.0002741144403149266	1
113320496749088550746	0.0002738516615945742	1
108613723833962496211	0.00027367745312070773	2
105012806125884536465	0.00027367745312070773	2
100475063743749590742	0.00027367745312070773	2
108265125652482386072	0.0002734634396779589	1
103796410187272484866	0.0002731082333765853	1
115407224250241193547	0.0002730660542626286	1
101968315125549817559	0.0002727837157831917	1
112440748940479858575	0.0002724024193895756	1
107887439856400957576	0.0002723183879633795	2
100231268115482839954	0.00027229001369489153	1
109710287650455174193	0.0002722533893900351	2
105217332662222756393	0.00027217471541843464	1
107774051811104815288	0.0002720130615831403	1
111080620052833032765	0.0002719037713655537	2
104677979871440377684	0.0002716108758317702	1
109964599952241657879	0.0002714980602592308	1
114464313400922227906	0.00027092557291015707	1
114920348823317674773	0.0002709003582085404	1
109646954238189071090	0.00027077831068488624	2
118107060240520191271	0.0002703982062182381	2
115952742972415824602	0.00027008051297500017	2
109526285243306418943	0.00027007086204380827	1
117241057194040123381	0.0002699773756248202	1
118368950969568886381	0.0002696767123174688	1
103280511205751592773	0.00026938888749982457	1
104143362855362002890	0.0002692345142637954	2
116384610922545515686	0.00026919667524703665	2
104377382893782957449	0.00026916217195118347	2
109573905547244226186	0.0002691428597658106	2
103140386253281544260	0.00026884168265492735	2
107312438714452368270	0.00026866291607398525	1
114349130265760177161	0.0002685183860950236	1
108846817870672612979	0.0002684543568535218	1
112982119668615983478	0.00026841902539645544	1
114777545264493277593	0.0002683088599307467	1
101400805523279527880	0.0002682939427123694	2
118411996261516935161	0.00026798929465662185	1
105165353457501612895	0.0002678840779248716	2
107564324721503749150	0.0002678103806234774	1
116197679452528987023	0.00026760231865070476	1
116555659611657914325	0.00026749521257743306	1
108125100757919980241	0.0002674594303305511	1
112736678515255783096	0.00026611260052900574	1
101753905712063187658	0.0002660054059141438	1
105617185163184935566	0.00026549707369554436	1
104725217527158653334	0.0002654162400000567	1
118392123283356775204	0.00026531176603246734	1
113305521826162078771	0.00026498562314286465	1
116397456557955341957	0.0002648267178591237	2
107864505551656330561	0.0002647880305665564	2
112361258152939787404	0.0002647843204419957	2
103043498079311326352	0.00026468635187995284	1
101810829190589676537	0.00026462517149834655	1
114696086372702480950	0.00026450798526886734	2
101884253194228901618	0.0002641362126608648	2
117027557418559671407	0.0002640627873475331	3
102932942100598453739	0.00026385981763188675	1
116836422165987575212	0.00026354458914156685	1
108709181525920906647	0.00026344627267649106	1
109791682555049640800	0.0002633407257457002	1
106669084124761312691	0.00026321328859502926	2
107797473122227599235	0.0002625547365506659	2
101035983144127063578	0.00026249922766531186	2
108768599098219478588	0.00026249881488374545	1
109359719411171258493	0.0002624887256959136	2
116904446989177249716	0.00026248527204142326	1
103135469583952620852	0.0002624689491071968	1
113230182476200145684	0.0002624366788055117	1
106375102100871695888	0.00026213690668197434	1
117551583850655395964	0.0002620968962827013	1
100438003961234964060	0.00026204420885319577	2
104192697215183054356	0.000261969037652344	1
104524250257503205275	0.00026174856460432305	1
104811821356250112595	0.00026154775187653087	1
105961084244027547038	0.00026119727632913493	2
118160357510760954240	0.0002610389985808276	2
107700356776827632765	0.0002609307376294263	1
111404872051335974260	0.000260843696738033	1
100224201035383306651	0.0002608366394719287	1
115974115212390092626	0.0002608355164433161	1
108272825710805169010	0.00026082683974021234	1
110668287694435122377	0.00026080020944606124	1
116604545537931286681	0.00026073693696470083	2
114819346905075931120	0.0002605851795501901	2
114043750286427269371	0.0002605828802086256	2
114309110183367063719	0.00026044415864154465	1
110709130826108532786	0.00026025597853051327	1
116868299866702913701	0.00026023474115483475	1
110933092721247208226	0.00026020811664926723	1
102699016565876291109	0.0002601468870339627	1
104598932752651885400	0.0002601468870339627	1
104953695110257026574	0.0002601468870339627	1
103921780821093735165	0.00026007323540604735	1
112869494436377116773	0.0002600631691080879	1
111163770275891877876	0.0002600183900554661	1
114665697811691318172	0.00025994848463415087	1
102674742307430516200	0.0002595130724969483	1
110516412764317669232	0.00025948251014232726	1
115693894289223667923	0.00025948251014232726	1
111314373228948029167	0.00025922836374009823	1
107999759912870613616	0.0002585547427436532	2
116872103010325612631	0.0002584407419192525	1
103812341735689269721	0.00025827273090191146	1
103030257850953758225	0.0002579152489864694	1
107255909408822962027	0.0002578520610786308	1
115692271529528747737	0.0002575466472779358	1
112000755002555686313	0.00025743463667981473	2
104091183633697116837	0.0002572489564364147	1
105255316671226004215	0.0002566894474084901	1
109933597913337553522	0.00025668113068465237	1
101824856818411934614	0.00025653236181533736	1
116858263081282854086	0.0002564612680527917	2
107284245546176965571	0.0002563288047539047	1
115638379104090005186	0.0002563093574927113	1
113977833310333998130	0.00025625523616795427	1
103430401602179914518	0.0002560251598936058	3
112018792954389949410	0.00025571995549584207	1
107368258635447706414	0.00025567763778249354	1
111599124407025225442	0.00025565562962757494	2
106835910261640129699	0.00025562708279140754	1
106081830637694257502	0.00025500924551418754	2
112184054688980276364	0.00025496784594397165	1
117317777168460745725	0.0002548472974784084	1
108080231232917538740	0.0002548217806216458	3
115204873243486324900	0.00025465528424324267	1
114790548029353860970	0.00025449577057260896	2
106031205545258073179	0.0002542201083927878	1
116611821736545451123	0.00025403513500514986	2
100126198719180777997	0.0002540282336858771	1
104060669435322682999	0.00025344660724181575	1
114084548824101307037	0.0002533727038752104	1
117261155669304882841	0.00025325751337175364	1
118000415607442682175	0.00025322212057280266	2
104499982022557656479	0.0002531793762069943	2
111309395073591921879	0.00025307604607763067	2
108454198198070465385	0.0002530041666646315	2
104202980016425914614	0.00025284818928272005	2
108094613658915868526	0.0002526943213702946	1
113136983820697085932	0.00025267288851903575	1
115535066186405182837	0.00025266633658225656	1
109228595822396939322	0.00025243978081738235	1
102935222912562746512	0.0002522754744397917	1
113832659257380881500	0.0002516333077567253	1
117814695933483586831	0.0002515416183975797	1
113741698003966426374	0.00025147476152352795	1
113074415733820213505	0.0002511941174216047	1
108029219403721872285	0.00025100801707801163	1
108694228334808919005	0.0002508094485776172	1
117434291358190406184	0.00025062457821438833	1
110834223198928853932	0.00025062209849123165	2
102874970413206009015	0.00025062209849123165	2
117361105997956835995	0.00025035061101553736	2
113167449177041847103	0.0002500679030834328	1
112311459797850156332	0.0002500437357300808	1
106737811531028268646	0.00024943384462338585	1
109715998200089151823	0.00024939816541758047	1
105344753963642856981	0.0002491964931321095	1
103201991341703773963	0.00024917949319464217	2
114977870147629988402	0.0002491413774649069	2
108816831240173464020	0.0002486384906941189	1
113613215128600247025	0.0002485650512421305	1
114565523057008146058	0.0002485650512421305	2
117692575129538911688	0.00024839851691989685	1
115888455637416807057	0.0002482765255639856	1
100144129926800303370	0.0002481528681234616	1
113585846242757630537	0.00024808900579654906	1
104903552648914867640	0.00024804187317200465	1
108191860652754140942	0.00024796000046658893	1
102270705150410854468	0.0002479531549328954	1
110696971524199581112	0.0002478722644376918	1
108623958702531377209	0.0002477341400282614	1
117277283322317543547	0.0002477341400282614	2
109746956377252776235	0.0002477341400282614	1
100590040385590104277	0.0002477276248158678	2
108091018866939240089	0.00024761993956344156	2
104102463602212388110	0.00024761592867961126	2
100684215030607768962	0.00024736363451643333	1
109695286918343936732	0.00024730442507354245	1
109021315841170536722	0.00024729591705952177	2
105241303651981304953	0.0002472724348566656	1
106817475842308790968	0.0002472589101886423	1
103008898788223380288	0.0002470896768928207	2
115375658491689194037	0.00024708676479933767	1
104501711791736142420	0.00024696719882025833	2
102545125646424047971	0.00024696719882025833	2
106903885344796397227	0.00024686959443931	1
109561030501260138314	0.0002468582917689988	1
104539082082882277980	0.00024671916042827224	1
103019222397506519279	0.00024650834737120417	1
103034782416186796954	0.0002463767693281263	2
102963993931952991677	0.0002462679735310935	2
114646588280346665331	0.00024599443834569305	2
114213167812729566086	0.0002459870318312355	1
105969891589262391792	0.00024583689395350306	1
116225005051774468386	0.0002457708598025467	1
113802698700440801129	0.00024549282216652544	1
101844212135827684637	0.0002452700216516333	1
109172579252779965823	0.00024526281043703963	2
104997133967898191946	0.000245031963686119	1
113668519646695234138	0.00024500181143985954	1
103563845026564251379	0.0002449801154755867	1
103399306196749854792	0.00024492445612359423	1
102547006613536519188	0.00024492445612359423	1
102954299088406600836	0.0002448440923071725	1
103675837714432044169	0.0002448440923071725	2
102678232580871935507	0.0002448440923071725	2
110128464632523776598	0.0002448440923071725	2
117889438134675945950	0.0002448440923071725	1
106301018704287620530	0.0002448440923071725	1
114753903659000677818	0.0002445599724629515	1
107977716805741655626	0.00024440926167294005	1
101274001614136198897	0.00024415751491559123	1
111605453307527339100	0.00024415751491559123	2
118042212623003495794	0.00024390296558984286	1
112724912920711708384	0.00024360488447959928	2
104252694326600334814	0.00024345828962642636	1
107958235893841067422	0.00024345828962642636	1
100797338494423464470	0.00024329503457109345	3
111103580087873045038	0.00024316881133806988	1
106134421478780095659	0.00024313490086340256	2
109119831446576437514	0.00024312106337314227	2
112182585059618167420	0.00024312106337314227	1
116482678969086562549	0.00024295289161421307	1
104657478409595996417	0.00024279772840226746	1
114386141665091216623	0.00024268998379555184	1
113610082347947024999	0.0002424641233572243	1
106343076106216895568	0.0002424641233572243	1
109287339691837148070	0.0002424641233572243	1
116514326057133618940	0.0002424641233572243	1
116792372745604536653	0.0002424641233572243	1
100682208282567283953	0.0002424641233572243	1
108955743087504282228	0.0002424641233572243	1
116521294829506787300	0.00024219479090332817	1
111679397809027750681	0.00024211590027908844	2
108176110447375456763	0.00024211590027908844	2
116532134820001731344	0.00024211590027908844	2
113062272534357656574	0.00024211590027908844	1
107250526277781298548	0.00024203440840250536	2
110431889348079598195	0.00024203440840250536	2
115297436970766307319	0.0002420047202553418	2
101358702588397934526	0.00024193393334425643	1
103694661428981645205	0.00024193393334425643	2
110482411110004479092	0.00024193393334425643	1
102950030202340342999	0.00024193393334425643	1
100072970604862086606	0.00024193393334425643	1
110470265450832313404	0.00024192549234568295	1
107759430831206713488	0.0002418861250633027	1
117681642113029976630	0.00024169718214922127	2
116721891784959552886	0.00024169718214922127	1
109452591608007875654	0.00024169718214922127	1
112868816439328294522	0.00024169718214922127	1
112059731897900940346	0.00024169718214922127	2
109295260144335661718	0.00024169718214922127	1
116506498996532718010	0.00024169718214922127	1
102108592058677806527	0.00024169718214922127	1
100522553683079944274	0.00024169718214922127	2
109771386145658295188	0.00024169718214922127	2
109525954787355877720	0.00024169718214922127	2
110626510039282695754	0.00024169718214922127	1
100155756903699645957	0.00024169718214922127	2
104307100525242739328	0.00024169718214922127	1
114650955714848419698	0.00024169718214922127	1
101808190791252013546	0.00024169718214922127	2
113376183190305231638	0.00024165974616388355	2
100708685194056878299	0.00024161609605373146	1
110547252033635612308	0.00024150359238551123	1
101524792693149342883	0.00024123454168573777	1
113359787324511162417	0.00024098138678313146	1
105029557570162269492	0.00024075130207061815	1
112108066053035410164	0.00024032521695873543	1
102082442105929786472	0.00024032521695873543	2
102645632991445356000	0.00024032521695873543	1
112090459983683475393	0.0002402669848662629	1
102265557694529529968	0.0002402296510291819	1
101307233425118898432	0.0002402296510291819	2
115448295853270037365	0.0002402296510291819	2
105124268726089630989	0.0002402296510291819	2
112820992851087072449	0.0002402296510291819	1
100119410836926240045	0.00023999279376600257	2
101369089172127093900	0.00023999279376600257	1
105796510966224231416	0.00023999279376600257	1
108839212209334619151	0.00023998727813897357	1
114498718324981447027	0.00023957407563613542	1
103545728235483013291	0.00023957407563613542	2
113607448419653874683	0.00023957407563613542	2
103296505842846642754	0.00023957407563613542	1
103892183642054299762	0.00023957407563613542	3
110434379320114574728	0.00023957407563613542	2
115383467633418250780	0.00023957407563613542	1
115491404557810141461	0.00023957407563613542	2
116146228537202984789	0.00023957407563613542	1
108988456003427577472	0.00023957407563613542	1
113178856217833259849	0.00023957407563613542	1
109887546635789294933	0.00023957407563613542	1
116775145645299920193	0.00023957407563613542	1
101112598681593526217	0.00023957407563613542	1
103287405391794422580	0.00023957407563613542	1
116130121726057663104	0.00023957407563613542	1
110512276219217419139	0.00023957407563613542	2
103882916643744456201	0.00023957407563613542	2
118109583432966566613	0.00023957407563613542	1
107549333934927233917	0.00023953814966575458	1
113512531377389148146	0.00023947360057788647	2
109875229156973791624	0.00023947360057788647	1
104816186556195179361	0.00023947360057788647	1
117870211515773644352	0.00023947360057788647	1
111792330978880480342	0.00023947360057788647	2
104220814133048200367	0.00023947360057788647	1
117184135797443379167	0.00023947360057788647	2
115361808285797509784	0.00023947360057788647	1
106358587377379078738	0.00023947360057788647	1
117637800495071831086	0.00023947360057788647	1
101303889386213623185	0.00023947360057788647	1
101032733928397082427	0.00023947360057788647	1
111965587544244871140	0.00023947360057788647	1
116579693552481494681	0.00023947360057788647	1
100339763251619350404	0.00023827071592473826	1
103297813705024566296	0.0002382461396785573	1
103962621757662775909	0.00023814357182465852	1
109475662353840122278	0.00023810654451609603	1
101572082410772911794	0.00023810654451609603	2
112542117482707219924	0.000237955818068458	1
109720884751489378266	0.00023786488419236547	1
105428039011253468813	0.00023786488419236547	1
105157542548683789739	0.00023786488419236547	2
104672759306987542364	0.00023765674193031538	1
115480140753487664847	0.00023765674193031538	1
109814014502035696109	0.00023765144995950517	1
103893065328984870035	0.00023752225756325254	1
108352059503568054279	0.00023742843493449064	1
117152039919202181354	0.00023742843493449064	2
116669347321559550013	0.00023742350704930137	1
111269426369197262244	0.00023742350704930137	1
109798508692550892733	0.00023734800214682278	2
109637373467758797102	0.0002366917771526631	1
110101438873544566325	0.00023668978109010944	1
100444609294422762099	0.00023666391667321937	1
110434880154787949291	0.00023666391667321937	1
101034181865927898683	0.00023666391667321937	1
114782799307660750619	0.00023666391667321937	2
100159335258440948332	0.00023666391667321937	1
100708802928480286540	0.00023666391667321937	1
112127504963745725733	0.00023666391667321937	1
104740604184327124238	0.00023666391667321937	1
118150477249067706718	0.00023666391667321937	1
100394432760346277483	0.00023666391667321937	1
107575124689664710332	0.00023666391667321937	2
104874015805443269594	0.00023666391667321937	1
113473166305818326968	0.00023666391667321937	1
102439334077695080711	0.00023666391667321937	1
115905359108467886056	0.00023666391667321937	1
104688816046272114104	0.00023615274310006133	1
105664408243220085804	0.00023608591310213392	2
100076658069077431930	0.00023606281364596198	2
114900100005029248034	0.00023559596901368338	1
109044013374303800406	0.00023522445654605822	1
112716498939198144931	0.000235178556064908	2
107153899732046384088	0.00023449040836728802	1
115401403904226352422	0.00023432464870112437	1
103635964038453437841	0.0002342035839068494	1
110492423428904170436	0.0002342035839068494	1
100136361695464992310	0.0002342035839068494	1
103703771476452012107	0.0002342035839068494	2
105783493010278540517	0.0002342035839068494	1
107644129381547595166	0.0002342035839068494	2
117910118194859420390	0.0002342035839068494	1
101189266985123168906	0.0002342035839068494	1
106247207487718658975	0.0002342035839068494	2
109990362291231111728	0.0002342035839068494	2
117384929839047971915	0.0002342035839068494	2
101851499261117231979	0.0002342035839068494	1
102129467544255885947	0.0002342035839068494	1
111931305960059519415	0.0002342035839068494	1
108255023916666991976	0.0002342035839068494	1
101851191299945434265	0.0002342035839068494	2
104128665436776870221	0.0002342035839068494	1
113194306799667844966	0.0002342035839068494	1
110544246822902843183	0.0002342035839068494	1
113676428412859827082	0.0002342035839068494	2
116616357814466905225	0.0002342035839068494	1
101101954296254414589	0.0002342035839068494	1
103548922712417363906	0.0002338812411799795	1
111839490781930485466	0.00023305750276545655	2
104733107622182396004	0.00023277657774691465	1
101288742019923331561	0.0002324727393897629	2
104179085082891052866	0.0002324410974909815	1
117652976647921896991	0.00023237276963538968	1
116375856632479966946	0.00023219370371730362	1
114602859742967042051	0.00023201428344706842	1
103439507147604851460	0.0002320061712553222	2
115380449898326451841	0.00023199840843355144	1
107618034387320633667	0.0002310940159558686	1
107351261482767961376	0.00023096536325582152	1
102242341219143505042	0.0002307599627130876	3
113811969226527592920	0.00022939620247994049	1
115532227761461995614	0.00022939620247994049	1
103262688558397955051	0.00022939620247994049	1
101059690900080060375	0.00022939620247994049	1
104719499059194745872	0.00022939620247994049	2
111752848693524486438	0.00022939620247994049	1
109613493667034102968	0.00022939620247994049	1
107791437000119146857	0.00022939620247994049	2
103179164532956504398	0.00022939620247994049	1
117029734280494623940	0.00022939620247994049	1
106686962638510298585	0.00022939620247994049	1
114357201792627048953	0.00022939620247994049	1
103944245494154919013	0.00022939620247994049	1
101088013406111598274	0.00022939620247994049	2
104124579875207669720	0.00022939620247994049	1
109242706408436149529	0.00022939620247994049	1
108521309978443918168	0.00022939620247994049	2
103778616888793825821	0.00022939620247994049	1
108802691645484177516	0.00022939620247994049	1
109641598228660172621	0.00022939620247994049	2
