#node_label	#score	#gender
111091089527727420853	0.016369386168334693	1
107117483540235115863	0.011671142827596698	1
101261243957067319422	0.011646172978121877	1
113612142759476883204	0.009658691873174361	2
113116318008017777871	0.009259040687862813	1
105421360534824524100	0.008059334946547798	1
109895887909967698705	0.007907121624087342	2
103399926392582289066	0.007823156860772234	1
107379489464447013340	0.007687281720165688	2
111538009015644508967	0.0075023375337900326	2
102178700954286324866	0.007371489568693547	1
100523784851251213675	0.0071291739348790725	1
106318111152683661692	0.006799174132028549	1
107982618909749811163	0.006629664471400036	2
103171849011748425097	0.006193524929996572	1
116805285176805120365	0.00597353088320797	1
108176814619778619437	0.0057575075252393765	1
104672614700283598130	0.005603859704499543	2
100974258168375166691	0.005574032259265553	2
118320665823821681206	0.005281172669540812	1
113117251731252114390	0.005131749479191624	1
101465854435804471513	0.005043127735185508	1
113166718268343560861	0.004966790256218688	2
116388668762198604003	0.004955503353074981	1
113801236315350503728	0.004923253952195141	2
114089069528015035598	0.004730189650652769	1
109581870574956225297	0.0047284728555690705	1
113247423264358423892	0.004679299770725843	1
102976465024742837897	0.004678056796888734	2
111048918866742956374	0.004670287618809804	1
108152252385291870699	0.00465340971303963	2
103233967921245494760	0.004455644446178598	2
108551811075711499995	0.004370656583986953	1
108894779805940659869	0.004187286995907294	1
108187577207608337534	0.004173584875241527	1
114979733565079457374	0.004169275783972887	2
112353210404102902472	0.004155633010372393	1
102533732658641069172	0.0041254717424204	2
100512649718649402368	0.004087597230228579	1
104973761519912571719	0.003983901722763607	2
108541235642523883716	0.003890600039946563	1
100300281975626912157	0.0038868692027641707	1
116214152295449083654	0.0038808442597962575	1
116394575739281318169	0.003870730106888964	1
110899709105002539146	0.003870162598354131	1
113882113745075873153	0.0038269233815758055	1
115121555137256496805	0.0038138346559816144	1
109174551750397653742	0.0037424669897971824	1
113544226688149802325	0.0037083904407230572	1
106176762220398854458	0.0037077034693735003	1
109351399938437494273	0.003675037143237735	1
107707592416977920764	0.0036337875658338033	1
105489064367742025310	0.0036163692421764403	2
107323726887023845557	0.003579289357821004	2
117388252776312694644	0.003549136568672394	1
114853458007065354930	0.0035283195164598014	1
110106586947414476573	0.0034665970559996286	1
102088173699409175139	0.0034084080331111305	1
109596373340495798827	0.003403982174340499	1
104233435224873922474	0.003400743673423842	1
115471815788264818704	0.0033888073505117695	1
114122960748905067938	0.0033789842046977243	1
114092052797730247075	0.003376049951217237	1
116973390574320264137	0.0033587325420895322	1
108172009599607363531	0.0033369625428500463	1
105216491640488683417	0.003327015432501624	2
102600774742322762226	0.003315114212421988	2
113881433443048137993	0.003312166362560097	2
102615863344410467759	0.0032965297157773786	2
100651621769656849775	0.0032915926039052534	2
117603418437094018321	0.003287374551546987	1
103493459351957813291	0.003265127970143786	2
111274793006011871823	0.003258883652213276	1
104857406109954440836	0.0032253395702159537	1
103068825327398983563	0.003218618830534452	1
108588076582379537686	0.0032165912499337846	2
100021025784352405813	0.003213515836799818	1
117378076401635777570	0.003182001513022284	1
116640923223897011110	0.0031785630974177836	2
113687916808174552540	0.00316900470094493	1
117344786984788205452	0.003168711741269912	1
106407963814165910213	0.00316285202283835	2
117059593834355077199	0.0031374358030153543	1
109345865429707844168	0.003124030516076342	1
105037104815911535953	0.0031211423594663204	1
116994020689123766958	0.0030732006052668764	1
117131320813354732027	0.0030725224277516642	1
103038287804535196503	0.0030632344918008836	2
114424163811716070551	0.003061930916047112	1
105574566053602019710	0.00302511415393589	1
100188557028585168265	0.003015814578086193	2
102002299339025067376	0.00298604146719355	2
100071403328735908465	0.0029500371671857826	1
108270712126515524163	0.002949200760530653	2
116354326277822099288	0.0029485814093504837	1
117283174365630308265	0.002947661288123476	1
111873853137122484021	0.0029292076306003476	1
103958441795544241153	0.0029067095297668167	1
117596712775912423303	0.002896946233361712	1
108384201920217141722	0.002891722333805148	1
113089996646628106127	0.0028869145170068392	1
116785581294120406864	0.0028771950257803747	1
110255709702147736441	0.002876344668220906	1
105275638908165446414	0.0028656618536203934	1
103159555629815965457	0.002854341378137319	1
110701307803962595019	0.0027977986191399695	1
104191514233385365427	0.0027932650370828026	1
107699711897781234810	0.0027667686940080487	1
100962871525684315897	0.002759038614051709	1
100258208745065110297	0.002757439317692785	1
102797953003564182378	0.0027371144829737163	1
109876467727174291780	0.0026939661840128105	1
101765416973555767821	0.0026896293243411757	2
113096993341203159664	0.0026570177510710966	2
106036588985851683922	0.0026457141016045286	1
114579585661410116649	0.0026431147870549726	1
117843617175570491498	0.0026398835182491137	1
103691312271671214670	0.002622577313442122	1
102218502614021519543	0.0026053879144131357	1
110981030061712822816	0.002601608100498712	1
114813729942739673295	0.002594499040875357	1
114468593663912084118	0.0025894732089142263	1
102538905206519918173	0.0025850747410534943	1
109216934655960242235	0.002561406087430542	1
113097851206100618060	0.002497810222754877	2
103333429938529668020	0.00249708839897376	1
110025177084709634671	0.0024921050828571817	1
103684974087620751394	0.002486919206276301	1
102314486331710415915	0.0024841034015336575	2
105400736676917752271	0.002483741629064332	1
102222722824849858928	0.002436770723403465	2
106215718640234782825	0.0024303963051605687	2
102420421725069396072	0.0024156480307065964	2
114848435876861502546	0.0024089619767830913	1
101057616370673656059	0.0023908114223160177	1
111215626086255858123	0.0023744227646318077	1
110379434263550065795	0.002370707570892276	1
115702306533209355625	0.002365119652381972	1
106123026171763346651	0.0023331831538594095	2
106075758531242552855	0.0023297825835765606	1
111935860955005881764	0.002329451252668294	2
106772544387169323774	0.002328443973978843	1
115150834179663036977	0.0023216095811427013	1
115020920324331583957	0.0023152327221110866	2
113797508378819391794	0.002309104262551439	1
108998673146368660257	0.0022949539930134017	2
101253318559331538139	0.0022847033103066397	1
107066609145001672622	0.0022684385976451194	2
102190493246946072611	0.0022680557204537476	1
118100898483063383963	0.0022560236157371212	1
105445338044186927815	0.0022246120553937503	1
101494804320126833381	0.0022210682528174394	2
115470071077898720170	0.0022158588684008133	1
101259445219481496562	0.0022152389939707282	1
101390634499212890400	0.0022121932933481967	2
118146622799388835070	0.0021974846220144334	1
109255183145564237493	0.0021919058324097107	2
105324761189549512199	0.0021893003806702166	2
102365188638805021921	0.0021811830686081805	1
108373054660269328912	0.0021707732909826373	1
101432770709896418691	0.0021695306110562133	2
113312804462990112705	0.002159811024980408	2
108842492591796792953	0.0021369617521332066	1
108770025895417156764	0.0021191003418170474	1
114233674199568482864	0.0021063235699925707	1
102898672602346817738	0.0020988156609658376	1
118245559326500322262	0.0020939711716730157	1
109960739367065180670	0.002083747810338519	1
108381946171530737687	0.002083320541840185	1
115957092291818573863	0.002079841072115943	1
116909590449750618084	0.002076035549133226	2
112652642866960214917	0.0020742615307793076	1
115085828077786850700	0.0020736601270070973	1
110391902515718223800	0.0020722186831763807	1
101269616518480136760	0.0020682246563012534	1
104109276791574356880	0.00206405297936255	1
100383526805651207186	0.002057287997033489	1
107534991451098430533	0.0020486634765761787	1
115829854934725647908	0.0020431367191486418	1
108797840083484244237	0.0020309958834533646	1
116382583917203110234	0.002019834955370326	1
101946159124570139670	0.002018126739738696	1
117673062930419636633	0.0020114722556749823	1
107656088609554509650	0.0020011579381932487	1
100415345527134852246	0.002000961391606022	1
116971095029701257834	0.0019968765005370795	2
102545931374877663876	0.0019899034680708055	2
106012471647090911983	0.0019756129120100515	1
102668364885894493476	0.0019733925056701265	1
110236707457506677404	0.0019725124937132075	2
100565385083793662565	0.001971450205604532	1
103519655975029093996	0.001970849277578653	1
110193533410016731852	0.0019636708001200417	1
115759821747220395406	0.001960913835966202	1
112448795483591020843	0.0019595261842717234	1
117783113906561198831	0.0019473839813080275	1
115788203615961124571	0.001940195331417224	1
108514823424774616867	0.0019364301235454133	1
109440206780255757543	0.0019321169572940806	2
113619286206637523955	0.001927828990914069	1
100349743543849719885	0.0019226434609104903	1
117198237302447279931	0.001922161884952063	1
117847265991358523564	0.0019210402279269487	1
113698589973698283456	0.0019112118598831696	1
117231658988287858700	0.0018996015304734285	2
117161825248312977002	0.0018982732035591032	1
112131480808552164740	0.00189174846229047	1
106526452034734966566	0.0018900148051465854	1
109734221326849566494	0.0018885300100867732	1
116638958379604473194	0.0018861108243278433	1
116916940622399669871	0.0018828123351913673	1
106471529425184452230	0.0018822248953916498	1
113868223889604820900	0.0018807691354633493	2
106749254706410187997	0.0018786134077895063	1
116979537911597592349	0.0018719698882912303	1
102315706662673946809	0.0018584165072111408	1
116792953962445337353	0.0018525022217843951	2
101861996949895074943	0.0018456712914787848	1
107296660002634487593	0.001837076043505437	1
104511933936275853523	0.0018367638887875582	1
114954712448394413847	0.0018330668203440418	2
108702243956983861993	0.00183261673055225	1
103739434091749997009	0.001830813851657038	2
104106591514117095418	0.0018292166780536092	2
102991707254553758918	0.0018199125491705657	2
103077697604541281766	0.0018109800687047505	2
103108014711273100895	0.0018012576653731339	1
112903919681703164454	0.0017982094809133138	2
115360504592641443999	0.0017660733723510792	1
112237116051768932507	0.001765669956836683	1
100120811686666130149	0.00176523357264267	1
100822674460181863531	0.0017638991554363025	1
110421807101712244643	0.0017594337869845486	2
106709392619461204733	0.0017434109516215593	2
104314192726025938964	0.0017420208123062504	1
104038699355103594931	0.0017382104949933547	1
110432694389891497315	0.00173431581787795	1
110765037159669773691	0.0017252392011321328	1
104061697717408696407	0.0017230602388376	1
110735228167430300745	0.0017210767992794792	1
110607703709700799337	0.001693761868347727	1
115855207434019427246	0.001681212673712936	1
102708650413674009100	0.0016759618162762225	1
114190131702195864447	0.001666979239266093	1
110933278795835298751	0.001663896258479162	1
107475311944047979978	0.0016568809114917362	1
107125656733807816445	0.0016551325353582921	1
114242552432938641752	0.0016475778695617185	1
111737932039524866299	0.0016459578952446314	1
100254540977147179100	0.0016380984595672303	1
111859777951689556904	0.0016355132919882755	1
112645687732726255348	0.0016317610307455648	1
107252020925742571252	0.0016236212194697531	1
117381651485941996132	0.0016180658668103834	1
101127986898473915473	0.0016178381577878626	1
108452231675410421591	0.0016163610493142282	2
102712302351237374309	0.0016077670113844788	1
102813831043289740662	0.0016034141334586756	1
117919852642990147224	0.0016023481274049175	1
111427232323640771136	0.0015989223766892857	1
104104126393959482852	0.0015822466917533775	1
102031891584065252757	0.0015811574035308486	2
109172813571934524948	0.0015732065889486784	1
112995526873937214223	0.0015728575590268057	2
104219386206797402856	0.001571224184537047	2
106176824286911921122	0.0015697775147532106	1
115670551051910544677	0.0015694817687732295	2
117807373507435100906	0.0015619325758471864	1
103263667465005102085	0.0015562238061090138	1
116524803477452213903	0.001553578398637	1
100192309543043196568	0.001542581811172069	1
103349500671075907258	0.001542520644555187	1
112009945208508693556	0.0015416318776833	1
113402608391165594923	0.0015367884376301963	1
100454410388149159869	0.0015275348854992166	2
110531791144266584660	0.0015203906726552916	2
114214914400880572406	0.0015152069916077385	3
113468937158877720503	0.0015116176962949532	1
112869004210157355587	0.0015101611385937661	1
116293310171313567533	0.0015061057336804922	2
117654727056982264425	0.0015045421095952276	1
102130162677679828120	0.0015038316411637596	1
107797841320768724118	0.0015024449289889764	1
116708037648384852257	0.0015023628258025192	1
117372819208023962159	0.0015006442140218187	1
114143258118639233629	0.0014990211011037514	1
118252980575617065782	0.001498788378234765	2
112062111838186908696	0.0014944629462955328	2
112133321375398608722	0.001475494080794452	2
113115642206299816868	0.0014702577285891458	1
100348624348633155177	0.0014569204513819921	2
114893639780295986798	0.0014557659431693052	2
115230695084310626614	0.0014529314535504947	1
103879449866823740478	0.0014496927107016232	1
117849865784260259648	0.0014476761412883874	2
114462881413457081964	0.0014414139153386425	1
109046012710650953201	0.00143173514636076	1
105851423593223682568	0.0014246283430875614	2
106098286123499266853	0.001405581365124078	2
104577477189250223067	0.0013973913300629897	1
118004598455842573859	0.0013910877022593436	1
115524614561398821346	0.0013887270633932461	1
104857187449120013195	0.0013876940988902426	2
115831773236070302803	0.0013873728608644442	1
108314259245584185142	0.0013850459626714047	1
117362037987288216670	0.0013834868353728939	1
110345156976813195439	0.0013824187818106805	2
102671508041800408592	0.001379920409205719	2
104757485423766041549	0.0013796075395143708	1
105666898900995457449	0.001378791648958236	2
108077086504877995438	0.0013777634555267046	1
109060858971449443782	0.001374683826592338	2
117769183950879842645	0.0013698896316899332	2
113647321147743262220	0.001360211919988383	1
102173349122411290580	0.0013561166755335832	2
113381483153888636532	0.0013553217752319921	2
113028930940007165058	0.001355250219980764	1
109519561451988889732	0.001350587479474336	1
108951561718961426210	0.0013490311851931539	1
117382011486018942265	0.0013469353493317745	2
110519684104194512717	0.001336101709453424	1
110484413619969864191	0.0013356594902965264	1
110891307255905847602	0.0013324996603801499	1
114701420583282435406	0.0013254328131993265	1
118309335059215853130	0.0013207579399617114	1
112567117703230042072	0.0013202478419569634	1
102543948831967474502	0.001320235452177253	2
112005390393978914665	0.001319807308767319	2
113718343049546470841	0.0013071217698990218	2
102083403729841612140	0.0013048645534219114	1
110459577947404556221	0.0013032981433534845	1
113378007425140451412	0.001298257747758248	1
100128548317862731834	0.0012961326062931365	1
107977599862212556523	0.0012953123208830632	1
104018805003766750720	0.0012860417189639358	2
111895120966094156464	0.001285502659227032	1
114109358033475557095	0.0012825720703099465	1
103989456549587984018	0.0012823616596005373	1
113896907556049130248	0.0012819038154286908	2
113930222475275223350	0.0012806825887996002	2
105692638750259943307	0.0012800921502610666	2
106310418483081420621	0.0012796372968098095	2
115376804135318461031	0.0012786860919874086	1
112135727624940296832	0.0012681433485087392	1
114455591105641967678	0.0012664542005899465	1
101541366390218456366	0.0012606951324581823	1
117876452096235489488	0.0012568662529231745	1
102819791782605527884	0.0012560536383768289	1
106879194845001761220	0.0012556594415384708	1
118390716977984534480	0.0012556594415384708	1
100306044844136349193	0.0012556594415384708	1
113764396326940917667	0.0012548170110026464	2
118335302974104408634	0.0012531081716953426	1
111172562319644899134	0.0012487785188682354	1
101404928335199641114	0.0012485464412473823	1
100774518305015384670	0.0012468183749576515	1
113989994225911747111	0.0012459522161079953	1
104369934272293891974	0.0012437668230527116	1
115980471287554790307	0.001242371812373937	2
116286807521280121863	0.00124046998228827	1
104656452630415095782	0.0012382424125446487	2
106811565349655732470	0.0012363530899715813	2
104156719397280448257	0.001235019504486772	1
116544087389809130831	0.0012347149029840298	1
103311768943033199199	0.0012340891194092068	1
107676463685366770978	0.0012339983543163038	1
104533077532962855796	0.0012310860177384298	1
115703917640913850498	0.0012295290940932322	1
116890407093456889987	0.0012261530569781188	2
101796490131624322941	0.0012222423245116106	1
115045409965027013717	0.0012217407697368474	2
118337959785760721399	0.0012209880514233392	1
100425119632011475995	0.0012203967345698896	1
101437751032945528477	0.0012186195205790029	1
105775628132710237206	0.0012169470284843268	2
116337470434095717442	0.001216543660039525	2
102462853374754572299	0.0012160519143738558	3
106575276876674290385	0.0012078340889712792	1
114695334124582719710	0.0012067625433118407	1
107054321638555210469	0.0012067625433118407	1
114368106061706726515	0.0012067625433118407	1
106619154533758300805	0.0012067625433118407	1
102716388127870897058	0.0012067625433118407	2
112548999069402829035	0.001199933037806532	1
107840978289262359823	0.0011970384674756807	1
107434498986931444930	0.0011935927806678696	2
106286885010724221758	0.001192805464551731	1
103226907226789753873	0.0011920856352222477	1
109596170915348219992	0.001190582749137953	1
108913146943579525206	0.0011856075781473032	1
112811650518962267774	0.0011841908899096361	1
116220525110856958463	0.0011769406149263635	1
111400959842258953309	0.0011699728067978215	1
117316850201733763208	0.001169094586199354	1
111084214529236373664	0.001166094491864859	1
106102881391735500840	0.0011641548732827323	1
117078264534583185021	0.0011640419239055508	1
115384468116506981355	0.0011637298049035	1
103948723845752555481	0.001153150159200493	1
110892014084964045585	0.0011499627475676825	1
104520811572029249010	0.0011427374810580445	1
100889945475960007655	0.0011406203789279036	1
107779107277926120562	0.0011379042085135416	1
109809644783665410178	0.0011309502223490373	1
104177624626230339382	0.0011304116851195858	2
115670311195469449491	0.0011264019078289402	1
113471153944297038699	0.0011222397501969958	1
101856118924648953200	0.001119447541362608	1
115433517041416103157	0.0011173160310909884	1
103430354793980131606	0.0011138205305854072	1
107346107194264868065	0.0011133552892856906	2
110850864210187814958	0.0011101821346804568	1
113639919662287102368	0.0011084786387137579	1
103522804084140047509	0.0011043487599489683	2
105196825912716326473	0.0011016015372980218	1
103321866318624837746	0.0011003623621603869	2
114241688322712655466	0.0010990964712528591	2
107023968066182778968	0.0010879673460399727	1
107271494288463441112	0.0010879673460399727	1
112750865229910173029	0.0010879673460399727	1
100410202515978983347	0.0010879673460399727	2
110311761486247143551	0.0010879673460399727	1
111160737535765886764	0.0010879673460399727	1
113774929879562589040	0.0010879673460399727	1
