#node_label	#score	#gender
111091089527727420853	0.005845265729050692	1
106189723444098348646	0.005374440397276113	1
109813896768294978296	0.004695010412482775	1
113116318008017777871	0.004321958012085271	1
107117483540235115863	0.004275533324448079	1
112063946124358686266	0.004228147690493434	1
110318982509514011806	0.004009964381376363	1
109895887909967698705	0.0038883772370588935	2
105237212888595777019	0.003839397539046173	1
101849747879612982297	0.003838995569797605	3
101261243957067319422	0.0036329706010729606	1
118207880179234484610	0.0035829954679134843	2
109412257237874861202	0.0035733949379478168	1
106306945062511966344	0.003468763372462584	1
104987932455782713675	0.0030804957794866366	1
112844561713780016118	0.0030400644517946606	1
107379489464447013340	0.0029918233153362114	2
112374836634096795698	0.0029844719645489423	1
110286587261352351537	0.0029617381841393893	2
105076678694475690385	0.0029428385793736017	1
106419400577988151299	0.0028581169217932953	1
102034052532213921839	0.0027868102556020302	1
118122556596388698587	0.002766245516758959	2
100535338638690515335	0.0027549334306562405	1
108314566646156840868	0.002739610992298034	1
108176814619778619437	0.0026830098166914845	1
116478618781099942956	0.002557960097797975	1
118320665823821681206	0.002472192735319184	1
111310990991240556038	0.0024098866133321533	1
114274687956791581923	0.0023692203224880116	2
108551811075711499995	0.002223781090512233	1
113117251731252114390	0.002200601542579174	1
115360979797396777969	0.0021938442260903087	1
113686253941057080055	0.0021225475375270335	1
104672614700283598130	0.0020609273449588867	2
117840649766034848455	0.0019850412480371536	1
103389452828130864950	0.001941129178012859	1
111538009015644508967	0.0019325584149221847	2
107234826207633309420	0.0019206270354062073	1
106717946845088683921	0.0018777452180159973	1
108159551615224338529	0.0018542022881331446	2
100974258168375166691	0.001851523423531178	2
102976465024742837897	0.001847295275282408	2
107771181372242547518	0.0018414461873642106	1
112726038360301567381	0.0018395195166527266	1
115471815788264818704	0.0018311091282621418	1
114536133164105123829	0.0018297394041453465	2
108189587050871927619	0.0018199648610255966	1
102600774742322762226	0.00180864450044432	2
113882113745075873153	0.001791227690885595	1
111898652807602476145	0.0017537495248104796	1
113801236315350503728	0.0017461278815862355	2
103907806627406122152	0.0017352312214334621	3
102130134230678659802	0.0017307898520127415	1
115150834179663036977	0.0017298696958736788	1
105046530334806680420	0.0017151701467649203	1
110260043240685719403	0.001705440590493617	1
114324572122696049251	0.0016968891480959166	1
107982618909749811163	0.0016875740062711388	2
111499908439497508351	0.0016840113738945755	1
112707199408484711520	0.001678973304881667	2
115404182941170857382	0.001657284278510585	1
104401637908742572060	0.001651289673019364	2
107968787521028284191	0.0016018484817468363	2
106792630639449031994	0.001594424148321409	2
116214152295449083654	0.0015904593480396472	1
113920526057233976680	0.0015901561029949326	2
101700774683735545259	0.0015874814049935408	1
107026299993226528916	0.0015836779489335237	1
100623276740673202144	0.0015833512562171033	1
113247423264358423892	0.0015783791029721581	1
107520568772200234207	0.0015704494215041426	1
105216491640488683417	0.0015556130209275366	2
100124389520659251191	0.0015369147747057994	1
116805285176805120365	0.001512440587303226	1
113604014749807165723	0.001508609720350375	2
103541694080221120019	0.0015069403157440065	1
116594199576805510790	0.0015010510645508909	1
104233435224873922474	0.0014941094721551314	1
116040565882702717981	0.0014912617656995387	1
113455290791279442483	0.0014885466942450363	1
104484219049883711215	0.0014873060693252923	2
100854202666064752024	0.0014792246219924852	1
107952860247100178402	0.0014660754625176685	1
112339769006469685593	0.00146247391480591	1
100397511207083609950	0.0014452878400718337	2
108676018775025201061	0.001441587415997661	1
113186623583029971455	0.0014262272183862925	2
100193529331792590881	0.0014240934086515093	1
105017289267741004914	0.0014156067940919192	1
115433922731197691351	0.001413239107368824	2
105489065160959389675	0.00140849380278674	1
118107045405823607895	0.0013930850177295605	1
100888456528983634308	0.0013681150226290202	1
114245534338887342709	0.0013608506437312999	1
104612091113514802664	0.0013580182023993515	1
114089069528015035598	0.0013509454147337023	1
100989890516996368581	0.001346350543201892	2
113097276181543898574	0.001344577079486149	2
103657273522882559635	0.001341813172006896	1
106378908153930162657	0.0013209505599582438	2
114685727151899977785	0.00131317231386381	1
108112557629934458248	0.0013069478132944185	2
102615863344410467759	0.001305632880410263	2
103399926392582289066	0.0012857680515941374	1
107543460658107759808	0.0012831064415317478	1
113165622704612371637	0.00127463719391322	2
115695578304416858659	0.001264611859366111	2
116374117927631468606	0.001262982844333787	1
114153859732710523651	0.0012581504799023405	2
107132728918987466211	0.0012532695054757073	1
103618543375127073102	0.0012455832936540097	2
111873853137122484021	0.0012416779146635667	1
114979733565079457374	0.001240397095541853	2
109817489744930804252	0.0012384127455662348	1
107833107845497630206	0.0012358289160612104	1
105421360534824524100	0.0012313237522623686	1
118138558441870375270	0.0012276227722074972	2
117621573067728774378	0.0012258752729730517	1
115121555137256496805	0.0012214190458295251	1
111525232773075792188	0.0012163808861645042	1
110544037180447481256	0.0012112967702586545	1
112027643833060705750	0.0012081766184996031	1
100512649718649402368	0.0012011907803297075	1
108583368340157326167	0.0012009601656429694	1
115514397255079403751	0.0011942971152120417	1
113751353481962008916	0.0011898785042814355	1
112326867483489579883	0.0011893458530326567	2
103784452522248646050	0.0011883552279510208	1
101111725148957537937	0.0011872867484833622	2
110262685796612839062	0.0011861793440221364	1
108384201920217141722	0.0011847191234558452	1
111453882641238259246	0.0011786536229091873	1
115504455695105344602	0.0011784398294153084	1
116992221479414639679	0.0011776637326452039	2
110899709105002539146	0.0011757854562498686	1
105943946099362806788	0.0011752717973547906	1
103346465651662997626	0.001172269743037419	1
101567641239571518754	0.0011619458569789311	1
103390491619249993911	0.0011530386629429405	1
103300363750121441954	0.001147091203931134	2
102373191596205712937	0.001144788572937784	1
100519732800711456724	0.0011362104241021435	1
109140277806644720261	0.0011174732095519434	1
105959547924565834291	0.0011141032191073106	1
102393079978161767132	0.001113456726805145	1
109193674823031718540	0.0011000638621016876	1
106445486315230745362	0.0010994624166120143	1
110720576611232766643	0.0010991562106248375	1
107383157816966336384	0.0010983264305125192	1
102944610657154936062	0.0010925043494125462	1
101562076353371698615	0.0010923922654176312	1
108952536790629690817	0.001086159865767038	1
104482086818095930400	0.0010761899479762099	1
111832530347449196055	0.00107283291265862	1
112599748506977857728	0.0010723199787038605	1
102781315536557513596	0.0010684317482494365	2
107323726887023845557	0.0010662500104960293	2
107602882044753150398	0.0010651304162949849	2
106501936839371135482	0.0010560085528801455	1
110023904208758175742	0.0010540767623508046	1
114236604403554541461	0.0010531325097019794	2
103533326117556337218	0.0010451601136496629	1
105336425684208963598	0.0010450588393331873	2
117861338670157326726	0.0010410979419526929	1
106674561143088442070	0.0010391184039762727	1
102201037788053891943	0.0010389252531659262	1
108303074811335210925	0.0010356993264222063	1
108202274299391625681	0.001035368199538434	2
113524745665911089922	0.0010343174985320504	2
114618043230336563405	0.0010301225255791551	2
111288574156818690676	0.001028217357562547	1
101765416973555767821	0.001027725008904962	2
106202342569754356867	0.001026413374979752	2
115045409965027013717	0.0010263841661579827	2
105037104815911535953	0.0010247436611259268	1
114992496631413071283	0.0010182180980586645	1
110550388302096651962	0.0010134396152130323	1
103952215474318614668	0.001011862471929602	1
104605946488794124557	0.0010106724063309452	1
103438332263642514693	0.0010057100364883672	1
110701307803962595019	0.001005109129860188	1
100410707280503831839	0.0010037067538193494	1
116444778202433288162	0.0010033325063880851	1
117291172056174753422	0.0010000276751064663	1
101465115988730184640	0.0009923614565235206	2
111637781336462698926	0.000987968922216177	1
111181389036901378787	0.0009859755992081025	2
114480095884024488890	0.0009834720288885105	2
111048918866742956374	0.0009834593926186677	1
115314704721793037922	0.000979927827134676	1
108541235642523883716	0.0009794798785848534	1
106133480923323663427	0.0009793456445293667	1
116650745275442197132	0.0009771274955628843	1
109063677351482544705	0.0009714670690415781	1
102377882249382281108	0.0009705860754442023	1
103333429938529668020	0.0009696767537099451	1
115739378269261680935	0.000969465680185839	2
107066609145001672622	0.0009616171379066659	2
112395984886882740302	0.000961174443922348	1
117916903811396964681	0.0009589603034381962	1
117748891678858207829	0.0009586417587164976	1
113210096909000624337	0.0009581934124215045	1
115023338901292822064	0.0009577714495543372	1
102273612307748864639	0.0009576003216734702	2
111849853958320770663	0.000955099713415859	1
113164038788726940319	0.0009527860005756224	1
103765013042311928518	0.0009441837570744345	2
113271433504869081420	0.0009430784764709275	2
107775570898613149579	0.0009403485179025633	1
107707592416977920764	0.000939263394535056	1
112747214663771011162	0.0009391620990991746	1
109342148209917802565	0.0009377552075213305	1
110955367467241342189	0.0009350675673822637	2
115603053165546989681	0.0009336078846621293	1
105852091541941306153	0.0009334151646517213	1
103961844764405899604	0.0009307679093879132	1
112528443699803395789	0.0009288584790166824	1
117344786984788205452	0.0009269850168940479	1
103633046005352612514	0.0009245964028518376	1
110946985980737716867	0.0009243984195675011	2
103958441795544241153	0.0009211877234363893	1
117350989957881101918	0.0009207131810827896	1
111318868687919410142	0.0009200258927824798	1
105248484118148978714	0.0009183375962310345	1
106176762220398854458	0.0009169275889213677	1
117283174365630308265	0.0009165332587556477	1
113252623131591435586	0.0009161604380153933	1
106289562822644692555	0.0009145514990624067	1
109213052653037315302	0.000913139715024829	2
111124930081935539248	0.0009122433223117287	1
108152252385291870699	0.0009118325665924147	2
115253927511928365244	0.0009091058779993206	1
117841284165024027243	0.0009085756552335057	2
108594512957979246960	0.0009079983325255896	1
107047796519061210494	0.0009065005930115718	2
100342703577899262613	0.0009056621310552105	1
101357807332902480720	0.0009051706428256208	2
115570939558790629700	0.0009048521469740599	1
111719533163202900131	0.0009038080562764132	1
113740853558817252575	0.0009019706780646597	1
111714769899525603342	0.000901812872292141	2
116640923223897011110	0.0009003782557234001	2
102469951620293509326	0.000898968310582658	1
114399570243387179751	0.0008974572947120256	1
114468593663912084118	0.0008971394790650525	1
114424163811716070551	0.0008967913098796202	1
116420972797550666132	0.0008967249605770797	1
100095245926948995335	0.000896508842462517	1
117671681554027824039	0.0008958521518998817	2
104973761519912571719	0.0008954666945385792	2
102253290774628015973	0.0008921264036206112	1
111299594167177765377	0.0008896055247684142	1
114092052797730247075	0.0008888781359066048	1
103894566409656204843	0.0008877886004016366	1
111923578555541250439	0.0008857512146461001	2
116973390574320264137	0.0008832427293632403	1
101962829696981365403	0.0008821622275540217	1
108094760132961329912	0.0008783378981755975	1
109923941665874520762	0.0008730781054031179	1
102528718122061029071	0.0008711198990390877	1
111759924371065234455	0.0008701139530522483	2
108326489456269305532	0.0008697012569190215	1
102989073624322904979	0.0008690263243319017	1
107742059751171695340	0.000868657842318537	2
103917575093663288276	0.0008684470600923471	2
108255062489504226785	0.000866881967136278	2
117488363539668429055	0.0008626605906359613	1
110378953230340021029	0.0008621142507557219	2
103030116155431184588	0.0008604486165271395	1
105354532715798223299	0.0008600751508268575	2
106246544664397857089	0.000859302379751013	1
107784212140893392732	0.0008592548307383866	1
106073502505833617615	0.0008539023829550546	2
105545068944703206621	0.0008524576786058956	1
115031545528816193813	0.0008475932952441545	1
105144963864645396987	0.000847261052602241	2
105006381068870463173	0.0008418544633861934	2
110981030061712822816	0.000837263044320485	1
115121110877145330939	0.0008344138952571527	2
103857459148999991693	0.0008343476387997664	1
106823517506360530941	0.0008331789115303417	1
113718269858549593079	0.0008321545630810014	2
105279625231358353479	0.0008300826166593568	3
105557455807840102230	0.0008295576783889635	2
104607825525972194062	0.0008286868675235842	2
110497909365801371707	0.000827272792905255	1
117245298692605482770	0.0008267141994544766	1
105489064367742025310	0.0008258812107140105	2
117649341079857293408	0.0008248319046141061	1
102958145054444947691	0.0008246742121746104	1
112375731670409469973	0.0008240177294460559	1
114568014800313483795	0.0008237216457353418	1
100223929118047634462	0.0008186902026097277	1
116811819019557849663	0.0008172262429142095	1
102720795410809837526	0.0008143141010221046	1
102199777787314348675	0.000813751379067158	1
112564135762572403710	0.0008126015638219789	2
112104208434798636101	0.0008121473464936381	2
102222722824849858928	0.0008121113466705757	2
106533248943352121512	0.0008113639123633144	1
100651621769656849775	0.0008089469234364001	2
115918125306643310533	0.0008043355660319088	2
113751283404152316115	0.0008041608527069028	2
112353210404102902472	0.0008037745861014097	1
107650451991930674897	0.0008034025903576487	2
112026058728255591897	0.0008025405938298468	1
105369174761745247342	0.0007983531186932902	1
110318709616045782634	0.0007964404456233608	1
113881433443048137993	0.0007955994938777431	2
114407290472947588380	0.0007951928961952771	1
105551989431666449555	0.0007944877760295434	1
115755165932700408992	0.0007937178596120093	1
118258847595972123892	0.0007912231398898781	1
102725109790365996602	0.000790908470878388	1
117131320813354732027	0.0007908005721979048	1
114853458007065354930	0.0007889042345370423	1
114428401458138152037	0.0007882671616154276	1
103049373110021341267	0.0007877677390449569	1
107945426404682361496	0.0007875549321720637	1
101465854435804471513	0.0007815956180268219	1
111562638514922412630	0.0007815202414405382	1
108490791507069410168	0.0007787878679248179	1
102681409209964326686	0.0007784177992173251	1
115239440745127890908	0.0007766636864695491	1
110352049954858592591	0.0007759990513437598	1
107677082468419952947	0.0007757300663609262	1
115143234371607892983	0.0007721921620290214	1
108729164162563480433	0.000771430806195357	2
106944937071175006401	0.0007707334525865781	3
114820480752300993890	0.0007696516528625057	2
114839987215772761647	0.0007671599578113427	1
113345621158656129639	0.000766562709685522	1
104000421967098138420	0.0007633121638344901	2
105284909171916066479	0.0007625358294649545	1
107642724975085424064	0.0007623083475873689	2
103563373067616413839	0.0007603855956401449	1
106393478695568433143	0.00075726530947655	1
118227548810368513262	0.0007558276920978036	1
113805478630918777008	0.00074714006923695	2
111672213320663226648	0.0007461764901889251	1
106086121009771648314	0.0007458275639734056	1
115270351257026959175	0.0007443966440548605	1
116166660014087779586	0.0007439673334413762	2
113067760031784364231	0.0007438014493734314	2
102090995491094543233	0.0007436515882768561	2
114122960748905067938	0.0007421658805011057	1
117657137420162434975	0.0007419170109581776	1
106281380030295054166	0.0007414244093364442	2
118301801570268856235	0.000740066128697376	1
115949235079382739229	0.0007350165947264575	1
103074474198131988698	0.0007324339462478148	2
108187577207608337534	0.0007308422649242184	1
113041693148251706037	0.0007303962653770151	1
115655034901162574758	0.0007298670797242088	2
100324344386832834483	0.0007280148975715942	2
117950453145750849911	0.0007279544794578199	1
108588076582379537686	0.0007257377072221222	2
107163456468259616199	0.0007249844854345881	1
114989358912013434555	0.0007239202465166021	1
113096993341203159664	0.0007233746751261186	2
110675631915894844542	0.0007230224775877456	1
108019033324839035992	0.000721509924736786	2
117603418437094018321	0.0007207304938583577	1
110532983418913074480	0.0007203388343060906	1
111811097894909948082	0.0007202100867495948	1
118189632042502811468	0.0007201991697527907	1
113456203738507213575	0.000716556645735501	2
103625305650782852673	0.0007164401852264857	2
113437116355441160563	0.0007144946692867076	1
109280367858317936895	0.0007139928940500901	1
110962949352937565678	0.0007135497126513908	1
115287954709608826730	0.0007117652566343202	1
107252020925742571252	0.0007114964278467487	1
112448675882451236231	0.0007099213447035169	1
114489276586542400632	0.0007097268448598636	2
111901001454469020963	0.00070898254539618	2
113367609333589754250	0.0007088485743081173	1
112032230546743091127	0.0007045753295761247	1
117596712775912423303	0.0007040588034548693	1
105792165101564727726	0.0007026890022845203	1
102420421725069396072	0.0007008427457248751	2
112642573356460292505	0.0006994928435683741	1
117059593834355077199	0.0006989686953904476	1
102002299339025067376	0.0006986524222624365	2
103471751605471219081	0.0006963595128939685	2
111058843129764709244	0.0006955238936134645	1
103685740157136493702	0.000695509355513151	1
106795916614100659420	0.0006944835770796148	1
116917864033830936795	0.0006935202034047092	3
102817283354809142195	0.0006924984911124859	2
112448795483591020843	0.0006916195356985919	1
103609242313555707641	0.0006911465251870437	1
111378435554188237250	0.0006909417806662843	1
101218371689622128361	0.0006878926060075569	1
106036588985851683922	0.0006869182319126418	1
103547101416445539717	0.0006866048428948065	2
109876467727174291780	0.0006855803075254056	1
114242552432938641752	0.0006855516897221524	1
114814212106593672891	0.0006854552837218815	1
103038287804535196503	0.0006848751462217743	2
100188557028585168265	0.0006840811090701282	2
105875140491203787369	0.0006839874119854733	1
117733415952407247601	0.0006830930905017328	2
116143340835822342380	0.0006828892321378722	1
108721466183079531495	0.0006823406760632664	1
100221584345513662585	0.000682088980625834	1
106382433884876652170	0.0006820057091127762	1
111996409013825587891	0.000680833237648033	1
114579585661410116649	0.0006806894236144872	1
107004843925454095805	0.0006799131187708468	1
113687916808174552540	0.0006776899406440811	1
106407963814165910213	0.0006768553635994013	2
102445178009578982905	0.0006766021229403425	2
114803894551548417361	0.0006764592112970852	2
116728402282375523924	0.0006755899706311164	1
105572534153651755821	0.0006744983792575765	2
110738151335431124658	0.0006734637181640636	1
106517092226488584705	0.0006731055691926986	1
116863730677849618682	0.0006728082691054656	2
103140137391526341351	0.0006717789940598336	2
100584443531788315896	0.0006711762511471692	1
106404810469216097186	0.0006710786782363115	3
116947906726568301788	0.0006708989797577206	2
110573952887886961621	0.0006705868311237478	1
102139893878450083466	0.0006701750516523348	1
106736592653655008454	0.0006691909596967682	1
115135005437142391944	0.0006691752804433532	1
102218502614021519543	0.0006685703603583285	1
111707273404757375952	0.0006684164705469148	2
103546981939364425829	0.0006670081407778908	1
107736922941118705751	0.0006663349855943745	1
109240065582501674240	0.0006659472077148239	1
107656088609554509650	0.0006655449033856182	1
115910379058188297789	0.0006642478425505415	1
113102862520765968586	0.0006615692631577099	2
102233812699949768553	0.0006614730608559832	1
102314486331710415915	0.000660733900025685	2
104577357381178665210	0.0006601602132029853	2
103746586135522517511	0.0006597316482751135	1
102518571087840972824	0.0006580162887738546	2
110893326269022263700	0.0006574514053780188	1
115403856867272859027	0.0006555797250775357	1
106002545837976723927	0.0006552381129674362	2
103636214904400746295	0.0006548959357561784	2
105237921709043602191	0.0006530722909835436	2
104179323350489956912	0.0006528424362124729	2
112623472504525712527	0.0006527971930874459	1
107082593606402385292	0.000651859226467207	1
103276466601625146310	0.0006517336426912408	1
101269616518480136760	0.0006507112134404801	1
101241183982769454084	0.0006492165607800814	1
113531415437983740096	0.0006477723128542008	2
110394599356932147330	0.0006453885041413717	1
118321989430962111396	0.0006444688421042928	2
117351313985462821495	0.0006427569744854481	1
103135699585421857716	0.0006421032139494427	2
118233019308203333391	0.0006419126712592756	1
107101208158314368393	0.0006408960530248308	1
103483946223213592002	0.0006408607382936157	1
109596373340495798827	0.000640771350895405	1
102538905206519918173	0.0006406481968218359	1
115830710841393348970	0.0006395254469193472	1
108945615972564140630	0.0006393492393210739	2
109014398008509103105	0.0006391748008153308	1
118147897097670149361	0.0006387508331023042	2
115106448444522478339	0.0006382868139198838	1
103850326109556474629	0.0006377916694722598	1
118246412183062133215	0.0006376599368060432	1
116010686988761119371	0.0006341178325604187	1
110379434263550065795	0.0006337566664403173	1
113797508378819391794	0.0006319634348905243	1
103212167104566683799	0.0006319123968883194	1
111973012122832065397	0.0006312865901955688	1
110012123643219804319	0.0006305592783796611	2
110581693083408452344	0.0006299589104198498	1
117139907586011263319	0.0006299321337948369	2
103526484929526914389	0.0006292931865904798	2
114290287257273830582	0.0006292198030561744	2
112328400736625440895	0.0006291405408804513	1
118297780429110098708	0.0006288971040833773	2
101305776875945822989	0.0006258573366872554	1
109513130879037590733	0.000625778771295911	2
116254680175588639092	0.0006252432402989038	1
116591395329428378476	0.0006250031050135995	2
113424222789153728067	0.0006248007136673457	1
114228869493885222559	0.000623948806519113	2
116272478094873453203	0.0006231711144188615	1
102618047349606277909	0.0006220694172920686	1
106312460282195708926	0.0006210314421443595	2
117673062930419636633	0.0006186215764371441	1
108884357052099541036	0.0006182759719659248	1
103301136819033869558	0.0006181362019506018	2
110709982674874192300	0.0006181273140691728	2
100125012078853567494	0.0006180151724519489	1
117977048706833677185	0.0006177857443494145	1
103046205364039460215	0.0006170487609915016	1
104730969284048173235	0.0006162159022518991	1
100605864222557374608	0.0006148785593097321	1
107496519574681170790	0.0006127510075271414	1
111831478459732211063	0.0006117913488852845	1
117697379995591819341	0.0006115749754697789	1
115971553634517134434	0.0006108902187626545	2
114813729942739673295	0.0006108053803538997	1
118336139840053353940	0.000610081268764372	1
108215644829092784557	0.0006091759750224718	1
113816490961622062438	0.0006083310929937543	2
103036608814734002706	0.0006080075737585052	1
104748703648593159544	0.0006070678358756482	2
109345865429707844168	0.0006061479631003174	1
112759714536392308749	0.000604692336542876	2
107738139256801286421	0.0006046842546269162	1
113575196046614822984	0.0006023923738356983	1
116541152567955767643	0.0006020969605743876	1
116354326277822099288	0.0006014325951417222	1
112190617751214940106	0.0006010723565949422	2
106123026171763346651	0.0005992914837617306	2
117935044221178217921	0.0005985052141022015	1
104883301041308726636	0.0005984586529198903	2
104487223275138277820	0.000597694088031705	1
116601386475273901307	0.0005968297227469619	2
106018807891386594468	0.0005968033456297489	1
118255443655389705915	0.0005961302746045874	1
109598700629535139005	0.0005957588529839989	2
110839867176526013157	0.0005947342430822184	1
105390485883966445268	0.0005947070608530933	1
113754283359377615013	0.000593869953899149	2
107828564012543852080	0.0005938520415859684	2
117752870486619693120	0.0005938079004928445	1
116170685268890575820	0.000591614210895333	2
103382104376608349418	0.000589363585604834	1
110551962994651225464	0.000588919083733106	2
101697775213251991950	0.0005887090271754869	2
112838793483606070770	0.000588271757554967	1
101860196362440819368	0.000588160785392291	1
105324761189549512199	0.0005874262254706215	2
111215626086255858123	0.0005865677797175851	1
106534614709047283662	0.0005864882075053425	2
100258933461856349896	0.000586429232783119	1
111052763823393209492	0.0005846327730254149	2
102225207181125422398	0.0005846192588261684	1
116370594386531550315	0.0005845229013824433	2
116992234810067730471	0.0005837862817736833	1
108482743103405304468	0.0005834982281374471	1
108500933169069069530	0.0005833878532688081	2
106808688302434879780	0.0005826778642879543	1
102068278386523520498	0.0005819573245699719	1
105471037104731246079	0.0005818421109685156	2
110328255737860258925	0.0005818292586777016	2
113664406921737357882	0.0005813684939539815	1
101062235821996561929	0.0005809801812889697	1
112879841470105543012	0.0005806405470987327	1
112506923444042812138	0.0005792283866105613	1
108387669730511244394	0.0005788976674171943	1
111049895175261158696	0.0005780935100249359	1
108270712126515524163	0.0005772167020682787	2
103363342114971078869	0.0005771156468743227	2
105988102646379717467	0.0005770554962717064	1
102496577203990741245	0.0005760464918250721	2
107503785514599474585	0.0005759179464725516	1
115029186078239273995	0.0005752906628677192	2
115687178185726009185	0.0005751823868019974	1
118146622799388835070	0.000574835465997198	1
112016573893269448710	0.00057457902238322	1
102898672602346817738	0.0005743511295855581	1
102001801783373863286	0.0005741345827224792	1
110592217550794732321	0.0005733450527344703	1
117861130689100294843	0.000573173060900252	1
101180112918691810491	0.0005728628712568674	1
100581124425105869336	0.0005727999838081937	3
117260336597119077984	0.0005726114691759847	1
105365868178570492752	0.0005724227262929808	2
107388672059653159649	0.000571758927874936	1
101872053529554144345	0.0005716499461620514	2
107112192270189573201	0.0005713867133002794	1
102219475968800204884	0.00057093353905874	3
109018224010056005635	0.000570365427837277	1
106539835304510344813	0.0005687922608449557	2
110145431558529252718	0.0005681942343286096	1
108584805279585306962	0.0005680856519289897	2
106724181552911298818	0.0005677895557434018	1
103684974087620751394	0.0005661411689143037	1
106526452034734966566	0.000562830494329693	1
100790282343650757296	0.0005624483547178585	1
104080295569386047512	0.0005620952438475545	2
109268388872941447574	0.0005616131697722491	1
111921583367634816674	0.0005594151889760936	2
110262635231675893592	0.0005592439106966827	2
116557534554714204180	0.0005583476784408348	1
108896556048763968559	0.000558314427975344	1
103159555629815965457	0.0005578704345286223	1
101683039849030383098	0.0005560912334342683	2
115854718917136776953	0.0005554762722590922	1
110549739567411012555	0.0005554681878856138	2
112556116937810165913	0.0005551518973028874	1
106532709318061274779	0.0005551091757705168	1
111548137920489485631	0.0005550983811391217	1
108855200241623204226	0.0005550859203190187	2
106561109017642956441	0.0005546008369487677	2
112754494243408214081	0.0005537071856458459	2
110255709702147736441	0.0005536351095953602	1
115524111646752962689	0.0005528456123351842	1
107534991451098430533	0.0005525865593354023	1
108861135112380527338	0.0005523444309572358	1
104282453580753584553	0.0005522170086258958	2
103898842865878862553	0.0005511822443978538	2
107538503004482952974	0.0005509275339711287	1
107395795129791787754	0.0005509059010864203	2
113677165628421053943	0.0005508785682816148	2
114655329471228854758	0.0005505180012528516	2
109039350117108726412	0.0005502754966057234	1
107120385844936556531	0.0005485691167818809	2
109951598646894290458	0.0005480693157604514	1
108380566121631204068	0.0005478489783478113	1
117346082139912035758	0.000547671357095462	1
106480281912084125797	0.0005461807658543119	1
102079555934063753024	0.0005455441902339741	2
114851353700596680885	0.0005448324171531295	1
110342840788640082538	0.0005445563289062406	1
113865293495574490805	0.0005434674517308376	1
106107925365647314226	0.0005430938570752399	1
109130886479781915270	0.0005429881125643015	1
104799160568450312846	0.000542946646160248	1
109121643567830483591	0.0005425456249457542	1
101450717666048201249	0.000542537788095148	1
104119608064940163872	0.0005425087268958721	1
117149101099765677901	0.000542380122417414	1
118436603545188854136	0.0005418451675371103	1
110020210793200048119	0.0005415483700439319	1
106979953766473365245	0.0005412577231066532	1
117555990096315491864	0.000540780268781411	1
104050123095171815400	0.000540466805585957	1
102001774674190160714	0.0005397663081933815	1
118369384868249491237	0.0005383692092361455	1
113420422244530728570	0.0005382177886101921	2
112365820314826728239	0.0005366402794864459	1
103929313090037971278	0.0005362439432754171	1
100348624348633155177	0.0005359302396791916	2
114131994632283189651	0.0005354270897871768	1
115037313319624350537	0.0005352091203210883	2
105508660898837488930	0.0005350061782124266	2
109548897283539543798	0.0005348790755853043	1
102835412008947310524	0.0005338862852050248	1
103788918112635947241	0.0005338248702126405	2
117231658988287858700	0.0005334349854471829	2
105474544524715065767	0.0005333790893807667	1
108316366145145424476	0.0005333717378449634	1
114617510344703462620	0.0005322637533247449	2
116046131107486389598	0.0005322293608908355	2
113677133587948721156	0.0005320430009392036	2
112011605270017123101	0.0005319526638150873	2
103507319847335351139	0.0005318981705415599	2
116578912732054998959	0.0005309120293294484	2
107929058219244229246	0.0005308877840720333	2
104061697717408696407	0.0005306918975519171	1
102285954355508747800	0.0005303311966492786	3
117902660405170807504	0.0005284285330817586	1
105026630819824298577	0.0005283855204011271	2
109283060277675352322	0.000528052327719191	2
107349307374942155906	0.0005280435994008986	2
117958363368979774542	0.0005279553923599337	2
116315897040732668413	0.0005277954135292493	1
102334968495719786473	0.0005277358059994925	2
104681313125038107957	0.0005271880701143712	1
117910049731484591864	0.0005254311924245314	1
100500197140377336562	0.0005252809743757689	1
103907915631843308004	0.0005252758561151464	2
100186938589206311054	0.0005250669427437217	1
117690673854187012438	0.0005247196654622696	1
107126665887970596868	0.000523730374512115	2
107022061436866576067	0.000523145685006673	1
101023852178007414194	0.0005229833706585711	1
107616808726317233513	0.0005218341041216491	1
105481930047290102912	0.0005211496506971629	2
115516171542271021123	0.0005210384701923891	1
113387268363968644500	0.0005208621589172837	1
101201103250916208004	0.0005201884514614437	1
100519211618371091173	0.000520185988727741	2
101670592154326222488	0.0005184842043106661	2
114848813706147638795	0.000518009590008637	1
102460637835826609177	0.0005179236589814881	2
108960343477388551490	0.0005173134130711683	1
110183603506146850232	0.0005169270288198262	1
111335922737520302374	0.0005163698435862269	1
107291158434082397409	0.0005159186643168725	1
103637162978776725632	0.0005149560309121175	1
106872062155728669579	0.0005147997130568461	2
112352920206354603958	0.0005143195690142542	1
100008438047495460295	0.0005142088711163955	1
111090889118700110346	0.0005138982389874776	1
114535734825389534681	0.0005138484613627158	1
114896892290324391860	0.0005134354067935955	1
116169862173728406534	0.0005130250829794319	2
109854304647212696025	0.0005127189725553831	2
111423518441737569143	0.0005125761405202628	1
111633725541752229957	0.0005125400580646848	2
116197382080202583137	0.00051214886275533	1
108413247499481325229	0.0005117071553701165	1
118294284292094030196	0.0005116125020410923	2
102669161318133687366	0.0005106213212697667	1
102668364885894493476	0.0005095085536979581	1
118206624959654382880	0.0005091280897235845	1
104328553869453938019	0.0005088349462270325	2
115039844663765920471	0.0005088159783894822	2
104663248622614087256	0.0005087907634881493	1
101432770709896418691	0.000508182261038087	2
111060030077135962736	0.0005081502628017323	1
117152472443323112644	0.000507503468919046	1
103027567090587497421	0.0005061414825095808	2
102221445169419687784	0.0005058370270871755	2
106902761958791232663	0.0005051699138804508	2
111227574151447599461	0.000505064788120769	1
108144430629893821152	0.0005034519333735056	2
105540241924141497089	0.0005031294114068424	1
118352967741838205430	0.0005030327510778779	1
107138096600153587623	0.0005025417562888618	1
112444894894322397484	0.0005010998811873733	2
114971699207761245061	0.0005009694624633615	2
109083209902337691886	0.0005006276208688309	1
112184451810673992024	0.0005003434366482296	2
100745794858597764045	0.000499802887208265	2
116971095029701257834	0.000498919805326617	2
107337914180558387820	0.0004987966174274826	1
104750041678566059477	0.0004962943504326507	1
107413791879412831567	0.0004962498825514742	1
104679291009390571146	0.0004955144004923847	2
101252271355699391585	0.0004947397374981951	1
116732850440342660490	0.0004945627279485087	2
116113014152499702246	0.0004936748751443293	1
109965297061987347924	0.0004936548537319542	2
108400276125913558601	0.0004936191421533013	1
113406825594571237890	0.0004932642231623512	2
103903198087988193655	0.0004932070836711427	1
116293310171313567533	0.0004928696033149098	2
105259605759214369744	0.0004924589787869501	1
115087934048348184516	0.0004922429153130291	2
109184740723838956506	0.0004912998133805855	1
112005390393978914665	0.000491245469575525	2
118120364585932387777	0.000491085411133473	1
110592901375855113619	0.0004905689812451477	1
114908847203028092210	0.000489917002386555	1
116229616134152031538	0.0004897536800890757	2
100269984923783138938	0.0004896143907263837	1
103993501170783813460	0.0004892006713626687	1
103618862132298404107	0.0004887045782903167	1
113001073761536909453	0.0004885441878511881	3
103770531046791651608	0.0004882784291191164	2
116825083494890429556	0.00048801950277496675	1
112728852089862207616	0.0004877520774143828	1
109682939969680363210	0.00048746192988410755	2
107632266259008580069	0.00048741779793616145	2
115829854934725647908	0.00048735017558798073	1
106851256198255577581	0.00048720838586348015	1
100969232856312001330	0.0004870888232028366	3
109420348171622152415	0.00048681805320923636	2
113725376983705456019	0.0004867692041340715	1
100679131071077043250	0.0004857712317974135	1
112028666405582179625	0.00048565259073859925	1
106313493644744559056	0.0004851634607530879	1
110391914546305008874	0.00048491420968607636	1
102627418873482927781	0.0004846931344929937	2
111821994480810693219	0.0004844814630541244	1
109078435392061340539	0.00048428216923111555	1
109533441517984298838	0.0004836797208663064	2
102863738190878180013	0.0004836427453030877	2
111737932039524866299	0.00048360287848852354	1
105959556064692599358	0.000483598600192078	3
104867148520425189911	0.00048312847550024615	1
100639194299914291215	0.00048300216585108965	1
112776394804213099516	0.000482623029603731	1
100042105400303837110	0.0004824827087031136	1
103519862018798239865	0.000481742957528881	1
107546451810310474592	0.0004810894646734811	2
112903919681703164454	0.00048077690869571127	2
115574618126479084852	0.0004798465213610464	2
103614891582957065589	0.0004791375499803838	1
111920649327427068114	0.0004774076123794673	1
101958740448590546857	0.00047656866432384395	1
102509001585800157651	0.00047617245173443243	1
112855886072993423409	0.0004760708219764222	2
113255240335204167235	0.00047487535133589515	1
102349987850176560760	0.00047434866248027884	1
114822401067576646327	0.0004740324790489253	2
110169221310171686233	0.00047355172152025127	1
110831145427311371794	0.00047342242181518324	2
102315706662673946809	0.00047321749581034987	1
110765037159669773691	0.00047317467958830873	1
100264010813126229552	0.0004731367832197052	1
116889019895385244422	0.00047267273175006683	1
102812690971906116539	0.00047262115138836956	1
106586168933694820159	0.00047250837629481395	1
110792797923527485789	0.0004714589928381953	1
104345801144381868824	0.000471169252129926	2
103923700544970826249	0.00047071366074182637	1
102742028493810109611	0.00047048118240460295	1
108797840083484244237	0.0004696837068689746	1
111796848549651843088	0.00046895448963452525	1
109747793098916934740	0.00046871766140625464	1
109501436364165187027	0.0004683571896942079	2
110282828938803516298	0.00046817116090124846	1
110295844480825936400	0.00046788284289698553	2
114133424228405038490	0.0004675516190841642	1
112014621079188744847	0.00046683718077663287	2
117551356312534460354	0.00046668694468501545	2
109088229817689076273	0.00046596163114700313	1
108719090649071657338	0.00046570841441742107	1
117946039047831876431	0.00046513949905647225	1
100872876956795042185	0.0004651119508338761	2
105649174431529384296	0.0004645924999012712	2
113411651446816733455	0.0004641899118996383	2
108772200278976934119	0.00046320021105517245	2
114963335823650717178	0.00046279144013601514	1
115526648727451857630	0.00046253703629416505	1
116160773148292111951	0.0004618845165603104	2
114503806689722509896	0.0004610992719210207	1
116569643508850916988	0.00046106443029093094	2
105963804556453504833	0.000461006747923006	1
111965797444949805325	0.0004609636019127992	1
100017055036544458646	0.0004607995134152807	1
110192912711569207284	0.00046064753737767535	2
116550909178789460578	0.00046062603033197077	2
112047805398947513196	0.00046055333110196924	1
103697774730216910679	0.0004605192126748268	2
114744510189908480227	0.00046005654145932315	1
104371031769782497887	0.00045916210831367286	1
105470844763554977589	0.00045910792133346486	1
117804484225868285854	0.0004582618090294306	1
116963236140044523988	0.00045789463276846103	1
110715095928031808700	0.00045769074804632493	1
107098955698070709587	0.0004575917413514102	1
104531828804862316762	0.0004573566892078989	1
112854092012261332436	0.0004571440676147628	1
107123713400808531788	0.0004566013776885209	2
114072878373860296419	0.0004562061001153342	1
117420368760274729369	0.0004544152244593371	1
104457994442783581478	0.0004537752936182428	1
116935226633911874035	0.00045376816666340336	1
106153171662335758496	0.0004535839057421213	1
113913583772851182259	0.0004530945504884727	2
101502443101885979172	0.0004530675829637543	2
104659048493255209828	0.0004530101110501487	1
115581741580011137066	0.0004526199414414142	1
112460361944526645003	0.0004524434216360781	1
115020081348374234621	0.0004523508030616198	1
113391309485836037152	0.0004520734807611797	2
112332733042266989698	0.0004520674407229372	1
111622368408812273098	0.00045065086800748054	1
110806755301520450833	0.00045050188732238794	2
110149804655622279740	0.00045013900394245287	2
118428285615500919023	0.0004500919720704758	2
112141931042568948106	0.00044862037482665094	1
116638958379604473194	0.00044846985279405516	1
107895589408692326451	0.00044820095448311423	2
108605439219077191895	0.0004480942536318935	2
116718369761749893139	0.00044777686820789717	1
109915901462911322532	0.0004477105583265606	1
100438721742151441706	0.00044763064422014833	2
108506215796250496456	0.00044755717332203143	2
118130821798863756144	0.00044748337927709436	2
117906457028030551127	0.0004465429474020767	1
114002457157846233540	0.0004464220175383417	2
101861996949895074943	0.00044603815973430657	1
116130450559157224410	0.0004451202872285605	2
105859070951290270749	0.0004445900955990953	1
109411406785201484035	0.0004445047108489471	1
100152754393360938972	0.00044430368028762447	1
107665939201638457855	0.000444164870813692	1
110738178351405818606	0.0004439018821411197	2
107554392786806012173	0.00044360261876461813	1
113146799877690470424	0.0004435504117482378	1
111050672546250921180	0.0004435006371070611	1
116554523167086525967	0.0004425881273017131	2
117840012428228798888	0.00044217092643373276	2
115766444879111468623	0.00044206338713042724	1
106653678649405633861	0.00044133454786253836	1
111234552344495202201	0.00044096739364157074	2
113328277517141736187	0.00043989430677565243	2
100132815412082402248	0.00043977410952974983	2
107267095722524064779	0.0004396601511788485	1
109741767490735743500	0.0004381502132333733	1
115070473523300821204	0.0004379301150358538	2
113158586769399217075	0.00043784752921452246	1
106458554244835260890	0.0004372413190135938	1
102645532385014073041	0.000436598286949014	1
101718390566554974815	0.0004364946319203385	2
113641354088554800188	0.00043641899590542046	2
112549269161282868590	0.00043619806486748655	1
117276352059064507547	0.00043615098214356196	1
101101053534911967906	0.0004355339526066753	1
110983216869631462009	0.00043513367944706565	2
104441415299714065572	0.00043467315160130226	1
116774709566587280072	0.00043451363472473195	2
111459727273148077705	0.0004344017001115953	2
113082126848885774249	0.0004336487042151633	1
101311645735585775899	0.0004328287662327939	1
116037398056634075517	0.00043198904444620326	1
111470372708267909845	0.0004316610084072603	2
106880894893281296113	0.0004315720970658855	1
112613093816315021818	0.00043151888314881166	2
106743526356104154802	0.0004314687906526417	1
109721495924719504507	0.00043023398214331305	1
107439296467832903946	0.0004302033605311222	1
110668479729372555286	0.00043003738278238205	1
116076186919541013139	0.000429749741188389	1
116244751484241690077	0.00042965874791057627	2
117198237302447279931	0.0004295760813921456	1
117833449406552045212	0.00042890041996845245	2
106594021248846012322	0.00042886318817438377	1
104932441955983306721	0.0004286517151293838	1
107523861508796892997	0.0004282969788708411	1
116636748458958160068	0.0004280659798841192	2
117287523098373414196	0.00042737548382266793	2
106956977736353271405	0.0004272086756276941	2
113472184832544483745	0.00042650811877348717	1
105342739123790797620	0.0004261602336857732	1
110255737428907780217	0.00042559871663582974	1
105828335594316527207	0.00042542326779543673	1
111728406669030632184	0.00042293345871708126	1
112645687732726255348	0.0004223689020902661	1
109893938013298835602	0.00042226312614423306	1
102130162677679828120	0.0004218800972761325	1
107375322906605680039	0.00042104828521229436	2
106962901393110437619	0.00042067835971571063	1
116755735817743378338	0.0004203889012467492	2
112380861379242468878	0.00042026955416553824	2
115586898390417250687	0.00042002655187068467	1
115945372843047058818	0.0004198556594061404	1
115728458120419023779	0.00041951994926713075	1
103739434091749997009	0.0004195143278754223	2
101270841777853012207	0.00041916032622697395	2
103739686836221835119	0.00041906991899814743	1
114007962711375573185	0.0004190125134892028	2
110531791144266584660	0.0004176022344456194	2
112198627258727043899	0.0004169836946743131	2
104948325982930980597	0.00041687570150134414	2
115431520075465106885	0.00041665956230357636	1
116759049068317449856	0.0004156772473874892	2
103458799146473674235	0.0004148152350088736	1
107495447687213723367	0.0004138920770445399	1
102026767069561610206	0.00041274936408707214	1
108122951942314673896	0.00041267839020572665	2
101872015774361781592	0.00041145530766828085	1
113093598958600969183	0.00041101347788848996	1
107519330729825296482	0.00041067966317676383	1
109414049565374366512	0.00041065323546662013	2
101291254282326702480	0.0004106530358631092	2
114188216603728208646	0.0004106002529765218	1
112989230977997139774	0.00040890416029292816	3
116319627715742877481	0.00040876523186200096	1
109024466889972977078	0.0004087301083138499	1
118073857442509254484	0.0004087045498172542	1
112553675138070217168	0.0004082444982265274	2
107317834415489961554	0.0004080345240736264	2
113381483153888636532	0.0004077002684147547	2
101570646809005971534	0.0004075784540756728	1
100948037421828558360	0.0004075217966377253	1
104373996402012587042	0.00040741576839986435	2
104018409979015812249	0.0004071233314375276	3
117889637050142878732	0.00040686557069865485	1
102645204215549659944	0.00040667752522459617	3
102328436589025225443	0.0004064296450267999	1
111531011712549890791	0.00040610837140775044	1
116497426323733343074	0.00040579508654773277	2
108842492591796792953	0.00040551727009405757	1
104515053455533706984	0.00040537104466258967	2
104027218792812194992	0.00040522484586450564	1
106500517318873656493	0.00040353569764860474	1
100068145730356623940	0.0004030587753213353	2
101900299178799457829	0.0004026278518088234	1
113878519978828324792	0.0004025968349491986	2
104660764126247168270	0.0004025044361548202	1
104286363725914412325	0.0004015710809849324	1
106073211098821794850	0.0004014352480464575	1
109236580877596744501	0.0004014320524145209	2
103163712079389164338	0.00040065134208607477	1
107660875906928406568	0.0004006412610269716	2
100816124262290445063	0.00040042220181931245	1
100194118853015427382	0.000400229836051757	2
116912646346388238768	0.0003998619394925812	1
106729842247018888072	0.00039961112357361127	2
110828670835957136050	0.0003994524666348237	1
103437839290856017977	0.00039901622968697336	2
104516819846796601045	0.00039812824977781083	2
107179201944176343103	0.00039804763651627795	2
110111510059204475260	0.0003979586400137187	1
114889115344305545677	0.00039751150356421124	1
101611714527832584931	0.0003972559405045903	1
115730807221904022645	0.00039717608128979223	2
109870972371295881074	0.00039710652079629914	1
116472363297290737047	0.00039696567867126463	1
100383526805651207186	0.00039647737303256545	1
110735228167430300745	0.00039636895580158536	1
104857187449120013195	0.0003963467889279984	2
110838250952802427542	0.00039600453432214007	1
116974033728914311325	0.00039523925506597586	1
105556833582563637310	0.0003950779359177585	2
116537563395405682216	0.00039374595116033	1
104142754390088344306	0.0003936776070594755	1
111281085749624650475	0.000393397997027215	1
110807748106301476611	0.00039305382683307047	2
116581478643467215892	0.00039286930895343804	2
108673786817313474516	0.00039261297055782077	2
106526233332260100853	0.0003925891452898839	1
105149372392469422435	0.0003911059695718797	1
101127986898473915473	0.0003909888324793261	1
117919852642990147224	0.00039096142867004456	1
118177166106747864591	0.00039091604136220527	1
108663073800768509940	0.000390649593625727	1
110508570226436873940	0.00039039059779455464	2
112703323488409728264	0.0003894322896307855	1
106438827693773849118	0.0003894019887100359	1
100310603107345408155	0.0003893755124304834	1
109535796187747067101	0.0003892736099342597	2
108392504208314197482	0.00038923892592097545	1
108660184952722259169	0.00038920961641553803	2
110323990716948783431	0.00038915781008882924	1
105626183847851485682	0.000389137775234338	2
109260134318465845876	0.000388559229187292	1
101605847972545296297	0.00038846860461945736	1
106736823093426899851	0.0003883599654518735	1
110913621188271830512	0.00038791688082411284	1
105051985738280261832	0.00038682811673854914	2
116845533997042633083	0.0003866882209346035	1
104414646264873234939	0.000386331723666919	1
113081506638830554414	0.00038629706191607683	1
100029155361912085711	0.00038611989131796554	1
106099900352946839113	0.00038606240904110075	1
100994657620984789503	0.00038599592706000307	2
106581449983074168940	0.000385734155316169	1
114065621067504569673	0.0003855615147279505	1
108961403889829901542	0.0003851396305862938	1
100770198156262445157	0.00038512089854152474	2
115376804135318461031	0.00038464229435806086	1
105496065140915063217	0.0003843840132842724	1
117516012507608645090	0.0003842008249166421	1
102530873327833368994	0.0003841101568732234	1
106471529425184452230	0.00038356284957223385	1
110607703709700799337	0.00038292066116740064	1
102750343066382220924	0.00038257829124794027	1
112464385220852441782	0.0003819651185002984	1
112877910704052264989	0.00038180993530552627	1
105434340493779534137	0.0003814935361941979	2
115601680394653074259	0.0003812428545599074	1
109043804130056015419	0.0003808568939673918	1
110417116927521392783	0.0003798721250778273	1
115329226963212625435	0.0003794460327648392	1
106402850684051126748	0.00037911349460872766	2
103441445293352388059	0.0003791036349524525	1
104249175041927427607	0.00037840119276312333	1
105339054769017081162	0.0003778892423753612	1
100545888235193447374	0.0003777381425850696	2
100975580950154393662	0.00037751498837883566	1
117888860379667170672	0.0003771015600423949	1
115717892107037523817	0.0003765801272544602	1
114135989092199123176	0.000376577988514833	1
101318939195205392285	0.0003763658977573532	1
103051421661953778407	0.00037627348999106237	2
107771531222021787266	0.0003760046258144826	1
114753496995891786832	0.0003759526880820584	1
114642622308615236787	0.0003756379076026634	1
114297827847868585824	0.0003756180205421374	1
106083714307384944185	0.00037530690554213005	1
101801063324490856814	0.00037473361326752474	2
100581198744805120322	0.0003742446814605937	2
100941266751440211155	0.0003739720301105085	1
107062060983542330610	0.00037373409178515773	2
102901944253441290498	0.00037297999819399096	2
114728245424310221692	0.0003720740342010718	1
116182046833529036082	0.0003719060416023849	1
109302113674484082484	0.0003718471434719727	1
112968305388793808815	0.0003714637453815609	1
107023475113646570269	0.0003714603079384621	1
110435295545366323990	0.0003704251024512911	2
103068263997909352712	0.0003698941392039183	1
102321373525880560392	0.0003698091169731188	1
110194299440140726703	0.0003697046541294389	2
117946646542772316942	0.00036968143583094296	1
107180995614531146994	0.0003695294190446325	1
106618717445377547837	0.00036951142455667	2
113110689101676873117	0.0003689494555063408	1
109821038180443243017	0.00036867804802782444	2
100051691779523403652	0.0003678527173577275	1
103368866189680641933	0.00036752703855752217	2
107753552544179958164	0.00036729605671582835	1
112961527663845879073	0.0003672397212023276	1
111355895099122965371	0.00036723729397658756	1
113924589090135670273	0.0003669739272059722	1
117812416337165490346	0.00036677016657375	1
102122012748196677489	0.0003667161043679484	1
108090299739421355139	0.00036617957293722013	1
115489498904281734573	0.0003653959612852292	1
109206112446829801615	0.0003653933014137463	1
106094933863365925193	0.000364919922475618	1
110514503441802354869	0.0003648357741551835	2
110192976726456451625	0.0003644163627291233	1
117944255792788034101	0.0003640226648996982	1
104546878095894843869	0.00036361279784539145	2
101354187406071300822	0.0003636021315577185	1
112567058389379897606	0.00036311175901611336	2
102646558793832096305	0.0003630154015624745	1
112456278022585520068	0.00036291772238445036	2
118117334978421992071	0.000362700243917358	2
116189561998155818550	0.00036259511447370364	1
116992283782428251847	0.00036209703506663614	1
107586096651212130469	0.000362023593149602	1
109139639454066616071	0.00036167718172374925	2
108670958264831247483	0.0003613829069776823	1
113665746717087158140	0.0003608975890604314	2
115300701195356425023	0.00036000317663416537	1
101935995649723391317	0.00035983605083864643	1
117689417145181059475	0.00035968453687600056	1
111875665525715264606	0.0003594216132841672	1
102826652809724883705	0.0003588158264149768	1
112269533742014561750	0.0003587564859801384	2
105455090881879814009	0.00035874694620672166	1
111679645452844346991	0.0003586135319371076	1
101621231384574702962	0.00035806240878024666	2
107330958066873658316	0.0003578985894467936	1
104204331916057864710	0.0003578470264338255	1
109931117392620460235	0.0003577548961172153	1
116037095013339186742	0.00035748704886635256	2
118121768117852811734	0.00035713361583340574	2
118066818975852193948	0.0003570902245804197	1
104253374162112952095	0.00035700638229918405	2
113883274535945670622	0.0003569238855686536	1
107156755577155979497	0.0003569012887942382	2
112194378486168016853	0.0003562750143828275	2
109432498811971933342	0.0003557872077270583	1
113976860510847272707	0.0003557642468402509	1
103020087355939742123	0.0003556712497494226	1
115792812685025548090	0.0003555260738100427	1
114279510179117392107	0.0003550562028386164	2
117048902459555283676	0.00035496185379801134	2
107996829699391498824	0.00035463442098564483	1
109731666173059832409	0.00035460389251319355	2
115847501615706314382	0.0003542404758512927	1
107399243715599955904	0.00035394154245397766	1
104287251281519615992	0.00035370928210702644	1
109063483052735719193	0.00035359292114300005	2
103310218316548260893	0.00035336828594595394	1
100934380959521245889	0.00035317347633802493	2
107626506696622378005	0.0003530569915768533	1
104245209766042196395	0.0003525091577354885	1
117353660349845808660	0.00035176798971870874	1
104686686230341021217	0.0003511832922816063	1
113196424825102961249	0.00035063183055706655	2
114459654738061491522	0.0003506255904830657	2
106709392619461204733	0.00035057132618129176	2
102712302351237374309	0.0003504706092888497	1
114338420656089286567	0.00035018893072162594	1
103550499181678168853	0.0003500995968111035	2
113626519008671921974	0.0003500189780044235	1
109206587809241363984	0.00034971285690982306	2
105435504866522495019	0.0003492922422024861	2
110952485589898275618	0.00034922508268618433	1
103691436372574870084	0.00034919858124924557	1
113515017444319608173	0.00034863967684640784	1
105747056228240259424	0.00034863014607316973	2
117216033587803854436	0.0003479790098399381	2
113048458403086916871	0.00034787619023214276	1
108238852414509837749	0.0003473905674189135	1
117331349553511512178	0.00034733433081062003	1
109838381960700452907	0.00034694760433902035	2
115940511630531767202	0.00034688285694710173	1
107880310323937367562	0.0003464980931804288	1
111509959619736677567	0.0003464018073417953	1
112687311582982179031	0.00034606882208112273	1
117298410055998935548	0.0003458814007464918	2
117612501033972223750	0.0003458478319089019	1
112974082547153331507	0.00034582839467623533	1
116304516937206181280	0.00034582213481954195	1
100611315501759022972	0.0003454981223270909	1
104472648636466535471	0.00034523643151523805	2
105008168545839250749	0.0003452354154672032	2
111895120966094156464	0.0003439548992689311	1
116376299637999803639	0.00034389337555899944	1
109518328768098946778	0.0003437790014494964	1
113783097189413350491	0.00034372364142532273	2
102087787386068033603	0.0003435831890547079	1
104312101745348855122	0.0003430705749130003	2
111782441178386081773	0.0003429193407662419	1
115881945528388500647	0.0003428965128422723	1
116412147235752808523	0.00034282915330929463	2
110360567681348950228	0.00034270377760381584	1
105074634286185557612	0.00034260164971422865	1
110086596628382069809	0.00034246475897918224	1
110318861168574736733	0.0003424076857635327	2
105147693407301094271	0.00034215869079981515	2
103116561520554241791	0.0003412963383074725	1
104364547339874244431	0.0003410511295227246	1
113530521408605236047	0.00034095402340755766	1
112317150952376065749	0.0003408982873281158	1
109328786239358436773	0.0003408786735981312	2
105493081640219878951	0.0003407697464637982	1
115670551051910544677	0.0003404002208290857	2
116690254018721718695	0.0003401768877922047	1
114385776048024218999	0.0003395408763015145	2
113043096998476800290	0.00033945752933511094	1
109452949873475779897	0.0003394228038171163	1
104894006540398879413	0.0003392779215729081	2
116416080778326730709	0.000339110345924567	2
113806608794238498289	0.0003388646701865753	1
100345329484639766661	0.00033883948013838463	1
110327927473855794849	0.00033870677910380955	1
100618599873162525277	0.00033858661643719874	2
109322383637704271125	0.00033848126747567324	1
108141110098021829094	0.0003384152645981856	1
113532122411683099264	0.0003382594035135686	1
108623241107635805071	0.0003382233620561192	1
100057071538809202180	0.0003378810711889772	1
117639069649985890632	0.00033787448435795305	1
108049289346754238722	0.00033753515649099207	1
117087402937869787406	0.0003374401681666997	1
104863859643346885734	0.0003370391329743425	1
111903356769415643161	0.0003370187804859296	1
103811986080200855963	0.00033701442845106213	1
106310418483081420621	0.00033679356003318335	2
118154533067529270847	0.0003367769835048443	1
104778353019043232500	0.0003367367904542938	1
109578540472909919101	0.0003364024757674239	1
114081857853799789185	0.00033638567822499334	1
112827841926665336567	0.0003362186482371517	2
106742376536094015872	0.00033611386010408493	2
105772184918019707931	0.00033601680394240783	1
113896907556049130248	0.00033600713799814333	2
115912014509582860095	0.0003356748252126245	1
107702092326160887290	0.000335372298613479	2
105583244128605964001	0.000335365155516635	1
112325758177811548294	0.00033497816908936153	1
101102096251405670356	0.00033460072757669854	1
103838296886567465457	0.00033450031471915856	2
115250637332832082661	0.00033446365280927323	1
112400684421235030921	0.00033441028342651	1
116840240328153558143	0.00033437894974192375	1
107432405990306059099	0.00033436615721516656	1
100612998680943733338	0.00033428625418995933	2
109691887575129556779	0.0003340805834659064	1
114393702004749953015	0.0003340746326077644	1
100622502206917250723	0.0003337396706629834	1
117492358198790907880	0.0003336649871190208	1
103912692648389663190	0.00033362834755529985	1
114044967620421598228	0.000333366978532876	2
101315793093022443753	0.00033320657386689905	2
111363408492125942951	0.0003329019949380375	1
112247203025001649619	0.0003326465192002146	2
107889816939032412666	0.00033263360320235713	1
108980742613825144744	0.00033228149765074713	1
117370659306066821697	0.0003320237738160746	2
113728490623204305376	0.00033175958280638783	1
104139478042326678050	0.0003313662712687806	1
110593787288610887218	0.0003313085997883265	1
107910474143076296890	0.0003311328872244142	1
112458713098744435239	0.0003310419744735389	1
114926619267807921344	0.0003308878574767367	1
101036901083818649080	0.000330862323452344	1
106346103000894582144	0.00033083243769769805	1
112174039767189541081	0.0003306867447804557	1
106078046193665051986	0.00033059411030594843	2
111258992634637082336	0.000330259481407011	2
111195838733454098219	0.00033025796520402064	1
115970504272079730559	0.0003302190917710055	1
113587150957584324479	0.0003297710141659593	1
110464871801965858778	0.00032902895511160166	1
114516649244445618938	0.0003288262057727579	2
108846313016120398406	0.00032877529783393694	1
117341707474372920628	0.0003284984326518408	1
103109255748499422052	0.0003284467818981835	1
109487948423595812904	0.0003284166808773685	1
118179770539178787238	0.00032827660981967746	1
102881052914977050318	0.00032818261778555085	1
102287469036218621421	0.0003270149519785183	1
111071268551800734278	0.0003267529967259773	2
101263157824637311327	0.00032630690380334006	1
101960677455555878042	0.00032598461122428156	1
116272678334257287914	0.0003255323921032743	1
100396099482901901578	0.0003254431151256615	1
109229445552438690221	0.00032498503876836115	1
101050496195208471720	0.0003243753431245539	2
101757560980174712178	0.0003242076616833045	2
114263839225430127265	0.0003242007871954184	2
105511573099505229375	0.00032394323961775466	2
112928796157153543442	0.0003238225753738573	1
105753149639102037615	0.0003236674170484549	1
108916479629109647274	0.000323663059153926	1
109765074314342933278	0.000323634020297497	1
100441405885050682977	0.000323581053448125	1
102669925369002527521	0.00032335985505629915	1
102671508041800408592	0.0003233043366420992	2
111666976040493059703	0.000323293568448726	1
108953650503600659897	0.000323225627692026	2
117849865784260259648	0.00032315578477116547	2
105804550833071888617	0.00032280996157766853	2
105638923496773907911	0.00032267699630421994	1
116424992718521920045	0.0003225950784475245	1
113615559210024038819	0.00032221598011412185	2
115537173526663810751	0.00032205596080840454	1
114270919549310996618	0.00032188187512284137	1
102911503926252852748	0.0003216355857033386	2
105918995969789490658	0.00032141365230731655	1
107672880087813382096	0.0003213694392288467	1
112726412224552205610	0.0003213534012570695	1
107233993712280019573	0.00032104344049557466	1
104149545181687066849	0.0003203612528045017	1
115484748357938980359	0.00031995479521208185	2
112951586992554381979	0.00031995479521208185	1
114180866831850234000	0.00031993983685011816	1
113338872752747945030	0.00031993605252188457	2
117879730166973489250	0.0003197151859163562	1
104087632674419172411	0.00031967417363076796	1
103146739347913632415	0.00031952884537373344	2
104338841195844391499	0.00031948993608400323	1
111998222324985037117	0.00031924708661020874	2
117711958765226965393	0.0003189429101610584	1
108905292682757761206	0.00031837083391451324	2
118331569604232438938	0.0003182977279420155	2
103435446677848757188	0.0003182149661783476	1
112872110915392647061	0.0003181808801036253	1
113499881064081911661	0.0003180523234542058	1
116831783688307503105	0.00031790483545195174	1
103511687042011671491	0.0003177560817280659	2
111310046455974644071	0.0003175994795778134	1
116805757070379332198	0.00031750626281266866	1
100719110432513315785	0.00031730775004147583	2
117984723895322432769	0.0003172107474775521	1
109205144679654268249	0.0003171633843383959	2
103311768943033199199	0.0003170251138202711	1
117272804393056744845	0.0003168846206939463	2
110026364426428491800	0.00031687319882935566	2
105583560574886821031	0.00031636977102248267	1
111766781414334736391	0.0003162974823217393	2
111040153409246887480	0.00031623244822934573	1
111156150809447518827	0.0003162109146420643	1
102083403729841612140	0.0003160595760358562	1
104247640051669568745	0.00031604819862961924	1
102328811895542387194	0.00031567554727467194	1
117629925359775616202	0.0003154964430804203	1
113518697815635920172	0.0003154770576469118	1
114925901832419287750	0.00031515828875597796	2
107324780896985004532	0.00031498758688041956	2
116355285030133048112	0.00031460967019146714	2
106986862578384105925	0.0003144661877934959	2
116634785580142383785	0.00031424793167032436	1
104261747753594220385	0.00031418382555213414	2
103175943655717888560	0.00031417571458767753	1
104402312334775525717	0.0003141482927080623	1
104238583047103616167	0.00031398313107930485	1
117543941326442613324	0.00031398303640311744	1
105145910605015757588	0.00031392206859653764	1
100624855388272596716	0.00031382256670333796	1
110870848357858768812	0.00031328521662306785	1
106183637228009241776	0.0003131316399050999	1
106399076380997287830	0.0003131316399050999	2
103852903717867040436	0.0003131316399050999	2
108243392516508487133	0.0003131316399050999	2
104234493106498742164	0.0003130126389589771	1
108831400533441903107	0.00031293141020217964	1
114679177576832566844	0.0003127529979520604	1
111293292364797145707	0.00031244928037561494	1
115190894492318328143	0.00031236775894324747	1
114362893782996264270	0.00031200381004930464	2
113108553370117627362	0.00031193741467811767	1
105770051837447992412	0.00031186061670386664	2
111821282583033016822	0.00031175385609585773	1
112222095100110566238	0.0003115441354962279	2
103490014051577974992	0.000311451816521723	1
110560790507479800170	0.0003114426547896802	1
110006271694520425951	0.0003113028318756888	2
115724750579086210046	0.00031083634582402473	1
103761102792991856239	0.0003107693742108635	2
104359676127065414391	0.0003107316672978507	1
103834810442131564249	0.0003107316672978507	2
107974134952006452419	0.0003107316672978507	1
116325552417062971591	0.0003107316672978507	2
107176187762950205111	0.0003107316672978507	1
105924818388092405620	0.0003106887220574321	2
101005349854546472800	0.00031062850359623575	1
114001308977515353564	0.00031044893415926254	2
112960201172167885583	0.00031039166891265343	1
114683069618671617860	0.0003103020893938841	1
106136326980598993066	0.00030978223150689036	1
111695994124452118471	0.00030968652405436706	2
113592036791543362211	0.0003095383653855554	1
102002579494373754538	0.0003094987288614036	1
103527583204714475293	0.0003093276107271602	2
102025628931490661645	0.0003092247726863223	1
106350626944245646773	0.00030922027916573596	2
114575011306147603127	0.0003091126250396516	1
102287555349832013091	0.0003086223948953565	2
102450801606440839839	0.0003085801816209726	1
101069633644001172602	0.00030857593664632534	1
116653259521311257569	0.00030851549206429224	2
102793072679802771755	0.00030845356509108377	1
104171708212333317658	0.0003082902308253347	1
105736172662117422840	0.0003080977073603332	2
103370308241935002349	0.0003080258929440066	1
100438753693244145993	0.00030791591556517963	1
108913146943579525206	0.00030767148773533766	1
101688016129563471912	0.0003073032941868772	1
105213991914461740211	0.0003072562121943733	2
108429362865809614439	0.0003072527076278154	1
115744260030380666284	0.0003070312949949133	1
113982368958089067793	0.00030674525650555755	1
114887650939359725833	0.0003061622956508932	2
103485032559506970640	0.0003060213095611181	1
110981295836839653054	0.0003059969682623525	1
108564774959534277266	0.00030575593295713294	2
102231591254930214198	0.00030546101527872434	1
109749514716086080614	0.0003053601245267285	1
101588482738379761092	0.0003052744783790466	1
109829574817987307394	0.0003052326083358858	1
107151658402364528661	0.00030508485838862153	1
103566565105648833497	0.00030506436799397754	1
105845027464141907120	0.0003046995050026298	2
103178613559098806302	0.0003046311277872325	2
101575945236861025523	0.00030447701789896567	1
107560767358017962519	0.0003041066713988387	1
102650141292769253237	0.00030402750786479005	2
117525032873668338789	0.0003039763765946284	2
114409941429106157049	0.00030390176398349244	1
116085587120828893542	0.00030375772047394335	1
100640150965738247904	0.0003037428730175041	2
103462118088062305960	0.00030291151558608945	2
111717910782818837129	0.00030246770307961	2
115869743983071383997	0.00030232081412896077	2
100552521568775623206	0.0003021537531679598	1
102255706014869428654	0.0003020004296641285	1
111202318474196769994	0.00030174442650767597	1
103270247063314771629	0.0003011167808379903	2
117977248355987621842	0.00030105822112445066	1
116259230765133123986	0.000300673817115561	1
106180364516636917129	0.00030061191588633265	1
103434487080219673561	0.0003004672145900987	2
108582380062864553580	0.000300355440024893	2
116858869160074486561	0.00030030467710629285	1
105190119447635952947	0.00030011913382507104	1
115899426063647331538	0.0003000356249843848	1
110277105902567080628	0.0002999180315245453	1
105517282954488494724	0.0002997889938519985	2
117034138759101353652	0.00029951460366719053	2
101642015660380479673	0.00029936965005823094	2
112345958146857992786	0.00029932702997307703	1
100101450033337767170	0.00029930213319216426	1
107891881286350013418	0.0002988957737299092	1
110076067359528347438	0.0002987465730185314	1
104306848395791590981	0.00029869876382205077	1
103421928009910231852	0.000298687129967808	2
104313782265210957801	0.000298672992215871	1
100211417694760669717	0.0002983540555056197	1
108468170377662607738	0.000298292779372239	2
109197342027504996320	0.0002982864027163756	1
108873088832891800592	0.00029819657871969004	1
113639919662287102368	0.0002980838717384658	1
111892357184667749815	0.00029806900375684323	1
104395247322689329605	0.0002979091126092969	2
100001803773152492451	0.00029763935523330614	1
100302545000114361337	0.0002968568956675771	1
101251875542095327792	0.00029675599555397834	1
118350934285677332508	0.00029657125302980005	1
100933086719320173845	0.000296191426409987	1
104757860243835583747	0.00029592399037261873	1
107357904018454806236	0.0002959160920631953	1
112269775811709161979	0.00029584858125124297	2
102916216371858078567	0.000295693791504928	3
100418590596026050455	0.00029548060123086065	1
112604465046117429977	0.00029529156890247677	1
118384074629061704735	0.0002951612493607224	1
116563264387565094491	0.000294958068932294	2
105503877781180576662	0.0002947831381121879	2
111057538174298246473	0.0002946815175391139	1
100394654277157500861	0.0002946791444721706	1
103895914226299956902	0.00029463112434746674	1
101058382184618727001	0.0002944453071047582	2
103804287082698760845	0.00029437773266635555	1
117185140104479057314	0.0002943335836228641	2
111829451193791168116	0.00029392628673560625	1
116082161859384164954	0.00029378505030197094	1
105763495906823605562	0.0002934304209289625	1
106209094867943078908	0.00029324454445229945	1
113034683222056567284	0.0002932345712911069	1
109607035479431646740	0.000293173516960175	1
109890082498074315857	0.00029306824086932373	1
106515458671760087022	0.00029302864010557914	1
107288038283038939937	0.0002930161706697793	1
100349043435717066107	0.0002929706551863516	1
105023810774873462322	0.0002927784945870401	1
107857391213951731603	0.000292708540638397	1
104184201913363037521	0.00029232234092691227	1
106925687033660559530	0.0002922219588608354	1
113596251493275337057	0.00029212969447834454	1
109407907214491900800	0.0002918690938851386	2
110051674459506908139	0.00029148257152353284	1
116507390602031515271	0.00029123594930593956	1
102337366433513498529	0.00029089811823413265	1
109891439395721007077	0.00029063452527004134	1
109780189924636226927	0.00029013239626963795	2
114685723668493364887	0.0002900823324858938	1
106129703344859067339	0.00028997464088135436	1
102377325508625419560	0.00028997265188415895	1
113356145008686134011	0.0002897719128904294	1
100018777189546649009	0.00028969035877708616	2
115342746161292961463	0.00028968009916357894	1
112639140272728743555	0.00028954920373646	1
115294374765308559524	0.00028935317485458855	2
104627284419784468591	0.00028874473319389504	1
103000428814326899358	0.0002887000238745649	1
101373142220082649125	0.00028851112137390634	3
114038536353684772115	0.00028851112137390634	1
111755086974313388364	0.000288424738489201	1
100420239170831225132	0.0002878970470068723	1
101963506743880412192	0.0002878612431627573	2
102195297286556985768	0.0002876327359673003	1
115727374140444289277	0.00028742098411953487	1
102245647788381176580	0.00028725750993262506	1
103923881297271424447	0.0002866848610471048	2
104951556870707902918	0.00028656251638597296	2
117826176863902571436	0.000286372337656854	2
117568481591458687910	0.0002861277962559813	2
107881944288541390796	0.00028593930763139196	1
102195711431714693561	0.0002858438049173444	1
111955041561921964772	0.00028572888244048127	1
113236876780255082402	0.0002854807139727477	2
109597165738526914020	0.0002853880761990481	1
115473744607929446722	0.00028532355430568884	1
100507603996779895224	0.0002852265776139782	1
114132154585875094129	0.0002851200482577606	1
109854948547372321414	0.0002850735601809025	1
105241393416724042704	0.00028458304273363286	1
117115495439924792722	0.0002844066094543841	1
106909695352436014731	0.0002839849572445893	1
102186518031725378922	0.0002838218494443431	1
114706550303822513893	0.0002833797663085408	1
104966297498747194196	0.00028333405111128924	1
116514840508500977606	0.0002833151152871607	1
116582522206759855910	0.0002830653793781105	1
104183965153478971580	0.0002829626206756358	1
108324318567923629044	0.0002829491931236437	2
105727941110928313302	0.00028288492989451345	1
108683878610555901209	0.0002827580034893048	3
101595712297343011096	0.00028268583184617074	1
109346967351418099758	0.00028265900088975907	1
100221555167886931877	0.0002825447990496944	2
113049337596364590979	0.00028246349946062276	1
105876461011295011235	0.0002823802720942363	2
116882502495918843508	0.00028234173809223807	1
110945758578417530328	0.0002822137822327868	1
111860776387295305910	0.0002821697417785999	1
113113585656774665018	0.0002817425175721503	2
114197433257896961904	0.0002816091235448031	1
107176073754977513315	0.0002811341621361748	1
111672237763654753670	0.0002809816870972907	1
113250057748817195347	0.00028057407146723606	2
110793359851044609627	0.00028056734905100957	2
106680779913307249746	0.0002803644066414493	1
101301494879836429147	0.00028026131733608	1
110423756011149599570	0.00028017729319496884	2
112888983491182951734	0.0002801195846221172	1
105325220969342572458	0.00027994491759688337	1
116614103204687068570	0.0002799237261397548	1
112502812975846456707	0.0002799035764683164	1
112298902067485082680	0.000279840172614284	1
101234493495333473739	0.00027975415190244955	1
104462130249877869019	0.0002796733854636422	1
111812039906540800615	0.00027965716983411107	1
107666903391422351877	0.0002795385250157636	1
113843259678479128024	0.00027939780540164026	1
105613496050680673827	0.00027901436669457906	1
115114748254811223038	0.00027893348989877306	1
101034136547326604554	0.00027855784039230953	2
113775462178008553989	0.0002780666250001047	1
116984524027781154483	0.0002777183530556353	1
102859248324233384317	0.000277678308048158	1
113933188142370557001	0.0002772755038826845	1
116680161220060343509	0.00027714831466808874	1
102897240567784529874	0.0002768088024887751	1
107801349623255426435	0.0002767417422377422	1
104783464676781511728	0.0002766438916564707	1
105073921972642972229	0.00027661612644763663	1
107162535212133846086	0.00027661612644763663	2
113327309778185097769	0.00027661612644763663	1
110672962173558720770	0.00027661612644763663	1
111010217207365498009	0.0002760191530788535	1
116337604042370345250	0.00027595381748542756	1
101828972822167934767	0.000275842030855416	2
115789384631524938994	0.00027582165043480605	1
105946667378470614393	0.00027544174202258587	1
101495632821336317028	0.00027505888162996734	3
106352571981451442672	0.0002749235967460712	1
107870091826679633896	0.0002743033068074087	1
117919952911583378517	0.0002742595647046812	1
112650287207454245611	0.0002741494096626946	2
117515739407114927491	0.000272896558469422	1
102602082289312464514	0.000272896558469422	1
117908055510664796062	0.000272896558469422	1
113047505444244669852	0.000272896558469422	1
104854870011936922440	0.000272896558469422	1
110316769851642266769	0.000272896558469422	1
116851899322611570813	0.000272896558469422	1
103655504788661393519	0.000272896558469422	1
112188924571149731084	0.000272896558469422	1
109326392757227339443	0.000272896558469422	1
112267592108420740836	0.000272896558469422	2
104032175860625947208	0.000272896558469422	1
113156548068895538968	0.000272896558469422	1
115444725301229750567	0.000272896558469422	2
