#node_label	#score	#gender
114056084994793924628	0.007632960347644419	1
107362628080904735459	0.007542969699827519	1
110258598415939907971	0.007331669566793692	2
117681034834791918293	0.006652668171610622	2
101373961279443806744	0.006537376055064239	1
108981679893410895534	0.005979381209779981	1
101793532287583914396	0.005770826218235564	1
114835618008913240560	0.005730341178464109	1
110971010308065250763	0.005032484563332149	1
114125900939049731990	0.004899317472925387	1
113409086302056667844	0.0046720709161389975	1
113330053950020592701	0.004428902970672138	1
111862324534985995584	0.004123475136477747	2
101384112455887732241	0.003941459834510981	1
113722211762693166526	0.0038225907363846155	1
107297378329620440295	0.0037585181095582273	1
102213934827347582736	0.0037150628602394134	1
102759194596429227036	0.0036878671870762257	1
105662441312581584585	0.0036480311601527864	2
106724435919605472652	0.003646064809747153	1
106131533046921693069	0.003428265497162198	2
104166683851434520973	0.003411069564792059	1
110435582822209082831	0.0033976357167621245	1
113327376737622693535	0.0032683065417372257	1
108234504729950216883	0.003215128524608248	1
103483946223213592002	0.0031519537486674487	1
111856427400498745265	0.003135307021570694	2
111584384391407513657	0.0031307260794425722	1
100570943621691880802	0.0031281616664029514	1
100542372891417952741	0.0031079270134918334	1
107189810823071706764	0.0030827700902854574	1
101140516949313637221	0.0030639103055901317	2
100267777884892163462	0.0030608144538001075	1
116065573422637185820	0.0030479593379299807	1
115831773236070302803	0.003030409096103047	1
110200115381518276083	0.0030259404694147384	1
112092526384728873892	0.0028978325202645198	1
105646458226420473639	0.0028701833991970297	1
115588307990520146154	0.002840917683530133	1
118342749723004617709	0.0028351099093055112	1
100318284953757812785	0.0027863070756956295	2
111986746929163950657	0.0027539582071176853	1
112651712578445880355	0.002741957668101738	1
102301925235690691403	0.0027387905591361394	1
101579422741533419411	0.002732259414737733	1
110782237476873083485	0.0026723884592659668	1
117491021008888340305	0.0026698008956816677	2
103274398541354707265	0.0026306558638088525	2
100730931531762511307	0.002624621669588329	2
106658849511427440492	0.002555721078103719	1
105001226804902733960	0.0025532288641885205	2
114989358912013434555	0.0025521094034875276	1
108866766699357318662	0.0025285842405246544	2
103102581616407808980	0.002504792284031141	2
104405539079062799451	0.0024735313260587618	1
109964959136982994865	0.002460549468482711	2
103497375962504727564	0.0024320230756909957	2
117184181258526632678	0.0023640543084284395	1
113356364521839061717	0.002336504493056237	1
111895201268622692277	0.002324281930883812	1
100566894659845026162	0.0023145125946203724	2
115724883099396204735	0.0023013863945444543	1
115188225931820970468	0.0022997212686521893	2
108082814806291478395	0.002268911458996696	1
100080670028138179312	0.002258250222503666	1
100720381549183482357	0.00225764587962287	1
111905796037369659608	0.0022365454109607814	2
114368476910973036126	0.0022332808260553372	1
113537711651274258466	0.002232882546605084	1
113718775944980638561	0.0022212412392412636	1
117327973844438638644	0.0022025931460398296	2
115904636983755833973	0.0022010539403629252	1
103914809547503560483	0.002184012732897671	1
108889193619527620927	0.002155316479817778	2
115773593461160257661	0.0021250160605213084	1
116577269515221310405	0.002096124005050893	1
105234748527549840217	0.0020830403776224836	1
114672443824698058678	0.0020379234694987564	1
106324582128454068388	0.0020135820023146757	2
109782743775362085383	0.001999381006657909	2
103001594897968299050	0.001989982191787871	1
103776299476527190352	0.001977853302224866	1
113339707206657259218	0.0019686975014592822	1
115111902757485641613	0.0019582687424656185	1
106877518422447491864	0.0019081226581813408	1
101077364858945217404	0.0018858723797585335	1
109844533275135409759	0.0018802978368869215	1
103752943025677384806	0.0018764197820835134	1
115185449105972818666	0.0018761896218613594	1
108561684577945884751	0.0018745855235724528	1
107988063062924494316	0.0018609517045633964	1
112468427674837540026	0.0018125731351234153	1
113891828412719247078	0.001806218753195577	1
101176872497707839631	0.0017865474243697645	2
114699780864258329431	0.0017843146950616764	1
105621403584928506108	0.0017815101172309455	1
103364024324721115547	0.0017774563739597238	1
112005751432451380700	0.0017367656767708053	1
111998180803628558516	0.001730238952106634	2
113616415514109228464	0.0017213475250208734	2
110906328246114022891	0.001717191764086394	2
100962627237594547235	0.0016884012657810555	1
116989633749715333475	0.0016859006066742804	1
108349993144739467020	0.0016851632275101064	1
106678801573617130538	0.0016682516700003318	1
102471833540021278727	0.0016634843747924209	1
106312035620164033349	0.0016622323550643406	1
111697857700553321716	0.001659630581731868	1
100435311988307080376	0.0016595988756049175	2
114750927985208119278	0.0016477154803605188	1
107953487622985570781	0.0016451769363992595	1
109689479493494802606	0.0016219471917488357	1
107101215197232285494	0.0016217035049813269	1
102075853026137609733	0.001615119368133501	1
117330206560237476823	0.0016099205181426155	2
115052421774883402661	0.0016066178728669288	1
111367976599010414146	0.001581350034348929	1
113870319652943892996	0.0015648388548497125	1
115644140961688148645	0.0015483444327593749	2
107880974706815787171	0.0015284831023206526	1
112016242624005519460	0.0015245391407081562	2
112802031539318458586	0.0015171030878516445	1
114741611489731737021	0.0015046339651950636	1
103973455051678273599	0.00148676350371818	2
117055729266754416915	0.0014831064800554566	1
109799852943001494117	0.0014697969749182618	2
114767443136831791669	0.0014596497078811267	1
100171160323617338451	0.0014361539012799302	1
101681820997210312306	0.001435177540173687	1
110115721743825738275	0.0014328165756123286	1
115598280418279886622	0.0014149729460427854	2
113190138529310509230	0.0014115658311077582	2
112422476359943602384	0.0014110725602059428	1
112542721744876170293	0.001408121569294925	1
106633617085865801018	0.001385339505465454	1
107947517666931374331	0.0013823216041635783	1
110336976038750891860	0.0013713898386848984	1
102567913505427533346	0.0013556027656118409	1
110112431950571726779	0.0013532521204388103	1
106275293995490271192	0.0013380112419597915	1
112870552917404973130	0.0013368560727509097	1
108102879464925551155	0.0013365517834112136	1
116325379569277058328	0.0013288500213514943	2
106132563999059898886	0.0013275100470148075	2
106609833229222683231	0.0013218890581021567	1
107100991398236552448	0.0013191140651459493	1
115659255952431552297	0.0013036046432239258	2
113501423705211783319	0.0012869298091243491	1
103561847705963058569	0.0012865055871544926	1
107958599012052618167	0.001282127414883977	2
108621807234552207222	0.001280697454885474	2
107330218258870552495	0.0012603048398806091	2
117106128713693930383	0.0012536159815942742	1
108572627333958532747	0.0012519238105486085	1
117087180594749809131	0.0012510784471628177	1
101446779655559586218	0.0012497002234834148	1
105507255007244881280	0.0012474555195084195	1
104274143500556577429	0.0012464662535214353	1
101164950431127107614	0.0012304181837873808	1
117801279671656900736	0.001226700187661052	1
105363527246958381195	0.001224822279800113	1
110754372087865732397	0.0012222561082228108	2
102503573464210184147	0.0012015032414135522	2
102682030297862873837	0.0012012977527230521	1
113387329065992476162	0.0011999339355510982	2
110861336615845949641	0.001190019599115338	1
107923929665538933343	0.0011873704354354538	1
105840494028452665716	0.0011718641440857768	1
115592917377507554334	0.0011639027912560822	1
112164769941336121442	0.00114699653959815	1
112137071107919749628	0.0011416432139292434	1
106176824286911921122	0.0011380629185653148	1
101144838792283772783	0.0011340317132546894	1
110379117319804036514	0.0011321773119368358	1
110479167004746675441	0.0011286437262719928	1
109733876730404017476	0.0011274970585785126	1
113910449898142623619	0.0011272212914878658	1
101783485458458787405	0.0011255187893791025	1
108929914534403717020	0.00112338336732871	2
116793780076394298784	0.0011191476436936108	1
103069435655954575455	0.0011165575505538204	1
110474422371111153870	0.0011132140069736024	2
105702916554149632006	0.0011035520928427908	1
109752393704998577721	0.0011021285919080284	2
110700675217889287600	0.0011017585775094602	1
110294292842274744076	0.0010932428923259396	1
109122539496160679247	0.0010882961189911647	2
102901609939001465339	0.001086684921579981	1
105466699904008897296	0.0010830962362412542	1
108014509161911463231	0.001074986122257428	1
116673938126812294472	0.0010698400039180153	1
105343454923517993908	0.0010654200715144407	1
116658211265587112997	0.001052703220129569	1
115513063090118794840	0.001037818724798042	2
100371901134822196233	0.0010316656988500958	1
109432894364740431080	0.00102964931506559	1
105452294703789324235	0.0010289979957853667	1
112376773050778364537	0.0010247947607190872	2
108838325803746121114	0.001017589103708569	1
109522180282993900056	0.0010074221503775878	1
112156471810510671431	0.0010062077255077908	1
103017713086969149899	0.001005955563556689	1
118241604899817185979	0.0010032377732506661	1
106228758905254036967	0.00100108560515722	1
109355455609643339993	0.0009836480797283146	1
115893768571611039178	0.0009824968731382657	1
110988564762285773145	0.0009810379951302052	1
108701305949522883039	0.0009773583799494393	1
102190493246946072611	0.0009698923905080085	1
114949227190924847163	0.0009655013098669975	2
115907986192399529711	0.0009580121226383502	2
101945270688617709389	0.0009374531874449469	2
108596348826303548840	0.0009344328994744061	1
106973732534431317536	0.0009337071040948855	1
107630653855535540263	0.0009316424079523724	1
105053472705246986165	0.0009315528449128407	1
105046129785453112331	0.0009311605659190543	2
112018516595149025586	0.0009308600171343231	1
106934660740935963306	0.0009252850000391081	1
113727575009199177706	0.0009241393333661929	1
109382830028354840675	0.0009240829872281053	1
112889470949411680962	0.0009228700028298232	1
111712166943119200092	0.000912946676739011	1
101159644402693130590	0.0009108535607347416	1
106489971262338290730	0.0009073914762111115	2
106649978359921982022	0.0009001737303371947	1
115288926045225966893	0.0008983679706266519	1
102076707040432400000	0.000893313266219807	2
104252761514533276499	0.0008931735716574906	1
102266876305897100472	0.000893063372051609	2
101825607955450857385	0.0008855866526341288	1
100414624834238419119	0.0008828309280961471	1
117407580989455960464	0.0008792893477860465	1
115567495082383804038	0.0008791309544727946	1
100698222236890837642	0.0008775566375541976	1
107268853930054979464	0.0008700810277690027	1
116728666329400860219	0.0008699263008721923	1
111887972742611999724	0.0008693444095335402	1
118158965857044805496	0.0008611718587344374	1
106918373780828705917	0.0008603886110970159	1
116201321802171332852	0.0008546460288594864	1
102218171369386310477	0.000852599214634671	1
107495427685666471875	0.0008511707866351647	2
113108445353518733177	0.0008487041106306018	1
111559806861955751516	0.0008405571029740814	1
112047518791547423051	0.0008387875826028484	1
103135784858018043708	0.0008358400071478912	2
112712970284573134101	0.0008341984681111488	1
108988218195847359808	0.0008326114191839785	1
106156985265464360541	0.0008289309665685072	1
107852116567929997812	0.0008288721053617613	1
111622908571921500866	0.0008286881086025581	1
108975851004333125792	0.0008253986698896237	1
104576759851444232491	0.0008218166791019789	1
102257603818432033304	0.0008202549542415091	1
118157949349931875074	0.0008153549954602262	1
111355797086895824103	0.000815218177580623	1
115712502221031233485	0.0008144079441778944	1
101052415474088088042	0.0008132662406660388	1
111552586981525651069	0.0008102986543390969	2
113067536157487801754	0.0008079997487279014	1
118043356902250822675	0.0008033048868127993	1
109059997007147499692	0.0007988590147058533	1
110677236841289345722	0.0007984804446222838	1
104401960927885276766	0.0007975111185715583	1
110815228753558444774	0.0007954689965668415	1
102923542908465810060	0.0007946323417752854	1
102132795605351994121	0.0007911088493305768	2
115326733070213074894	0.0007907233729336271	1
110745629854593813122	0.0007897680058789936	1
110455237625304376553	0.0007887492819990794	1
115527168244643436935	0.0007870124712516076	1
100804402913068183361	0.0007867571925380602	3
109863394112152727620	0.000786244997026554	1
118003507411031237378	0.0007843807343604817	1
106776280224270160885	0.0007741512346783843	1
112532174734543629200	0.0007730358025779888	2
112471590257958140139	0.0007730204889636713	1
109693112888850382744	0.0007705580879481255	1
101987793376160781398	0.0007701008603701757	1
103047633612936386778	0.0007631416314243971	1
104845196021283889824	0.000761652488453676	1
112984504306886113706	0.0007611104015705369	1
118407559251833798973	0.000750287523452354	1
103239540973743861611	0.0007481641845906711	1
103050480623469242306	0.000746864672878009	1
106184175792888814619	0.0007463003898608779	1
100579555798384089908	0.0007450853681279594	1
117730591582575152021	0.0007439095407884132	1
113462853290122325794	0.0007438785429616355	1
116045011601395490436	0.0007413723893997772	1
115221918388722303575	0.0007373929968599969	1
111581413854086114806	0.0007369889648270199	1
113171764796409359645	0.0007334188030754457	1
106473325049916223937	0.0007329420940360049	1
105895868677820944499	0.0007306453032867199	2
107991877251879586822	0.0007287279022538913	1
112266771274648511801	0.0007254745771777717	2
116706195717971759521	0.0007214970839359037	2
109593991003021927240	0.0007186810769588167	1
115264072739770351128	0.000717982269224616	1
109577634910367275570	0.0007125377171212921	1
116108902617780137357	0.0007119516866927244	1
108421759538774999814	0.0007111729961314261	1
105562984268271417589	0.0007092338469917168	2
116039306116840545548	0.0007086449551317173	1
103943978508038559228	0.0007069552934015313	1
117708139744821537606	0.0007068337411155074	1
117529313982297700498	0.0007066676733615716	1
108115600437259850260	0.0007061623178592582	1
112423413390961699842	0.0007060192491738148	1
112402602902352711929	0.0007058241058950023	1
117036774137493693350	0.0007044664662208075	1
109543322684542972752	0.0007034867353263855	2
104117507551919470041	0.0006988231109450805	1
108274407914489166921	0.0006974852341303341	1
117629682533914507973	0.0006973933658852358	1
109734263059135964818	0.0006967483467965755	1
109114050093491610197	0.0006958265749807915	2
104154400627232292059	0.000693181019165244	1
117600944091923036433	0.0006921986500196378	2
116733326109275029718	0.0006862692941192719	1
102200175417231899136	0.0006857287782971886	1
118356965880443556936	0.0006850064429439728	1
114290133504311645409	0.0006838447482098116	1
103517943129355056843	0.0006833793194865268	2
108688505147442370912	0.0006824185030315934	2
105786699616681486240	0.0006787893792329262	1
104350419422550122115	0.000678445107050214	2
100438753693244145993	0.0006782995703976983	1
104987624452429967101	0.0006776829181033493	1
118113548939415514985	0.0006775340960528301	1
105474115553425496931	0.0006772719240772936	1
109788359544139612724	0.0006758333238716095	1
109243044876542467841	0.0006729231571279085	1
112201990577777311726	0.0006728863135384362	2
101819477784427010393	0.0006704980669202762	2
107160080854947463827	0.0006701841851741639	1
115701671811606727022	0.0006693901057056864	1
103628141199808934692	0.0006665504843975012	1
109813962904244597868	0.0006656802046050162	2
101405498415675304905	0.0006649248975631323	2
113406428532094481598	0.0006634676877599575	1
117348412782130218963	0.0006634425863232292	2
101524314426809268724	0.0006560084332282479	1
111392114550347821558	0.0006534326312812103	2
110360567681348950228	0.0006529978377308668	1
107715145180878198315	0.0006524978036537159	2
107080642584542915586	0.0006520402462961475	1
118055313158782575785	0.0006491128205498498	1
115814870154486994252	0.000644179969787707	1
111750296934070136450	0.0006406674470593656	1
115741653323062665701	0.0006397922151824675	2
116336996587795568506	0.0006387665738892243	1
100356206578643168123	0.0006372104062383721	2
112672371920549987822	0.0006371584869029917	1
102111571538090124895	0.0006356197866394109	1
114912918763085482263	0.0006329494309497129	2
102113002212756244218	0.0006307389439917086	1
118322008935339687393	0.0006285391475983059	1
114908358797582221666	0.0006274943183245315	2
114514155722976658302	0.0006253966162388563	1
116332712813276082469	0.0006243077934301929	1
106291352388105578950	0.0006233901700021562	1
104202263011113038990	0.0006231594946022659	2
117815070222642457439	0.0006207420221732344	1
113908550913053645582	0.0006170040389936243	2
118138213421584943329	0.0006167344166613121	2
102877951265849770458	0.0006128301353983892	1
110404903768864167241	0.000611248372780636	1
112468393328921307064	0.0006065478421560194	2
118079092041447950546	0.0006063081587180991	2
104471339831327251421	0.0006057569938481338	2
111368042859973171925	0.0006045570426686342	1
116924220053677113010	0.000603710960626995	2
112902871342998320230	0.0006018908900997012	1
106709392619461204733	0.0006009579505212233	2
108080685866453246356	0.0005990953334320797	1
116765337317515836609	0.0005976566305647584	1
116436019987209636206	0.0005961751182050396	1
105348319473887192896	0.000595756640430948	1
103983635119713996413	0.0005936513027594379	1
116204056226346238449	0.0005933426171086766	1
107617912478750566929	0.0005916003267522575	1
107613682152293496500	0.0005914534759827966	1
100174680553226450788	0.0005910470936009632	1
106454656571970045125	0.0005890233964793585	1
105695579160741894626	0.0005887309918665861	1
107145143442069668222	0.0005880694272381374	1
113048161397585942217	0.0005873719103671253	1
104214058376996487617	0.0005867823855671351	2
114850125534425698513	0.0005862026104722806	1
111692129804269720236	0.0005834900263973541	1
104593046881717875286	0.0005819578545293489	1
115916161152704313626	0.0005814890743024531	1
114255330119984526394	0.0005813121430642708	2
104868103883930365103	0.0005805169591644572	3
117726584499568231392	0.0005804771523170116	1
108572834524031744599	0.000579918184091689	2
101765565401131286712	0.0005792767436324887	1
110463607983493311375	0.0005781800994474089	1
111579782226310232815	0.0005780267245081818	2
103495015966038456810	0.0005772588393608308	1
106034413262427268070	0.0005760891903642035	2
108986218168765800752	0.00057580689838154	1
112087296277106437144	0.0005717780022550332	1
107568429172151787117	0.000570101048185407	2
111101690980834001635	0.0005690416332063159	1
111024534037769372298	0.0005675851661307526	1
102898001152441975260	0.0005662797219568957	1
106773530469753008878	0.0005637570355329469	1
110311703391396614663	0.0005619694463238562	1
101315091721272909681	0.0005593658590166389	1
102520902016562329226	0.0005558366073285624	1
102033926695346762483	0.0005549516726271606	1
112106058281274051529	0.0005545299918728976	1
101833325664181505421	0.0005544610338419291	3
102053426046980408395	0.0005535617037390448	1
108129109759299362279	0.0005533725063510843	1
105728724002183346652	0.0005511298649025383	2
102022120610291848479	0.000550977563857297	2
115045090810349114763	0.0005463060516236373	1
102289253526821550233	0.000545939677712567	1
109134942366253016489	0.000545818392335116	2
110733309022531954002	0.0005453021126130275	1
103275620227680550350	0.0005446583212266588	1
101221624549707698389	0.0005434516958138023	1
107861794963671398272	0.0005433107511081043	1
100418018501028526447	0.0005411981692353971	1
109185913443598756232	0.0005403635193654647	1
101329911725818815648	0.000540193494499268	1
116843025732061565320	0.0005397670656266934	2
103927550138550844458	0.0005365324438476289	1
116372421250880756594	0.0005357983580661704	1
107412125693303360612	0.0005330655795560974	1
104627284419784468591	0.0005329755235916836	1
102513726234100105379	0.0005316543287698178	1
114183340518303440289	0.0005314913611160638	2
103040064606340581204	0.0005309794292240121	2
109095303593518604782	0.0005304759158643274	1
115901056859715614788	0.0005295253037515861	1
102971366768744137069	0.0005290673845356394	1
104225674137028145668	0.0005282967861274645	1
113762026356725862134	0.0005279187256258122	1
110614105175374521291	0.0005259492952807331	1
107434092177368985682	0.0005241784001068095	2
104382685673405073864	0.0005227690282782227	1
111661968865062172232	0.0005221238078805215	1
103755483441630770613	0.0005212141130882731	2
112724268329945256864	0.0005194346679675872	1
108029278213362132804	0.0005193082283144513	1
105832040711529676549	0.0005191533952931737	1
109250372881394496935	0.0005190665617282292	1
105219019616607735803	0.0005190104118699128	1
104083672085751064006	0.0005189057043489189	1
114640155738615605660	0.0005185379288514487	1
113577960356901904228	0.0005184810143095576	1
110081690525265330341	0.0005182254449448355	1
106595270037219867580	0.0005173340528085735	1
116426381748754405788	0.0005173011713664097	1
105534924388664025413	0.0005168912490904599	1
111886873995160836581	0.0005158320958340599	1
111452551023598556412	0.0005156283113436921	1
113778358612690240500	0.0005151768421055642	1
116217355580338922564	0.0005139230825670951	1
111935566152570666802	0.0005128950392738202	1
105117660302337349691	0.0005126751202845217	1
103821702184641201561	0.0005112542248225752	3
113391467560265925271	0.0005089475312387823	1
116963765663752291424	0.0005087462216040403	2
100957494098972826263	0.0005084211526711695	1
105698379283764366996	0.0005068755350072987	1
112946580107515968707	0.0005056574461769261	1
108015257634911079794	0.000504638872514086	1
118153005115479971510	0.0005040470261831631	1
104828762320720009995	0.000503873631561851	1
113629188410285884656	0.000502924411361379	1
105772231438448848544	0.0005029060448493263	1
115310877765678527317	0.0005023432814069202	1
117020610463082233065	0.0005009856375814456	1
109971031268487124662	0.000500676570283282	1
108664757958042754684	0.0005003726773570355	1
112006134559711123653	0.0005002634096360506	1
104700616177535429673	0.0004999228113337146	1
114141982777781640622	0.0004992359176184395	1
118069827996237326172	0.0004985139016305205	1
100999851987741256316	0.0004974511463467642	1
116917672201146809738	0.0004972452980894573	1
101915947136166394204	0.0004967204846871257	2
116323273948766380212	0.0004966859913426138	1
113430525124064230409	0.0004946961584418225	1
111509150515619797202	0.0004931040513832161	1
102290389766192506377	0.0004923624740172536	1
115706471517464245816	0.0004923205071763406	2
102685879932249274102	0.0004915791055296206	1
100212873262175687923	0.0004914692762567784	1
107646374861794801880	0.0004907208351974082	2
103998547182196266334	0.0004904842844337024	1
100291691060366907560	0.0004895424417126335	2
107572080304017443201	0.0004891453533629362	1
108156462932120603294	0.0004889727126952128	1
117246185220018140996	0.0004887590467078448	1
106677476816370854080	0.0004874756249832749	1
114948057570099233832	0.00048738984511854976	1
114125781899580900020	0.0004856377064462443	1
107441935987537067254	0.00048517299784472056	1
107040353898400532534	0.0004851180519175742	1
115077161315553387738	0.00048441521189506104	1
115988521245116880348	0.0004841803080206608	1
112679471951324404609	0.00048394989278042176	2
102694158649017920700	0.00048215349474146907	1
113250230218750498199	0.0004818016301014955	1
118166708160041016681	0.0004815656286689756	1
111216710685580138519	0.00048120641129166975	2
110177242161864989274	0.00048065652009874834	1
102733708224645402972	0.0004795422057487944	2
103121914800307372427	0.0004787969056742117	1
106363351326556866196	0.00047831960105244105	2
104495383852611438840	0.00047829144528079676	1
101902742043017572020	0.00047721078076531605	1
114220110548715485948	0.00047695859086602753	2
106866610199160239892	0.00047522205341585125	1
106508007414244892534	0.0004748133487792926	2
116117016445545277710	0.00047461998403221185	2
117162048218947211475	0.0004738420256985128	1
112317876065538515177	0.0004735810788096187	1
110365129914111009673	0.00047325793463775406	1
103295657366819694508	0.00047304835483492577	2
110400430593469053539	0.0004727886591761889	1
114452514663273072541	0.00047264109737014037	1
115020082071809011496	0.0004723567426349277	1
105454478087457781247	0.00047211209465357253	1
106163325326985376730	0.00047188968592191906	2
100610266767332048089	0.000471784486682482	1
105124283551129549675	0.00047148473428033986	3
106855251215435787935	0.00047105462748555553	1
103124900158758416832	0.00047098992163327556	1
101805775665967682416	0.000470858369912568	1
107314901236558493493	0.0004699659076258432	2
116129113350244660300	0.0004697240306207076	1
101819902892737031159	0.00046904486912069084	1
113247370354848049102	0.0004687678128615317	1
114095058036005655247	0.00046847601134107294	1
108732710707858636651	0.00046796717205239134	1
105068398061645966485	0.00046788404968086197	1
111944809744801541649	0.0004675625389070913	1
100746368843997960468	0.00046753635433002556	2
114188493462083222124	0.0004669752086206351	1
106605546297350679024	0.00046660981087755216	1
103134057234985503297	0.0004653766783830164	1
107739127120876953901	0.0004650964066309528	1
105791014692034757072	0.00046489728776541494	1
107556483367244107618	0.0004641440114525057	1
102041650722373356102	0.0004641314488249784	1
115869820802803069539	0.00046400859576134826	3
100503776155518080662	0.0004637933367848333	1
106255455398012488394	0.00046333688358734615	1
108278258172257161022	0.00046322798698742503	1
104897154891221973278	0.0004629613517135269	1
102969862199761391120	0.0004628668178125739	2
100822737269964566850	0.0004626736403196492	1
117769066249412157039	0.0004624389314885298	1
106053966510665171580	0.00046117492491569553	3
112782107306419496100	0.0004607023319159109	1
105922062738434971907	0.00046039255284408627	2
114667596286706185033	0.00045999814687831494	1
117484100225055812490	0.00045936971300540423	1
110328817960222074074	0.00045919996127822855	3
115559375560903303858	0.0004591823707730797	2
107505114679835598168	0.0004589607779338495	1
101508158571685794831	0.00045866829013804875	1
115760558737811908392	0.0004577841357892837	2
110750946816550022280	0.00045777063865968376	1
115263208850234439604	0.00045679805954345785	1
101029379157372743854	0.00045645533361069585	1
114975143470699362227	0.00045467269028483823	1
106813363299490649621	0.00045377722352474704	1
111400869804500080688	0.0004533381917925565	1
108685260612056674936	0.0004531908597317587	2
110337381838270357491	0.00045287621000399895	1
109918532487833985089	0.0004520764479377787	1
109047603571072861760	0.0004520286597922684	1
114455489989342296789	0.00045180832714526275	1
105849993903427020399	0.0004514637076040312	1
118350194523017737422	0.0004507179539802778	1
110788652922154121238	0.00045068127170557045	1
110346313616722260248	0.00045058163839478726	2
114713540352276488081	0.0004504266971339172	1
114305705868174067936	0.0004493520265441272	1
116936089053490488674	0.00044914307153885974	2
113526104389316553453	0.00044817784800917917	2
104773077948046670517	0.0004475215473611604	2
109405659400238396053	0.00044729834346292244	2
116707044370469498749	0.00044708928592930965	1
101807964670459981055	0.000447066461900578	2
104701457905643073697	0.00044621026744614525	1
107766702396869899883	0.0004460084962301879	1
105863668984995288300	0.0004457952828925432	1
113013472287976359461	0.00044564914640236744	1
116348335730502448243	0.0004449344953047975	1
115025078784234911423	0.00044490223235778205	1
112628053244468741893	0.0004448923922320202	1
108981802663455232363	0.0004448485282454685	1
106478996597121286809	0.00044467201470289766	1
106201553639704574514	0.00044463146588812736	2
102747880511916408684	0.000444611645993551	2
118377979906793895977	0.00044445157688978616	1
112980465631573936513	0.0004435398370712534	1
105160422313439236592	0.0004431203975236081	1
109837581499215287443	0.00044279874372459905	2
100601605002654147463	0.00044266561836899313	1
105450530250274310651	0.00044186929561126106	1
107052966126228078342	0.00044178336098791616	1
105981866528756062256	0.00044153947266280507	1
115836662616507941485	0.0004413657445378569	2
104307551863283903168	0.00044073392118590556	1
102949753898520857509	0.00044042579589645826	1
103387227476424599794	0.00044037804405801294	2
106727875100809769469	0.00044012848051150756	1
112631376411161680423	0.0004398147942314784	1
110884714291456710049	0.0004394468777556093	1
116479742301526813143	0.00043915967576797603	1
108709682676999542558	0.00043904246978407693	1
103869689542608757464	0.00043895707741411615	1
113572720360376482559	0.0004380610630363433	1
104072966518522005013	0.0004373239692745047	1
112963500831663632295	0.00043727147649525214	1
103798972218360558945	0.0004365727258255935	1
102181461048940579091	0.0004356368533047578	1
101883860706141583285	0.00043514911838809795	1
100435222901796569824	0.00043502585825036457	1
105813587630935448389	0.00043390403030633485	2
111744556113898989185	0.0004334119692134252	1
105262213133282441827	0.00043328692297411506	2
110353763409724192775	0.0004331826189429022	2
112373989395682147457	0.000433014288018282	1
113055202255112516651	0.00043297728541519026	1
116494907745941072246	0.0004327022332350608	1
110084565797643965557	0.0004319252075583031	1
118259825030129030797	0.0004309542942792792	1
114254379961901375617	0.00043091858783219066	1
106099268380362696788	0.0004301926841559819	1
113334574818952590037	0.0004300858722166987	1
100679952658464438853	0.00042946649364206005	1
102764127303358898375	0.00042930670509071017	1
116631085165254342575	0.00042823700467996577	1
116858869160074486561	0.00042749783254142706	1
105405226357946449647	0.0004271861076845663	2
114659322835483420759	0.00042710705249021717	1
112742552407526493404	0.0004271056287219689	3
103969847645840295773	0.000427034093407636	1
104108891936425931028	0.000426688859577283	1
114246610484411446633	0.00042641816757767854	2
109027100605758698002	0.00042597307078138505	2
104932793334165882694	0.0004258054322985466	1
115547781738813563311	0.00042551515096111406	1
111229855069080388859	0.0004253146110594887	1
108746713310478380877	0.0004251106221060465	1
101727507340562315227	0.00042434283177334147	2
107486243467282501273	0.0004242405508911362	1
110443854564096974688	0.0004239025128510431	1
106522256771383943066	0.000423778542135164	1
116365588986755127713	0.0004237465889363047	1
111721489625065825242	0.000423662734030974	1
103192582326519280100	0.00042326379620773354	2
110042942341737817634	0.0004229450164750854	1
103794274354940572153	0.0004228531132852248	1
113105292405064980530	0.00042260815859960913	1
117759136929495675265	0.000422349438838476	2
116221623272467790979	0.0004220648637117335	1
105480634869656977628	0.00042179395496524355	1
118292429249694163505	0.0004215943742142725	1
109197219347302337444	0.0004214979448385717	1
112807293471763059219	0.00042128800722790894	1
109830954259660864591	0.00042105301709171477	1
102074931521131074387	0.0004209467697021598	2
103082123239646171933	0.00042085211986635175	1
113867514428644503304	0.00042083074595942614	1
117895561148501029684	0.0004206945349529436	1
100203667728679603005	0.0004206845670067861	1
104293369215726660270	0.0004205806469375473	1
108937748719547853245	0.00041990835616113865	1
114980585973065221922	0.00041982129130609537	2
104229302558585373859	0.00041980377454112574	1
109483522693551025552	0.00041949341261032563	1
104585963823150400881	0.0004190422578200536	1
111485776194335085207	0.00041902260728643643	1
118427894834223700228	0.000418682287097268	1
115150535401895675017	0.00041848264238839993	1
107837782714454419480	0.0004181705228633192	1
116250123430738274371	0.00041811529767470784	1
109285901871675204166	0.00041808088161245137	1
108792417955866466710	0.00041766865507613586	1
101443959113597197685	0.0004169607082555461	1
108432264455588325150	0.00041666122672113983	1
113761338428372874126	0.0004166445319484051	1
111264210837770778782	0.00041649855494621405	1
108603277880542200087	0.0004162787825395729	1
102983415861037139326	0.00041606673611615185	2
111875840668218996079	0.0004158207920458691	1
101957937097252874684	0.00041568634427964013	1
110555470155964752793	0.0004153445893421032	1
117292422777624171497	0.0004151133379683207	1
117339376057178566248	0.0004151024701070264	1
108666082106029767392	0.00041470156875586224	1
109317125988334237852	0.0004145499952378812	1
117095268933581217293	0.00041441342984558076	1
114235987828569120721	0.0004140829594171146	1
112969261373965643586	0.00041376788490518786	1
108546641577521750667	0.00041342014502180344	1
112492874904066064816	0.00041337749673435713	1
106277817364381850972	0.0004127370506237214	1
116500615675229521095	0.00041264950188060745	1
107107892132350088730	0.0004121369786283124	1
103435304429504351322	0.0004120554299819613	1
114258595815736158972	0.0004104376458833691	1
105327071458403118238	0.0004102955430266695	1
116731822870266197104	0.0004102421630674992	1
114391669686926911826	0.0004100968786952849	1
103007646638058434890	0.00041002339163676623	2
116770861465065525044	0.00040962283656944393	1
114567227043626207461	0.00040959328187576425	2
107050344858796743335	0.0004094674180789036	1
111512442491616784756	0.00040944559745527593	1
108546012370772228773	0.00040896360948235275	1
114949954531498666405	0.00040827784956696167	2
110465569849552545066	0.00040809352086096503	1
107646027264390185715	0.0004077239374670077	1
108340280009259030562	0.0004076366780213555	1
101117042066897382943	0.0004074404007683442	2
115613563934334259631	0.00040742737363143496	1
102624839205148464437	0.00040720893197461255	1
114327427737652153565	0.0004069263690467689	1
109884328481062159718	0.000406857535766392	1
104634654697980353875	0.00040673744220217733	1
108091356091811422205	0.0004058938194371032	1
101378754357079914665	0.0004057424306212992	1
101347808922638094693	0.0004055695483264183	1
105499486269476609381	0.00040552675671515865	1
115230246687417642160	0.000405394391218839	1
105031790649910982780	0.00040506710676912723	1
115383081088864210989	0.00040503234350246936	3
113887069715004391445	0.00040426771588241925	2
117121928082501722386	0.000403989402117165	1
106051620990812988922	0.0004038831558556013	1
108779091097392469252	0.0004038217441465317	1
114826508050423377458	0.000403447657724526	1
110053689347059246052	0.0004029591406088199	1
116591351673676599756	0.0004023427111015048	1
108472376973303827977	0.00040046139663049045	1
101278661898276976657	0.0003999485963477908	1
100266801468988793540	0.00039992558232165257	1
113593318233851268620	0.0003991261877571233	1
111616012925196872720	0.00039894518408127404	1
110802592847841836285	0.00039857736523990126	3
113010602440690179260	0.0003984431361293096	3
109691688546261427552	0.0003977569985565549	2
111792397428748267758	0.00039750815509732005	1
110955926568408850534	0.0003973607940820738	1
115982912812542922338	0.0003972287351337332	2
112706024760736486107	0.00039717954973292986	1
109650935698888161040	0.00039706950249196796	1
101697859677385463863	0.00039669573630691265	1
103004245570144791054	0.0003962010266512567	2
111388121109189220476	0.000395800594291624	1
102949678552486522156	0.00039574396871634005	1
104023533628772873841	0.00039573277476104426	1
105421525761971194592	0.0003954688285480964	1
100808203865399074883	0.0003954296097816939	1
105220098296107885154	0.0003949081920536062	2
103040443135055252548	0.0003947134235173709	1
117743173104127398939	0.0003943777857461367	1
117043127693972640857	0.000394124604674503	1
117874794039442713107	0.0003938353881639137	1
113221385566033602084	0.0003938143254619442	1
107498908091617554943	0.0003936991082371536	1
116686133958111217466	0.0003934601379161477	1
110158157515443847036	0.00039342208455427725	1
104087752502105073486	0.00039338287237413697	1
111329678993476096159	0.00039328256626120005	1
101247591766454891964	0.00039326328797390083	1
105762229515740262545	0.0003924211503836282	1
104641404633618913622	0.0003922433334308436	2
102607624280380048033	0.0003919949474075514	1
102576380457771552557	0.0003914112637241952	1
117074170520871420194	0.0003907610186809638	1
112683587404572967458	0.00039017051211523413	1
110740982558696215959	0.00038977775884810675	1
102208534339351851958	0.000389545915767091	1
109120078792071488978	0.0003888518872694396	1
110619007297571530208	0.00038841330069275184	1
111607246008799095855	0.000388368971729669	1
110982886400530768597	0.0003879963324037359	1
110583036063722767583	0.00038741383180698123	1
112377680187260965015	0.000387050688151549	2
116633317085488867065	0.00038656313067703856	2
112543900655597853300	0.00038626840183466076	1
100504478671878761650	0.00038502573942074967	1
113179096930771919621	0.0003849885439133092	1
116895364366284841545	0.00038486853939672153	1
105983357636432027816	0.00038479168016331456	1
117741764626999608033	0.00038454661068602826	1
100015878886887680906	0.00038329611782199433	1
104812796815680527988	0.00038307273549991307	1
115327540332416772926	0.00038306901014197807	2
109051150432124870361	0.0003829368029077875	1
105326768461309527275	0.0003823039402634002	1
113863712604401406613	0.00038218920772270905	1
116277911156979492793	0.0003817899501664415	1
104377918700820622379	0.00038150810887522895	2
117732988014889467575	0.00038139713468811885	1
114395317668835639544	0.00038103130126277644	1
113556328113656464559	0.00038094596875160177	2
115895236362560451684	0.0003806260969765816	1
112252967308318822558	0.0003799495007030366	1
109844411355056298219	0.00037990789300792105	1
112260794065684900717	0.0003796566236975797	2
101344515400748467223	0.0003795033559281166	1
118202545819754604632	0.0003794948756892292	1
112226281955310076156	0.0003788295836862517	1
114858427395089704923	0.00037810706749525204	1
117480656247612663102	0.00037620222707563376	1
116132513729993381960	0.00037500100398398753	1
106563499888835491214	0.0003748004648442948	1
117132339308731275858	0.00037426483076059185	1
100280588244912265639	0.0003739672950895019	1
116528073673691777664	0.0003738014341763586	2
107836490255192982718	0.00037282969904252187	1
113222541788531384560	0.0003727988093183525	1
111146000139390961570	0.0003726307054078801	1
112628247366061587978	0.0003725476305988845	2
107251403213840178570	0.00037212186216498415	1
116182104458672310222	0.0003715784332779939	2
111782761311542847466	0.0003714814847374787	1
113731245822282473889	0.0003709644972990522	1
102841512773755909745	0.0003706708762610736	1
107616889964143958130	0.0003706558708748383	1
107600741439750420454	0.0003703816655304819	2
107558166091051909377	0.0003697495600906035	1
100119897149457633998	0.0003689340317731063	1
107062299169752990359	0.0003689088388284308	1
110590689339632546815	0.0003686826579112161	1
108478591615648371416	0.0003684183863996403	1
105996704676932694979	0.0003683325320781006	1
116162597777133365176	0.00036822901697651305	1
111820253433273484594	0.0003679168639414448	1
117686453680531840937	0.00036776158200917846	1
116683790915101329980	0.0003676588316732605	1
100399876181197456032	0.00036721595054952055	1
102866169303168589970	0.00036649629934754253	1
104300853530834931384	0.0003657942254363882	1
113425645204908943080	0.0003656307946135796	2
111887149774661795025	0.0003643896619889498	1
109058704369885713232	0.0003643153829294656	1
101308772928112647573	0.0003627882625555452	1
105178211878982905053	0.00036245982509741745	1
113470429000591242588	0.00036150051464768	1
107391201645251386445	0.00036092554725366416	2
108469030078792058633	0.0003607628472590568	2
111508808902085234553	0.000359709876631762	1
103018964920602981283	0.0003593973705212324	1
108529472665206002794	0.0003588619982625627	1
117129343854614761235	0.0003588082858620572	2
111331882330995178017	0.0003578654138328424	1
100567210267949353465	0.0003576438152135689	1
103444083672946701502	0.0003573899668434479	1
100508175102217994262	0.00035678093865952056	1
101237861410513080311	0.000356463466044749	1
113654870718086199656	0.00035569249245538757	1
117385242413820031909	0.0003556016250115514	1
116490933799774865960	0.00035558204439944984	1
113754316089757482087	0.00035503782744592915	1
115513715078064450715	0.0003549122269677032	2
116378751929543142000	0.00035405957446771243	1
117934566784724908264	0.0003539036373888992	1
106026216485361373664	0.00035341238740317215	3
115260955346591180821	0.0003530834926661398	2
100125216216721633658	0.0003530657983587896	1
107491947970106631581	0.00035257116022265327	2
108794347008031082630	0.00035252050421353284	1
107505215255076010019	0.000352149545261087	1
100889954092674838350	0.0003519756459481602	1
113864557852930301381	0.0003518919176276194	1
110620731806758150131	0.0003514792915132222	2
115519867565739787998	0.00035147547484452586	1
116462689506878949303	0.0003507770550046545	1
110035233038764144688	0.00035065323871307104	2
100700445553116659123	0.00035059115846853314	1
114658161328536904090	0.00035055018478065045	1
113621067393238940720	0.0003499348487070777	1
100046418043149960706	0.0003490056513583533	1
101934167568860248763	0.00034888935996777793	1
105992456220004151981	0.00034834273104960406	1
109161132147974560230	0.0003482175472088024	1
114973750773010198902	0.0003479215834095175	2
113732872916319493014	0.00034790305581274407	1
115158949036958979447	0.00034701932975079075	1
102176181895841133471	0.00034668554200726893	1
114480284131220383959	0.0003464792697819214	1
108252669961575680987	0.0003463830037376102	2
113329181141814892932	0.00034632298027673916	3
102966642071286265563	0.00034582307359637453	1
102841245170487819912	0.00034572783974797026	1
115350630522834965403	0.0003454325471150695	1
103280376309416916619	0.00034506250588714287	1
102990661393257571540	0.0003449518228291807	2
109879206431016559050	0.00034483059573461893	2
113763817516671765228	0.0003446485471628604	1
104739022522671686030	0.0003446386562316019	1
112781705594888735602	0.000344373761427153	1
117145340125249110923	0.00034417185607220336	1
103954813339203715814	0.0003440688648770467	1
105099136448017686894	0.00034385041456010763	1
104639309037816139228	0.0003431318513320117	3
104317566831584802822	0.0003421684418394281	1
108896060981319977655	0.0003418312072932709	1
103489949411430553594	0.00034169480173226264	1
117899532765065858463	0.0003415672228226323	1
108931898767944120666	0.0003413671828957184	1
104448265396612804887	0.00034135469831272013	1
106053374885520572600	0.000341005575749252	2
106182639190087774555	0.0003408881951780284	1
111210054494678937336	0.00034046229861485976	1
105162536455221244775	0.0003401990488663258	1
115164714320921490216	0.0003400438687629358	1
112601322406791661413	0.0003398667803516947	1
109122415375078353554	0.0003397418995923433	1
102312902625813576177	0.00033972436905553897	1
111386060150227418529	0.00033965191746505744	1
102144783158693767512	0.00033962788679897063	1
102105379199649140068	0.0003394921071536895	1
114226254344803686484	0.00033863465433770824	1
111004233433819878469	0.00033832659515105475	1
117698782150879647170	0.0003379647367203595	1
114085190748679588261	0.00033738624594033555	1
106131896651620343304	0.00033735001689035884	1
111812702334752751845	0.0003367228146655914	1
114727654828635677824	0.0003366258986660125	1
111929457974307844064	0.0003365084977676096	1
104290110579895677396	0.0003363215686249159	1
102669196942290195187	0.00033591681623211175	1
112713124920243674889	0.00033587375480656625	2
108087777677620157127	0.0003349630104289298	1
111275109099356271925	0.00033479934058580445	1
107048154605469255485	0.00033479594292575054	1
109552611241129410564	0.00033463118460586223	1
114167695440570624966	0.00033428412801709347	1
113403343677716990503	0.00033421305628392433	1
116128021158658296865	0.00033400839433941464	1
102986769597406334183	0.0003336408899449126	1
101747565808430574463	0.0003333628618184497	2
114423399466003386774	0.00033307576827811133	1
116177105027006116565	0.0003329562526387494	1
109491513738153401371	0.0003328376809398891	1
116649116961357005140	0.0003323659627786346	1
101538270428622496168	0.00033155793151090477	1
102776728878501168066	0.000331504657312762	1
111202014914217101932	0.00033108856828763277	1
108598556872208084839	0.00033074954285023116	1
112394682821916197551	0.0003305238561101255	1
115649372422569790982	0.0003295884902458012	1
113779341517456253582	0.00032949462581974775	1
101552077150939988338	0.0003287128410802537	1
110789080522014238303	0.00032849455608176893	1
117182569650765860844	0.00032821420828648437	1
115821392789860672220	0.0003280278705686709	2
106955369574184976224	0.00032774428001765125	1
114663404362356164517	0.0003275690223046121	1
103668084740542041629	0.0003273872609657312	1
117559948139972399832	0.00032735020404317967	1
111796018366417030217	0.00032730056078873596	1
110880821813722445892	0.0003269589528332611	1
106933247368164302369	0.0003264625565127923	1
118159940505128871489	0.0003264378464306639	1
112799006469931817525	0.0003257603931826054	2
105801325986282800781	0.0003255073743197533	1
103305245717178703031	0.0003254322275426345	1
108555035472003651471	0.0003245376601249527	1
112456324007393635989	0.0003241780240729982	1
104719126768743359907	0.00032403429268335976	1
102002806084221165207	0.00032387503230130806	1
103981564978764015395	0.00032340347281140905	1
116818181495593250724	0.00032333318902212106	1
105741396143408495425	0.0003231737112188726	1
112185778861152121759	0.0003231087803876161	1
111329884512714143908	0.000322221394493493	1
101966077747271815817	0.00032084573515467915	1
110997629399308168670	0.00032074808958443106	1
107905298448058217455	0.00031972897510981394	1
114081377388014112794	0.00031923331490569477	1
116524472565118625544	0.0003191967622972289	1
116697286731737877627	0.0003184303887855953	1
106650466692539321224	0.00031834247654856027	1
107584182265609088587	0.0003180293347383674	1
116164606464236399581	0.0003178048532876646	1
103203236626765123348	0.0003177913733480349	1
115207873846336347565	0.00031778678947184605	1
105040363328817183176	0.0003177411137324768	1
103299798085479124159	0.00031768252690970436	1
103266213049648277694	0.00031727537845987704	1
106476653879471170832	0.0003171324517243243	1
113531602714963151831	0.00031699705174709724	1
114951240928694703425	0.00031679566280972955	1
102852946147089248599	0.000316590081630557	1
110705700330484517022	0.0003165821702126022	1
112033415907273252363	0.0003164440781474463	1
108650964660270784923	0.00031642425986348776	1
108756137238400499623	0.00031594951462772704	1
117534841573706160265	0.00031576675266026385	2
105573629067206326705	0.0003155754607722388	1
106328759306073779932	0.0003155518331856555	1
105578920952786349987	0.0003149035069391098	1
116606856943517773754	0.0003143279911266692	1
116833386374533535392	0.00031425188842877584	1
114414788679507195334	0.00031378173965147175	1
116743227106248622722	0.00031365599381672524	2
102481824584883958574	0.00031364303306311253	1
112934510583997459027	0.00031326063691777014	1
100874385648845850765	0.00031280729647880967	2
115281669312362603483	0.0003125737652970003	2
116810849227927337738	0.0003121866782621858	1
108280492915655721173	0.00031174682430379813	1
112789999233754986342	0.00031143152706693755	1
115777979286765949213	0.0003112530532995935	1
102532638517986244843	0.0003109134933561343	1
113044581232863045390	0.00031077957696523445	1
101480034469212484940	0.00031015503104564126	1
104977199600480374086	0.00030956427699364934	1
114365926453576405227	0.000309412375830678	1
117742002859151593517	0.0003090107406205754	1
104676389010870119196	0.0003088942533080693	1
105349376950696981004	0.00030850962101849194	2
110352724274467790538	0.00030825774131729893	1
108206369568878291159	0.0003082232911076012	1
112648267813455070960	0.0003077368802856305	2
102588498417952427995	0.0003074635811014237	1
105964231494590034329	0.0003073761768069486	1
115723566975460105672	0.00030722791360904755	2
108263581871732759312	0.0003068765714702704	1
104030964827421330184	0.00030674159975884965	1
108832015752952066226	0.00030657031485740993	2
100531009774205607370	0.00030641729275397017	1
105324806802491242518	0.0003061502303926688	1
111033554017737306537	0.0003060541913564124	1
104453092237562735900	0.0003060283095263944	2
111104582291468807224	0.0003059124112577367	1
107968432779443498191	0.00030552028047213455	2
108317443844305654791	0.0003050516978456434	1
112619313650256220303	0.0003050417575081381	1
105467865168966984595	0.00030459341046782133	1
103594925213131438697	0.0003045406275268526	1
114622678515279320746	0.00030384579412824067	1
114730847052405497729	0.0003034572971584897	1
118070054582726180713	0.00030329965057895636	1
109557925774904536854	0.0003027978081842274	1
101249541492470716932	0.00030241443438260333	1
100799218807963226542	0.00030239777575877534	1
109776576652756544906	0.0003020693217886743	1
116445678726439165436	0.0003020572761786404	1
109145748860499655866	0.00030185220122759613	1
116197891130109681432	0.0003018180825112444	1
110117329082215599969	0.00030162535262889714	1
106017743284600146363	0.00030161262398274247	1
105917620863291289830	0.00030159983324314836	2
101561700663501133604	0.0003009254259684059	1
117843283228515176226	0.00030072290015466	1
117805359332875026952	0.0003006800800152683	1
106078058634485052700	0.00030056054910416026	1
105375650351786123186	0.0003004651745694693	1
101457610386079645475	0.00029992920403365336	1
116997669044638730160	0.0002994975925133794	1
106462860970024385869	0.0002992864186104144	1
103629654335371784935	0.0002991959006514699	1
103341982920838319070	0.00029868904574844733	2
118278359112139155876	0.00029865525089761957	1
100331455369252459718	0.0002985723724335699	1
104125296261722847655	0.00029815943487108884	1
101255695129410567771	0.00029728117914736723	1
108864469872400746127	0.0002968822610757379	1
102309610332127692772	0.0002965981711375599	1
108202298147606481274	0.00029644248199748723	2
116934715934221165639	0.0002960411246579795	1
113041914329087516241	0.00029597105968911364	1
112302631248798915021	0.00029589675317878136	1
109973035536879543145	0.0002958487219452777	2
117255524596369392021	0.0002957164062690676	1
103289152486994552275	0.00029558058325158905	2
103399824007160425335	0.0002954091937826045	2
107918130571175436514	0.0002953736838339053	1
116072975013419992504	0.0002941148720731869	1
113046903643405336497	0.00029409811399793806	1
102955455515640382151	0.00029386776100803985	1
113811969226527592920	0.0002933214417657755	1
105265999624397278770	0.0002928712331174918	1
109407066091430598490	0.0002928578305479413	1
102066871922288713265	0.00029272216430155417	3
112964968449128947977	0.00029259218287641274	1
112991313626189235062	0.0002925693946869332	1
106341567916766214906	0.00029235636977136264	1
109495249240236056791	0.0002923026996756972	1
112474705312383181847	0.0002921925299520562	1
115501740207269158002	0.0002918371340157263	1
117053950917406976756	0.0002917649429392769	1
109191735296746590369	0.0002916732604774442	2
110671408422894037889	0.0002915080587216231	1
114534281123740409592	0.0002910767560140629	2
108407582759373703100	0.0002908548067757806	1
117571875291901556171	0.00029040646335106476	2
110669051433232899143	0.0002898859106154235	1
115733812988670371912	0.00028979792891091705	1
101490957576972813485	0.0002889273649527488	1
107043939363617367520	0.0002888689437323638	1
118147921781957855412	0.00028881339573681085	1
100005082705576559431	0.0002887503058399413	1
101337523113023153192	0.00028861962336837303	1
107028717046021647617	0.0002883976583820453	1
114816847393562639933	0.0002883251075724374	1
118308074381355834577	0.0002881757890636292	1
114614350780176244605	0.0002879440441553143	1
100809713625766954090	0.0002879352607850686	1
103291201185681694431	0.0002877619954103583	1
104996914274924028777	0.0002877144717464474	2
111650801803473074783	0.0002872089046467042	1
117119534011567499416	0.0002866118153799597	1
108841596033475874376	0.000286261378175801	2
107042270560971627610	0.00028620427308746207	1
104064183850533836278	0.0002859626385822054	1
108507125113883781522	0.0002856423844557814	1
113005598523650662637	0.0002852719010851226	2
103650002773827548602	0.0002849353621061114	1
106432358258576015538	0.00028468971160278735	1
118296283876308088230	0.0002843397255002789	1
116338814724449809871	0.00028425529071012456	1
115505120968593748039	0.00028416115439191343	1
107757608385357177624	0.00028362429121937295	1
118071375088840707816	0.0002832613930289546	1
111196675919178615189	0.00028311630876654817	1
101696564891390683560	0.0002830152545139397	3
102566674549779014176	0.00028289200590584447	1
107518466082739302103	0.00028288804886006543	1
103375100700083556527	0.0002827750208484437	1
105125482547153397061	0.0002810069245054915	1
116025409071268898370	0.00028047991057716145	1
114009971131545849211	0.0002800830842182005	2
104622064521760138297	0.0002799981861532396	1
102103479592955328836	0.0002798966924839422	1
104733107622182396004	0.00027975031564710074	1
115496662804619223174	0.0002792607509003156	1
102458026855993922461	0.0002791448907293219	1
107982557594779091070	0.0002789150123184607	1
111557448858919642922	0.00027888420306713003	3
101679520792566295675	0.0002787433310406799	1
109498023550628418193	0.00027870734267787994	1
109040101811518429040	0.0002782514074592652	1
117338002748261686981	0.0002780475438644082	2
101488753686527966145	0.0002776999901208521	1
104882242073709732869	0.0002775202565234165	2
107971350449643641501	0.00027740055113786686	1
107680588369283418524	0.0002773438318953596	1
112180943834505975734	0.00027727517869973936	1
102109580936430073643	0.00027665377114796425	1
100626141047132415966	0.0002766404112162913	1
109346480894702563461	0.00027654159505733576	1
100080446399904627529	0.0002764655628243786	1
109743570096499105339	0.0002764312397030347	1
114822940928395132844	0.00027640020853432316	1
105254051395295501282	0.0002759035831838682	1
113158692486488316905	0.00027557601534014976	1
117478161204997761495	0.00027517630373819526	1
103268295481835751458	0.0002751723173265105	1
118322390049921272468	0.0002750792038685929	1
102775928147679104912	0.00027413097960426547	1
110458702329544356508	0.0002732529547766284	1
116569860284144918219	0.0002731623209739941	1
107182641857396905291	0.00027306609161170296	1
110306395917522351460	0.00027284000521686833	1
105836091830239528109	0.0002727945974736744	1
111897735460554846464	0.000272530401073103	1
110799046589648906446	0.0002724973402643727	2
112102649470673758921	0.00027238046823250514	1
107636575691610263982	0.00027232961471854644	1
113501209847635762574	0.0002720858077703618	1
106133496846526641697	0.00027187117627577607	1
101769173182533573563	0.00027181336457698506	1
103169599097036807096	0.0002717401284023949	1
113250864259766831364	0.00027159802455084265	1
109966435581841939683	0.00027157269977424087	1
107224999921830796794	0.0002710185414315409	1
103195962557020507382	0.0002709943298066043	1
115352794042107934581	0.0002709920431530621	1
102339622916731348714	0.00027044536930474685	1
112548103149470433187	0.000270419053777111	1
113628857549865021305	0.00027029809246222666	1
100617210202891815967	0.0002701825015872772	1
111929357600954512618	0.00026965111820489984	1
103086637429676916743	0.0002692470591838742	1
114283721651313848143	0.00026890037978271936	2
102257065581356885655	0.00026873811299466	1
109426661417764326784	0.0002684671833981529	1
117240929669967917618	0.00026832578465947	1
100772412062565222567	0.00026753677154347946	1
114238158023455392932	0.00026750977387866577	1
117200815362124666328	0.000267456739253735	1
109797934616480816733	0.0002674491235800662	1
100258589795772175801	0.0002671971957156985	1
114185234346525608222	0.000266772629373338	1
108286579695866347612	0.00026664023637828355	1
118168768195823468118	0.0002664227647275236	1
108156225708934962939	0.00026629626773677813	2
100433452218757609255	0.00026628238285398274	1
109963397333272042836	0.00026623877273920186	2
108348497916675615120	0.0002656936604996539	1
101163340982034936025	0.0002654671578147193	1
101521374052189170121	0.000265334519209243	1
107540614524272585014	0.00026526448659830134	1
100449805389938469721	0.00026526346035485364	1
117502667748039839989	0.00026524946564015855	1
107433962310670004737	0.0002652041084412664	1
114908787791451082030	0.00026515331456732663	1
115635143216115703865	0.0002650729879159788	2
107526726529845323355	0.00026502039216529696	1
107200737474142120680	0.0002648295271807397	1
116759275448689392115	0.00026482708020392535	3
109003966698259685511	0.0002645428461984696	1
116722770675777354220	0.0002643044469357515	1
104673487673432185010	0.00026430217612587555	2
102077242173234691778	0.0002642262287518948	1
114414918715721817392	0.00026414771360418773	1
109874911072276247408	0.00026412482404132836	1
111028082315989504992	0.00026399363410814654	1
104602813058000103316	0.0002639744192723469	1
116064361011906675114	0.0002639266187859404	1
113035353438532575135	0.00026373115516612757	1
105955145379127994710	0.00026359310244964307	1
105081604284902398186	0.0002634426304392269	1
101385168632634414078	0.00026326418396804634	1
115744085084480487127	0.0002632053220810684	1
117274296286588424627	0.00026295660033323544	1
109434957467306550995	0.00026284799744281007	1
112575530160586770315	0.00026269399994316553	1
102903398061897916183	0.0002626418249529289	1
117222880710522814010	0.00026260577396263244	1
101554438568103564157	0.0002624495407978439	1
103358948186492423438	0.0002622590019984876	2
104553498943035039915	0.0002621910005149914	1
107722965238862415363	0.00026213649039159143	1
115038867321204113917	0.0002617486138781095	1
109997502854000888494	0.0002614765851427427	2
116353363337959482262	0.00026146457933042835	2
115697305890774456523	0.0002612616663806377	1
113749055895839623266	0.00026124760384627424	2
117182985122363388293	0.0002611769263538631	1
103278256878718794014	0.0002611406732453331	3
115293203840093890641	0.0002610562279567278	1
103010775231318293247	0.00026081906839545415	1
115104267426866640395	0.0002606968014919184	1
109234124408185136136	0.00026046956659218	2
110952553607878218411	0.000260273525733757	1
108388340333632951775	0.0002601618350126397	1
106681513418311070786	0.0002600892620496116	2
106862856345509800363	0.00025985943868333557	1
113072555217875645754	0.0002593626497239691	1
112899512182711919050	0.000258919385956836	2
115829433200469056831	0.00025868823234844005	1
108628583646859201783	0.00025828275549240624	1
104325450616011389477	0.0002579993346988708	1
112770563451751483152	0.00025783495948626255	1
111821575951797997585	0.0002578231889446986	1
105409858910022720370	0.00025758009442893525	1
100836575866888387335	0.00025748834899600804	1
116461682974185230277	0.0002571674096801025	1
111982249399029558645	0.0002562780473944815	1
113852739153301621167	0.0002559695381698288	1
111832427001829505043	0.0002558319637734065	1
101485869048915938642	0.00025560281448383764	1
117296001850690198900	0.0002554694734329937	1
106102412638675297242	0.0002549489425109357	1
101778088288503924970	0.0002547657490024138	1
116809626757562332072	0.00025475694069920763	1
104758768843191027555	0.0002545239613759093	1
107517423017551095290	0.0002544524724198971	1
104605798887074567515	0.0002544208546959364	1
109800271898492208272	0.0002541154047610307	1
104017908284277852364	0.00025403355492182764	1
107223805726898891653	0.0002537508413575555	1
106937474774829256777	0.0002535793994623538	1
108179194772664802770	0.00025323103194925376	1
108738302921438473747	0.00025323103194925376	1
109452526577785010752	0.00025309194807488584	1
113063053260501311754	0.00025306778709170393	1
105675699991169784590	0.00025282892513878646	1
117770848973312555991	0.00025280817146640237	2
103408501464627468030	0.0002522687484223657	1
104913354939963856006	0.00025219012699415663	1
112985384150953728298	0.00025212697824604925	1
106568820506257637297	0.00025209321002014055	1
116044632523811669265	0.00025183032409025434	1
105421974138760294841	0.0002517931083636726	1
100441586987389760609	0.00025174506791674183	1
116814871005553401354	0.00025174506791674183	1
106646650270804857009	0.00025174506791674183	1
112170536789875560132	0.0002517390072467548	1
107368996039688286917	0.0002515519310128761	1
107182737655659527847	0.00025152443025509564	1
109909056904600147326	0.0002513179232501171	1
108037014675127192334	0.0002512226775124967	1
100326878362400242434	0.0002510780735199814	2
101894880508613975660	0.00025086671917178146	1
110792235557409482481	0.00025084625293415083	1
106807581933367246233	0.00025069666973099474	1
117980936881445786577	0.000250333134978572	1
104659591889244303540	0.0002502106716838922	1
107511864371344312097	0.00025017078373322385	2
113675578390903390470	0.0002498650402290441	1
110107407912957000191	0.00024981011242572394	2
107900195045289247969	0.0002493413332456205	1
116219923805670052100	0.0002483400325948542	1
114269496210965831573	0.00024792256761157274	1
115557467057909632435	0.0002477074225760784	1
106888778334265289397	0.00024768370795660074	1
115826547790148600828	0.0002475349395388332	1
115880631384458445368	0.0002475268613601306	1
105933010555685245478	0.0002475092692491215	1
109411102792980958965	0.00024721440101372813	1
108345315125027346749	0.00024719271611928933	1
102543156444222900674	0.0002467586649835482	1
116075143041789925450	0.000246670833869052	1
110079863444829896625	0.0002466539535195396	1
100100968360847565158	0.00024617856103703985	1
112151930569588270526	0.00024612806966192784	1
109368511926453946195	0.00024603778726675624	1
104609719209100900813	0.0002460294142803529	1
105516315461987887771	0.0002459151686262697	2
114126308045090257233	0.0002459065164527071	1
116868051115435287571	0.0002457967791400892	1
111775249304030171064	0.00024567398988075865	1
110310195267845370539	0.0002455779032559324	1
104468489754378882015	0.0002455779032559324	1
111345882581257529621	0.0002450624384383016	1
112501401372826445150	0.0002447903045191839	2
103355382935528114439	0.0002445854507180567	1
115929548230408917679	0.00024457618019696644	2
104003167098076574613	0.00024388616298002858	1
115760362826976954611	0.00024385733490280516	1
115998771612986797986	0.00024380357557290226	1
103769474973069130546	0.00024365314418336908	2
101024097052665506910	0.00024350610895926365	1
110625013952086172005	0.0002430556054605899	1
101568892031377503603	0.00024233739403955887	1
107301838407831899047	0.00024221896234506813	1
103498075483829204302	0.00024162390580914639	1
103861782658976434463	0.0002415639281799885	1
113803733192283872057	0.00024114614283902164	1
114898354218301877366	0.00024114370102024644	1
112743057860013994004	0.00024094699468127202	1
113444021366969898740	0.0002405817963121758	1
107807170102473852625	0.0002396288731076338	1
107285941492398194363	0.0002394044582612094	1
101804557415517393412	0.00023936845027479152	2
100853116348023706122	0.00023928026846901086	1
107638812645939132540	0.00023889113700254025	1
105765413048412797763	0.00023862982463752222	2
118202001468933861945	0.0002385752533873047	1
100245598934601485425	0.00023813218038851107	1
114110682354036220476	0.0002378788857651157	2
114541689533946157286	0.00023782982137797188	1
110934088477244270537	0.00023769953206739968	1
106946581825885094574	0.00023709906467619322	2
116989191884903377767	0.00023586281443183148	1
110288754875903421804	0.00023586090498080615	2
111587138116095226497	0.00023560710120290343	2
112653606507779940950	0.00023543216498033242	1
105333467584778279070	0.00023475330646114865	1
109621817790679639159	0.0002341836940368113	1
103816444640678722213	0.00023417566507749274	1
107038093669727810562	0.00023397453914435833	1
109850575194361823065	0.00023301140222540035	1
103649669798083626536	0.00023293899069630036	1
114645879992809942208	0.00023282121125132232	1
107733244710542926234	0.00023248493939785568	1
111540388816205189597	0.0002322557650977315	1
100762155390099007031	0.0002321553355443973	1
113513404940962262479	0.00023200475162983705	1
106359289049257177729	0.0002315904085010253	1
113668980822689359526	0.00023149172683168553	1
107298734936202408272	0.0002313885852577145	1
105896263597366199061	0.00023136151605758888	1
102481349570805603508	0.00023105196568241968	1
104902925985840564300	0.0002310243646677984	1
103420377993013704617	0.00023091509324723534	2
109896150151960601866	0.0002305511828654183	1
107463549017054995655	0.0002304063799309523	3
106358707695267111827	0.00023029154835291755	1
104622652481140023120	0.0002302204348079439	1
101770488605232738794	0.00022967217943843326	1
114956207109885071610	0.00022908632690528947	1
108388782630709102622	0.00022903713777768875	2
103740352600236639609	0.0002289497531608832	2
109613862240380369883	0.0002286785650207584	2
103548062497766367154	0.0002285925759503434	1
109042521400665463949	0.00022817407171433333	1
105725604410884507832	0.00022780740573696837	1
112870014028267922555	0.00022739824333892046	2
102012275170202099405	0.00022644796374886775	1
116147816928242268461	0.00022564278853870562	1
101726824179705304324	0.00022553067590996923	1
104191169675706355786	0.00022489808681437157	2
112398795340102899260	0.00022481505922980634	1
117699965871651130812	0.0002248113003378501	1
104322633633884186560	0.00022473876659004642	3
118067268488901677087	0.00022450181000954837	1
113416018896847718269	0.00022424644600951832	1
116437476834409037699	0.0002241775589708409	1
100643337488296839412	0.00022389114844053947	1
117299948427597747739	0.00022368182170401558	1
107281606820836977257	0.00022348313592217357	1
101587371101727983814	0.00022345480437371642	2
101043470131876249248	0.00022337180897181988	1
114715453315666898820	0.00022331876943348285	1
104088658996377843838	0.00022326929027830257	1
112111076651793199305	0.00022316619523145135	1
102783043613514986682	0.00022263236301651667	1
113572647951332113487	0.0002220700947874882	2
108685646031986912731	0.00022186744306624788	1
116627533641462345487	0.00022160371311990965	1
114006791828896121254	0.0002213200573905193	1
115584505592099661742	0.00022108277255682065	1
107733155205263571960	0.00022057946371785526	1
102040048239277948936	0.00021968584195867081	1
114081513617733356807	0.00021907771526298806	1
106804224681671590724	0.0002189454641682415	1
108977057549828737934	0.00021867255910114773	2
116418607879850704206	0.00021808807853581434	1
113506591816754768329	0.00021800170784478892	2
111640817248646252968	0.0002177876154274911	1
114159880436883300786	0.00021757705744371569	1
111262898241985807124	0.00021684648584546938	1
103282977758274433418	0.0002161183142568662	1
100820038296735086358	0.00021594973072274555	1
115071712425568585438	0.00021594101488860067	1
100515183142262708357	0.0002150693695360901	1
108434690148259642832	0.00021455349806434663	1
117409823741602663138	0.0002141556653706096	1
118036055625015203967	0.00021382214455025107	1
100342292792025362782	0.000213626724654684	1
100937265280856465951	0.0002131665783219592	1
113636008605609640817	0.00021313122014301637	2
112994448426929290142	0.00021276880262953825	2
108232053883117441279	0.00021165687626348826	1
108625482022776687282	0.00021158759840442956	1
113407268704385944825	0.0002110045844290589	1
111763481164745072482	0.00021098614611168734	1
107194964641870901541	0.00021067171480443613	1
117376267359328855188	0.00021021052062826105	1
113449485138917276796	0.00020958188426660078	1
117117243109101385379	0.00020956053580844418	1
105512969749187372763	0.00020923036845130557	1
108754546532690559725	0.00020881677181440887	1
107598383913610392766	0.00020878187427274516	1
107102187329247243662	0.00020859451395877958	1
102317615761439220869	0.00020858743047230568	1
101737045300257008341	0.00020847211838854373	1
108754493250472681930	0.00020825816348204305	1
113805222684842901855	0.00020776257116329202	1
103558562332625575318	0.00020748005624080364	1
110871444419347508427	0.0002067572696226834	1
115128374667074082298	0.00020607081631127567	1
100816901919177501204	0.00020606319409447274	1
108178207650853308679	0.000205480945811452	1
114789656426222547988	0.00020513021656465654	1
104964042127090446951	0.00020505064981203732	1
104833655739554987657	0.00020502253371195532	1
100966916740682076489	0.00020483125036416103	1
111786561871510261880	0.0002047639815397288	1
100673962416479970176	0.00020441110546720077	1
107731310424327452394	0.0002040644037285038	1
107667132936280389337	0.00020380463128185538	1
103114039984662343655	0.0002037437236578336	1
112359601414765179106	0.00020294878794120073	2
110774883658239211178	0.0002028313732490152	1
105255248026452050012	0.00020210136312837806	1
103116300002760903025	0.00020195957314135166	1
106731768926675569351	0.00020185046022204702	1
108045106590963354026	0.00020183767041800465	1
105878961582912980626	0.00020129933927359164	1
109685355183703105491	0.00020044659694243722	1
103029296772503461352	0.00020043151041619213	2
110040113521315312950	0.00020040626163045838	1
114098437066309152959	0.0002003186772104204	1
112976365220884285223	0.00019976480299579795	1
111072958736823153007	0.00019918454556780814	1
110873986733367333648	0.00019915397435383043	1
105283998564131439519	0.00019896912238961698	1
107036108500165220789	0.00019884878611961494	1
103028587161997985527	0.00019807960555126808	1
109428768325863907499	0.0001980454957954513	1
114021536527450214647	0.00019769920759469292	1
112873526435408854538	0.0001976212932413943	2
115623028764505854002	0.00019737489989372854	1
118355872034039359668	0.00019722334482397933	1
111277409445993547440	0.0001964057159195261	1
115674498897691536632	0.00019616750703459293	1
117303395761639173036	0.00019551751949194317	2
110670705179951780379	0.00019551429970378304	1
105131533686403485287	0.00019518637450233325	1
114562055626927061095	0.00019517082386216923	1
103749566346758346396	0.000194706215118773	2
114218318400570293788	0.00019450186394690162	1
114194930674721671394	0.00019428963068035142	1
113908941626766925457	0.00019402904251132288	1
112307793041972792333	0.00019390032165307516	1
117709347550534764246	0.00019389137533048204	1
100539660087140325221	0.0001938029300426066	1
107862391323875300036	0.00019375330326472904	1
109137253431589623598	0.00019327146556482125	1
114792982067567085237	0.00019270344367899728	1
108794862080067709055	0.00019243506923975973	1
102532968535241747833	0.00019161265982846527	1
105563759091232335597	0.00019160499480828632	2
102062601876717853947	0.00019102619648355158	2
117034293854308076753	0.00019101953324323975	1
108865400972044297117	0.0001909114751098102	1
114860539802931145872	0.00019043372266994661	1
103189393689979904014	0.0001896665705524842	1
114034284355369789714	0.0001891176422060393	1
116930422570872394152	0.00018908719288560582	1
105308979934343542247	0.00018873267889648658	1
106995276803371463719	0.00018842512142239583	2
111323441809328039622	0.00018830374845648618	1
110366467732185418408	0.0001872507783380332	1
101232111323815728665	0.0001869451033728456	2
106414777502164337090	0.0001862944012659397	1
111237659667711091244	0.00018603676258670292	1
113198030056504399147	0.00018573039858600524	1
112277198736680067264	0.000185622671400984	2
106027077265149540258	0.00018513381614084846	1
116590809454045824041	0.0001849513930663222	1
114164514923524054433	0.0001843091811695208	2
100261119377032661931	0.00018405706250484784	1
111242482697505541966	0.00018372505482004172	1
101654453157549507421	0.00018364152785292913	1
104607505138902799984	0.000183485006354124	1
100033128212185836539	0.00018335926862245427	2
107570506109695846181	0.0001831898061345716	1
116278332868028577867	0.00018284631355969526	1
111937704617881979553	0.00018210375183019128	1
107047532503485503415	0.00018180288689600898	1
104141262326921644470	0.00018073343493629957	1
112909250543871768830	0.0001803809647026813	1
107788748010681231150	0.00018012448009189596	1
107692374318333302590	0.00017845563562956124	1
109207480794281036165	0.00017840223192178422	1
102784070490739978389	0.00017829781197281833	1
110067153848300259494	0.00017804155692140164	1
109771106024354650513	0.00017784727682179709	1
111919647692394731566	0.00017781995693824136	1
102656645796811752554	0.00017740188487652732	1
109908015151593277554	0.00017684189163895875	1
107570706702265184027	0.0001766392704640106	1
117382758566513373644	0.0001760521455830824	1
101446002214560067526	0.00017584902328308553	1
109967919793826226829	0.00017469442867291512	2
103014554422797469147	0.00017452431476675705	1
108130752182456511047	0.0001740116604397847	1
103969832261050110148	0.0001729267129065136	1
115251104811828808388	0.00017279041161702405	1
105722224459117674159	0.0001724952071780418	2
109354654699190077757	0.0001724948794373929	1
105666396483772347559	0.0001722921136273168	1
107638863619837173752	0.0001719380111834788	1
103483594415764113608	0.0001718922100301821	1
106028516734291906283	0.0001716106235211059	1
107277277838915211730	0.0001715928557665166	1
102445864089941530410	0.0001715592504229158	3
116003107344322751436	0.00017150613725005508	1
101354709170478332738	0.00017125689054107952	1
111269890459836739078	0.00017123431025434173	1
109514677271368815947	0.00017123386016848412	2
102386532708336673488	0.00017102559914379455	1
108261554317505690608	0.00017087097277710387	1
108831033655177668418	0.00017075930467510988	1
105531651481470897838	0.00017011175943627268	2
111285138606927366618	0.0001700967801774417	1
103004615883604250025	0.00017008721869327462	2
108405116824255371486	0.00016982747594787535	1
110673157444561534771	0.00016952512216553083	1
104254664839322662744	0.00016952442661579494	1
108657230455325528986	0.00016913101503559505	1
112196663810686320338	0.00016855499051491598	1
118237596903642052182	0.00016855499051491598	1
113980266733269076382	0.00016855499051491598	1
116719743960352302358	0.00016855499051491598	2
106664988427685603407	0.00016851068731545834	1
108372988324147732405	0.00016846728851221306	2
101513928663329974337	0.00016818512150941131	1
117619343142698708304	0.00016814080711066855	1
102568349610408937704	0.0001680821772252259	1
108083193099242721028	0.00016806576141597507	2
110030325757473900622	0.00016805298090914143	1
116713642438641024203	0.00016799857604474455	1
115654618523026519753	0.00016783378933989124	1
115065463831695169342	0.00016758404003819073	2
108306731959841216833	0.00016758404003819073	2
114625674282283961179	0.00016757289279777148	1
101596262679907467068	0.0001674100515458725	1
103206137750684172709	0.00016739456922860524	1
110653823995296897117	0.00016720850916556509	1
107606487589576495109	0.00016719449428480494	2
114101622858867499833	0.0001670955441649778	1
117546774147248269533	0.0001670536011428429	1
109339184488144468126	0.00016681898842609951	1
113160225641069725026	0.00016681898842609951	1
106921790488099560539	0.00016681898842609951	1
108891812240883420701	0.00016681215006962124	1
111492072223879256442	0.00016662553348518018	1
114215530143401446801	0.00016660194232104623	2
111436917199917361601	0.00016639933545647457	2
103706256540348063696	0.00016638142448862503	1
100793050674258191265	0.00016638142448862503	1
105247281871089809385	0.00016630609704696762	1
108456601196893752828	0.0001662116633419324	2
109104565773873723465	0.00016612459368825255	1
109401160650934878853	0.00016587941488285045	1
108865840310100127226	0.00016584803794937426	1
100391786321164161480	0.00016583061056020328	1
102708058484693753923	0.00016549271725097367	1
108864530237187052014	0.00016544034272237076	1
101917764640282761674	0.00016524144609093513	1
112313806112724701671	0.00016514354678685877	1
107190157436033946192	0.00016486594023222973	2
113321153925679686067	0.00016486594023222973	1
111010442948357048718	0.00016457009495815116	1
118413492662025473937	0.00016457009495815116	1
106765084090424946721	0.00016433513333562167	1
111649536553172687463	0.0001641637010220242	1
108876681112272550752	0.00016383007355640533	1
107532931479841271927	0.00016376341764206138	1
107593650420567687949	0.00016367447192308329	2
114203225528610632003	0.00016359126551622748	1
107799983727708979620	0.00016349185340883452	1
117368958776759787292	0.0001631724623173087	1
100935798397920716187	0.0001630580610122262	1
116400576849110775941	0.000162704254672086	2
108822110587169516266	0.00016263445580006	2
109786154782944457568	0.00016197743199126145	2
109399386676451640742	0.00016185323976991337	1
118372725695527654739	0.00016123431061945554	1
113502120743976731585	0.00016098019751026798	1
106352393174206117695	0.00015872271522923606	1
103290793832651377508	0.00015819173390735214	1
104807545168403881532	0.00015733140658735789	1
104940614991488134045	0.0001559941648267858	1
117795293164120775759	0.00015367915921021054	1
104025253179693517778	0.00015352690645410982	1
110730363857890300514	0.00015075956549776205	1
107308314920634046077	0.00015051275726131846	1
106709530474650056180	0.00015044382073186487	1
117091728383134901424	0.00015041103486938338	1
118042028692063316659	0.0001503122019457695	3
110603365561644747580	0.00014998701695042007	1
108575967565755459793	0.00014963382862556523	1
113369943226902269892	0.00014949789358131163	2
101693152141507725177	0.0001491811451475878	1
108044028522957501874	0.00014843940820230458	2
107863686874402607929	0.00014800788271169765	2
114272810048164177540	0.0001475649926719013	1
103337124765697171534	0.00014626854372366244	1
109632948091452020726	0.0001461540123968514	2
109375776817486530273	0.00014570417534153299	1
118416812144759318170	0.00014551498507157028	1
102294632541337827483	0.00014519543542102826	1
117761039693696151620	0.00014364404122604865	1
100946056112226278932	0.00014323329780363146	1
103357949666523922507	0.00014303408165637394	1
115549182466307049757	0.00014290525179975143	1
114221175752555836183	0.0001418403824296556	1
104597805155626903584	0.00014158006228229665	1
103219443361271054880	0.00014092065010514135	1
106846000695480742975	0.00014077032659480076	1
108543308508493169210	0.00013991936340704042	1
109018967183494473689	0.0001398738388631264	1
114189921022945118521	0.00013814262568880584	1
111900358838340127537	0.0001380900909526846	2
109610492962302514215	0.00013781437635531854	1
106751892563914708397	0.00013731591040117057	2
100208795302718972008	0.00013655639620482272	1
108259617195878049851	0.00013646173988957213	1
108097040725398514482	0.00013604882635683392	1
113742188800479856164	0.0001349649426184455	1
107179772713815656059	0.00013460658138389134	1
111487319528176086388	0.00013430032392310935	1
112724548869227097346	0.00013377187482164533	1
107412044689174228833	0.00013371921527482075	1
100102580369821378441	0.00013286453110314696	1
106231772527277765671	0.00013248992792707455	1
109828702418266196913	0.00013208626421763625	1
116532865535007454054	0.00013187629312649227	1
108461695781777283125	0.00013172155377961075	1
112838697370071584180	0.00012963609524763847	1
100985291969576828778	0.00012962915395643834	1
118246145734072122133	0.00012950313760885709	1
105185404118464989149	0.0001293682617446121	2
102985560484845754126	0.00012863059145030856	1
103321939348211444999	0.000128152611420309	1
118308584759321095406	0.00012761784560052163	1
112138634233076868023	0.00012641259914131372	1
103850163607621421540	0.00012481794822494948	1
103856975267950619762	0.0001244299735047736	1
101355450832367529303	0.00012341268444470565	2
115792388192201768168	0.00012195157956305719	2
111593356252997175310	0.00011985725372502865	1
102063317248595630152	0.00011846063876679456	1
114369104304683139314	0.00011635473546003821	1
106305722300984713434	0.00011620588605843886	1
114229672120674947856	0.00011543807790069913	1
111053375017961311612	0.0001139218407177216	1
110385840751673080941	0.0001137937993158465	1
113088789812913003111	0.0001127133569811609	1
100139672411074101811	0.0001126541629658739	1
117561329829950012706	0.00011248150595814509	1
116942856914709222084	0.00011213323165933056	1
105383181258402377371	0.00011179090443624111	2
113144508110036988412	0.00011154748823713404	1
115790691489958007857	0.00011149502344908507	2
100215748767131817076	0.0001113407181251663	1
111740256331478156467	0.00011075300439885655	1
108959238097568990674	0.00011047300910879248	1
103073297920728268557	0.00011046124892093043	1
115517419228649049585	0.0001103326848159259	2
114899822560036085970	0.00011014952422141643	1
106591933182535861576	0.00011001293389401171	1
107402924256283323808	0.00010942089092896344	2
112444332488885454676	0.00010895997217502238	1
104806393963329507377	0.00010892637192042292	2
105337724515301687204	0.00010847123820040193	2
115512964318594992105	0.00010836562551450621	1
105810777370006501178	0.00010790884763106397	1
114587232806903790057	0.00010772120462712206	1
106285915071673170242	0.0001070815017402279	1
113601487780445780197	0.00010686058256526503	1
111241446949050447924	0.00010676931781316616	1
105734387661013056372	0.00010669793939856853	1
111477044685203603796	0.00010665722466529645	1
109807814281255112674	0.00010571006704491144	1
117059177683575828455	0.00010571006704491144	1
113934176362164280723	0.00010571006704491144	1
103662186874219670367	0.00010571006704491144	1
109954617725066333397	0.00010571006704491144	1
107160801098937734220	0.00010571006704491144	2
105017817427379618381	0.00010571006704491144	1
104039450155284255906	0.00010571006704491144	1
114254425361534927938	0.00010571006704491144	1
104077936084282413846	0.00010571006704491144	1
102951997503193655605	0.00010571006704491144	2
111339642682117412943	0.00010571006704491144	2
117490889057504348152	0.00010571006704491144	2
110779059815641653239	0.00010571006704491144	2
111186221744103606888	0.00010571006704491144	2
115218730914845205987	0.00010571006704491144	1
107613375290417561202	0.00010571006704491144	1
108524410386905290950	0.00010571006704491144	1
111776845033390455935	0.00010527186321029975	1
113912260003519832750	0.00010527186321029975	2
110737622732277394955	0.00010284290306397977	1
108780675827078974630	0.00010284290306397977	1
100887913383426974392	0.00010284290306397977	2
117987337528748069891	0.00010284290306397977	1
100419616417649256581	0.00010284290306397977	1
112383770347056807751	0.00010284290306397977	1
107160365121839403827	0.00010284290306397977	1
105315114991010793003	0.00010284290306397977	1
