#node_label	#score	#gender
111091089527727420853	0.010267316995779504	1
106189723444098348646	0.006278988171996328	1
113116318008017777871	0.00565620328869484	1
109813896768294978296	0.005527375894345666	1
110318982509514011806	0.005259532701960816	1
107117483540235115863	0.004792148209849617	1
102178700954286324866	0.00468658467035578	1
107033731246200681024	0.004601927548579905	1
118207880179234484610	0.004516435683827147	2
101261243957067319422	0.0043880851465559175	1
107753428759636856492	0.0043807395967024095	1
109074857816744029470	0.004352985339749003	1
109412257237874861202	0.004332195875061052	1
105076678694475690385	0.004299675304728093	1
103171849011748425097	0.004220009545381689	1
113612142759476883204	0.004056594002713529	2
112063946124358686266	0.003707343378043828	1
102048265612444661933	0.003581720091146273	1
108082478497335384404	0.00354965786029205	1
117421021456205115327	0.0035495279233913814	3
102636432758735249186	0.0035299968347664943	1
103012564142649561853	0.0034796825209901768	1
108952536790629690817	0.0034753701015031286	1
103716847685048716973	0.003443897952842168	1
117691391504351341685	0.0033750276535786565	1
100535338638690515335	0.003352888529232791	1
115565811010545226083	0.0033020072994497545	3
116388668762198604003	0.003279585927630595	1
113217924531763968801	0.003269203942307595	1
103112588675637065591	0.0032413238814817894	1
102034052532213921839	0.00322232121798031	1
113210431006401244170	0.003155966181874297	1
115478779964227301239	0.003132441379732624	2
112844561713780016118	0.0030863734749944	1
108255750659110762991	0.0029230270037605235	1
115360979797396777969	0.0028387046336421037	1
113166718268343560861	0.002811684725556603	2
110286587261352351537	0.002803498611157091	2
101849747879612982297	0.0027797231152155138	3
115622466243011136115	0.0027132349727780882	1
109895887909967698705	0.002639603824878186	2
106506966828595242496	0.002636964076842279	1
113475277239647026452	0.0025607161811578042	1
108176814619778619437	0.002533004292935335	1
109174551750397653742	0.0025164029177885943	1
100518419853963396365	0.002506639890446042	2
107968787521028284191	0.002463995552699473	2
100521671383026672718	0.0024087096320190037	2
106952974709619007593	0.0024053518673974525	1
105473622219622697310	0.002402385551387971	2
103861741370066605527	0.0022799897818205476	2
112276589013569458330	0.0022629346036868916	2
111538009015644508967	0.002259961486879972	2
103325969492772452485	0.002243229194849414	2
116768967108862685383	0.0022088766688319623	1
117840649766034848455	0.002173648687234421	1
111310990991240556038	0.0021593172028627357	1
112374836634096795698	0.0021293556355392765	1
105237212888595777019	0.0021232721806414127	1
111164095920889813531	0.002095152205293419	1
109036978092446954908	0.0020939363218434766	2
104987932455782713675	0.002079564675052583	1
100834378485895409468	0.0020757661946435653	2
118357356982727825178	0.0020690031571228332	1
109581870574956225297	0.002058014634383216	1
117034807403884912887	0.0020377573253893165	2
106497949182730964838	0.002034432748241222	1
113364856660738963998	0.0020334691614818145	1
114089069528015035598	0.002031633863688291	1
107896527414017792767	0.001998017677201758	1
111770459801993602257	0.0019843680292338695	1
106318111152683661692	0.0019794771101073697	1
106312895983244085949	0.0019701975976233596	1
111654284395316165338	0.0019655250404904344	1
115863474911002159675	0.0019644195943436795	1
107234826207633309420	0.0019353631621850918	1
112226108704688540728	0.0019241481134043372	2
105769508324436137332	0.0019231280309767505	1
113247423264358423892	0.0019132350596762447	1
103111382143198287157	0.0019122223266488027	1
113920721823301219308	0.001909274518380244	1
102600088268197126924	0.001897476028562039	1
117377434815709898403	0.0018953107531173511	1
100612175927429294541	0.0018886202589125003	1
104888463925532836465	0.0018876649973908742	2
107991184034868817056	0.0018828272826433155	1
103579304160477212496	0.0018745980550937866	1
117818363829980497205	0.0018717374820139997	1
118320665823821681206	0.001870245332975068	1
116394575739281318169	0.0018679118220197696	1
110727249496967897430	0.0018637196995245438	1
118122556596388698587	0.0018609373169261108	2
114202150062599138446	0.0018111485403457322	2
103657641753349471053	0.0017960450603371277	1
118265897954929480050	0.0017832246031861743	1
118418436905562612953	0.0017573818867278588	2
109140277806644720261	0.0017392219169868333	1
105847419267701979492	0.001730000750365435	1
114274687956791581923	0.0017192262898559358	2
109027288459519863918	0.0017017153071304748	1
115793765515193253189	0.0016809195990321294	2
118370558112016910785	0.0016785038177332564	1
109779057532625231365	0.0016730968943245664	1
100304352681897837766	0.0016421491674749739	3
100262595546646927505	0.0016405362387819356	2
113117251731252114390	0.001636479917263852	1
101288593495419475448	0.001621543253389399	1
101174951617223562800	0.0016189701530218092	1
108152786201218528136	0.0016117317029104487	1
111285782175840598932	0.001605045567195004	1
103907806627406122152	0.0015949977881051824	3
110442590930631703783	0.0015868165502659066	2
103773811230107801448	0.001582500736462464	2
100269980559891536109	0.0015732678484133773	1
101792420885438335154	0.001567507006751781	1
112254467169147545881	0.0015666971947418667	2
112339769006469685593	0.0015575536662669948	1
107379489464447013340	0.0015538522128374832	2
102498481444985188022	0.0015533373295212429	1
103399926392582289066	0.0015256427162510153	1
108998673146368660257	0.0015073897443182171	2
103100496883422151101	0.0014987354484266699	2
100940716892313727285	0.0014830782502890877	1
106532684826293540578	0.0014826189932501926	1
109116438871355814958	0.0014654019702341472	1
107519026002586025827	0.0014627582278568803	2
105273428597140573510	0.001461675722615052	1
103207773865797007066	0.0014558734215236973	1
103765655241162838230	0.0014532355676710501	1
105822688186016123722	0.0014266675524131052	2
104458801156000551882	0.0014165325487468952	1
106979372492552141708	0.0014145684102270396	1
100071403328735908465	0.0014101999446726762	1
106120978621025253392	0.0014101428648095103	1
105910977869522122580	0.0014071657395266185	1
104612091113514802664	0.0013985177347679435	1
102563035692347750787	0.0013976218690599424	2
115047896996200277508	0.001388793792716526	1
108189587050871927619	0.0013876754997990035	1
103436150731639349099	0.001386463815546144	1
104924126539446479361	0.0013841850786508079	1
103660543175586203250	0.0013839398708431789	1
106720944939487995474	0.0013813914425364663	1
102976465024742837897	0.0013804482485234824	2
100367144709105316901	0.001379516006524722	2
106078945425159812521	0.0013662649357980726	1
114046998698228319586	0.0013557723627192191	1
106772544387169323774	0.0013361210806675362	1
117328732331103841331	0.0013346299066188646	2
112353571951662353120	0.001331949535005319	1
100873628951632372330	0.0013227716765072891	1
107781761552417614958	0.0013152838022385182	2
116214152295449083654	0.001306457883989143	1
112364132652438722780	0.001305029220580544	1
100084737546039360199	0.0012938595017042216	1
115739378269261680935	0.0012847850727258742	2
104557885419342982371	0.0012806703081747898	2
102216887206636463918	0.0012798243288900653	1
113565031517839416248	0.0012781514509661693	1
111666959095947698908	0.0012746776712226143	1
110321775511217120259	0.0012677254204818012	1
112726038360301567381	0.001263087307143492	1
106792630639449031994	0.001252804051244237	2
116805285176805120365	0.0012521427399957807	1
113801236315350503728	0.001246685740369055	2
108865224681518296173	0.001239781298647284	1
117373186752666867801	0.0012391040942148403	1
102150693225130002912	0.001236584353231324	1
100274617726048487544	0.0012345668817146398	1
106831531882211011527	0.001217922982860075	1
107833107845497630206	0.0012105875441745842	1
112829005077127347210	0.0012097593552712717	1
108983794324695703724	0.0012051678352451081	1
104706828888809003618	0.0011949706132077305	2
111288574156818690676	0.001187356268745649	1
100193529331792590881	0.001186338256294755	1
109017328710054242431	0.0011816347608737524	2
103628798844723879427	0.0011788761496862715	1
103101121348859087349	0.0011695962075459671	1
110245751704905428576	0.0011631107140870941	1
107980702132412632948	0.0011616848837670444	1
117834470724154925643	0.0011603766144460974	1
107982618909749811163	0.0011597164605690843	2
117693415411676715849	0.0011580996934740376	2
110661387351953042303	0.0011542236611342468	1
100258208745065110297	0.0011522631538002641	1
114235594503919622485	0.0011480684631447666	1
108894779805940659869	0.0011429501862487825	1
100537991844787325512	0.0011411797855763223	3
103541694080221120019	0.0011391965107123965	1
114096599366011465749	0.001137684507927962	1
100093902492789669774	0.0011369084501360615	1
113686253941057080055	0.0011368054321697371	1
116816110847604342806	0.0011358804290457112	1
107014499721205083179	0.0011340483097477178	2
106876108861840284155	0.0011314569672336299	1
107413067341871105647	0.001121125583122902	2
100279438294886290330	0.0011134448241902715	1
103406325424673077647	0.0011040020267754887	1
109927484147791985788	0.0010986157879087956	2
115658896387238242974	0.0010985578748554823	1
105693760650527951874	0.0010938434803615985	1
113351703941294630458	0.0010931195650481901	1
106717946845088683921	0.001092121120897123	1
115744399689614835150	0.0010919077039438635	1
107222163924838615114	0.001090349092107069	2
111088960949686598611	0.0010887220628449678	2
113882113745075873153	0.0010873102812973075	1
111128778940913280838	0.0010859608762273138	3
109389725894205065198	0.0010817829934270694	2
103493459351957813291	0.0010780847432492185	2
112036164749195069204	0.0010730579628097378	2
116374117927631468606	0.0010715148687222252	1
115723497250720724489	0.0010676080081555527	2
105167657448375010036	0.0010675625531379215	1
114520811053457424775	0.0010668771096090492	1
116873605619141481480	0.0010613281560147901	1
104550678234629742078	0.001056204379475409	1
116730839169823838592	0.001051790469056765	2
111005666466297482380	0.0010481834765055616	1
100789590127918881516	0.0010468341630996251	1
115497329510512199057	0.0010458685372576849	1
111514894162324549099	0.0010455108760021132	2
108172009599607363531	0.001044423696373695	1
115404182941170857382	0.0010414143805732334	1
114979733565079457374	0.0010396207466669561	2
111730961093385337631	0.0010325029569392859	1
101629211371073711149	0.0010256160012324374	1
102399741657103137277	0.0010239909164679374	1
105343468977483636307	0.0010235380646095727	1
106702963465506867582	0.001022458809595988	1
109737898442105024111	0.0010148661784182616	1
100616152580105910025	0.0010147396348735576	1
110754163217982167702	0.0010130432549903372	1
113544226688149802325	0.001010775028782659	1
116665417191671711571	0.0010046421807860533	1
110349587692857642647	0.0010038158479203246	1
114199219545463600767	0.0010009462142315153	2
102222722824849858928	0.0009941000148302106	2
106434073353360803681	0.0009915610070613489	1
117743699429239435303	0.0009882170559177919	1
108314259245584185142	0.0009861680453850331	1
107420422968461975442	0.0009845665532903054	2
110615203095633370838	0.0009822951685382305	1
109191289222453878220	0.000980996458131019	1
116897165866427007282	0.0009799439093770234	1
110981030061712822816	0.0009768585021682642	1
105410160078895778656	0.0009760112752503329	1
108782947972421325733	0.0009741738598820892	3
102353129798808531979	0.0009717648587481305	1
104956293623550863730	0.0009669291109662026	2
103186550328868019697	0.0009647688065040753	2
107191542129310486499	0.0009631828263206334	1
114330105919999753826	0.0009625591998357308	2
111003376540003743015	0.0009594998379449473	2
101735325402794400573	0.0009594924769390644	1
111003533336553674230	0.0009591767774905647	1
110510753021643719970	0.0009580551718080216	2
106792232466175283642	0.0009575306775971579	2
103233967921245494760	0.000957352179811269	2
108334318341392054568	0.0009545014428849711	2
116416314233992548280	0.0009486870513946307	1
100974258168375166691	0.0009446228935995654	2
114723964985237592593	0.0009428047602559075	1
112850950254504072129	0.0009403206261025829	1
106829364795701933124	0.0009374932291276923	1
110209787594312878744	0.0009355201073110893	1
107590607834908463472	0.0009355012092287075	1
107606703558161507946	0.0009337997303031432	1
116802117190197146689	0.0009329767124635405	2
114244914082871792125	0.0009317983498974649	1
106141970002595541286	0.0009277024484900733	1
117550971892000156946	0.0009213832185758608	2
111181389036901378787	0.0009117429869347495	2
100854202666064752024	0.0009096776088347882	1
100882724450254120951	0.0009096632123060876	2
104191514233385365427	0.0009067197700352884	1
100300281975626912157	0.0009064599825700367	1
107017707552617864674	0.0009013582988077356	2
107010847993254556683	0.0009010540481082315	1
117316671086514429511	0.0009008279144126804	1
117075311027610918011	0.0009007641253275366	1
108648718072351487172	0.0008984924936482517	1
116621986644249676039	0.0008961444355358016	1
113326499478607390840	0.0008935090959215017	1
106802084872920510496	0.0008930795897130674	1
101483533411566453214	0.0008922300020840425	1
101720949843787442951	0.0008900848766277812	1
110034313284073203847	0.0008871732348485269	1
107133948555394893679	0.0008870306547826042	2
102797953003564182378	0.0008858322931193873	1
112707199408484711520	0.0008845157181925883	2
102370347732140106252	0.0008838831438225507	1
111203177111013925515	0.0008829126777860903	1
110836650556449892392	0.000881851125309931	1
107691215066783437198	0.0008817061394145718	1
109193674823031718540	0.0008814061735234096	1
113186623583029971455	0.000876692463113336	2
101014185338097728734	0.0008749165996521935	1
102476152658204495450	0.0008723099759432578	2
113234126401294172677	0.0008709091063272482	1
111164228693257897305	0.0008709073812294991	2
113758147814858568109	0.0008693136068047113	1
105902716863305090394	0.0008692532383159216	1
115740425396974668440	0.0008674582526299816	1
102615863344410467759	0.0008640844191826484	2
101185406398932804414	0.0008632326892677861	1
108261172458336520976	0.000862336955536256	1
106831762557971378854	0.0008573121115332963	1
105006381068870463173	0.0008478173599611688	2
113232917237154594681	0.0008439751435497399	2
108473613890726215442	0.0008420061333126257	2
111714769899525603342	0.0008416730250237583	2
109338042770256545236	0.0008403361241703018	2
111640272568271242568	0.0008398151467452432	1
100335496845020065289	0.0008382532082565025	1
100268819871789028907	0.0008361910969904541	1
108770025895417156764	0.0008345280924627241	1
114265855614929269568	0.000832037647019674	1
101765416973555767821	0.000830363670689477	2
115017401467423642930	0.000829410016216127	1
109964383582532868438	0.0008286710130043092	1
115675748062237570841	0.0008272903211987061	1
104844817047555881215	0.0008262952597718758	1
105545068944703206621	0.0008244034676106082	1
112366735963271550830	0.0008226999111551165	2
101402083546718842256	0.0008120579543742631	1
114607043207014058571	0.0008108260615231322	1
108108273511881005173	0.000809570898804522	1
117523047521837823505	0.0008088803774545014	1
103965582964444715563	0.0008059099936824124	1
102896689791899460747	0.0008039777847925122	1
109989083758422847178	0.000803742676963027	2
116205349749133086640	0.0008024032227522007	1
104147032621576433590	0.0007997596153774286	2
114549564725160709822	0.0007970586552404184	1
116656988837287701584	0.0007969199131298702	1
105713497706843136406	0.0007960088202634808	1
101169865857654555922	0.0007951889007364748	1
113271696737383211339	0.0007943423543114818	1
116395764837475316383	0.000791729667526357	2
101069176603529970895	0.0007869428900742195	1
103918544362469330603	0.0007824425536353816	1
117490083650718194659	0.0007785059543067875	1
107743229589123592762	0.0007704504273311694	2
104906919451670502090	0.0007685886435649502	2
113447931380687480753	0.0007668535110346329	1
115947571425501492839	0.0007655122665422307	1
115314704721793037922	0.0007653866254264646	1
110874778461943365830	0.0007618552661437816	1
107276141498259738178	0.0007607754483087287	1
111719533163202900131	0.0007594933751154105	1
100689610725567995570	0.0007585231106388732	1
109710318485682657052	0.0007576433470205658	1
106008941849648772680	0.0007568098764385658	1
100498091085142703743	0.0007526236963016878	1
107905086010096344772	0.000752309059225578	2
101262147826811866992	0.0007522459919459535	1
116248523622526229178	0.0007473838417146003	1
104461364885611490928	0.0007464802203000792	1
107054398730220626019	0.0007455750981732977	1
113891423043364949268	0.0007453815322300424	2
106100296973968329853	0.0007450918386747919	2
108652640482631482795	0.0007445401030475576	1
112669442975277292500	0.0007438158962364324	2
108325036468578880406	0.0007435420220549089	1
117861338670157326726	0.0007435205095644186	1
105616606109443088514	0.0007422091227996485	1
117344752225183656923	0.0007397503807391283	2
109247306373593947755	0.000737384489600535	1
110794809430947751597	0.0007366794447434555	2
105600646698942288797	0.0007362309417031156	1
113171227622011939089	0.0007338661325558364	1
109409183697005229195	0.0007315233959881397	1
115468408499695328714	0.0007310570117663103	2
109410049853740963142	0.0007306839274841787	1
112403562981201111940	0.0007304874075457382	1
117940797281312243002	0.0007273414073799589	1
107438682907917399901	0.000726747742675788	1
113391812624898456365	0.000726051053940498	2
108424801450438618205	0.0007248350977210327	1
110899709105002539146	0.000724702812329112	1
107460400955464713852	0.0007244324838949598	1
102814019596965765116	0.0007241457542418146	1
114664307180734299077	0.0007233011875489939	1
115813168898450727785	0.0007229929226530774	1
103322096164320811619	0.000722576545238645	1
117483306494990479133	0.0007216314664741596	2
102839963139173448834	0.000721269795668102	1
105059362788808645801	0.000721266675644692	1
115686712405727979216	0.0007190071971589556	2
104323674441008487802	0.0007187080675525025	1
109993735355691141353	0.0007179665992515297	1
108792139184701213826	0.0007151318788484163	1
108967323530519754654	0.0007149195882651782	1
102864603075591269997	0.0007147566513155203	1
100492431527288250143	0.000714434887739045	1
107945426404682361496	0.0007129919378624349	1
107082593606402385292	0.0007118466732142902	1
103625305650782852673	0.0007108443831927683	2
107323726887023845557	0.0007093283403691226	2
115850015072126033610	0.0007091188228886922	1
108772200278976934119	0.0007078455197744894	2
103760237079742609335	0.0007063591687127991	2
115109077044202722504	0.0007011903896930532	1
109143384193766932670	0.0007008978890719005	1
116992234810067730471	0.0007006503049923943	1
113180375618328351247	0.0007000637382991671	2
109794669788083578017	0.0006999039103599866	1
110464200573564226043	0.0006977698162700032	1
107951823638685687042	0.0006969314004438838	1
101704103161442695877	0.0006962286539315509	1
106366615678321494423	0.0006949002780007349	1
112820512550939559523	0.0006937276676829284	1
113227252986293896064	0.0006913633812813704	1
116375213592391711467	0.0006879785468896956	2
111090889118700110346	0.0006860935524667315	1
107742059751171695340	0.0006860873731245854	2
104487667381992067425	0.0006843126010613468	1
106562040211983246504	0.0006842361474312551	1
112961607570158342254	0.0006839857669941631	1
115570939558790629700	0.0006812098162459976	1
112435942355572461782	0.000680512184922656	1
116842514278390616129	0.0006803488548494737	1
117663015413546257905	0.0006797943886325934	1
106233689102051378781	0.0006788338030925573	1
116150967947854273802	0.0006780411331071205	1
116594877350823996927	0.0006775138461575994	2
112353210404102902472	0.0006771186979886823	1
115989323496360706014	0.0006753727347485615	2
113309470814122509541	0.000675138373858989	1
102646278174713579067	0.0006745720460909965	1
105839398017105551950	0.0006739660068273523	1
112609956355138553458	0.0006731109711186798	2
100512649718649402368	0.0006727342070549037	1
112710501221399450850	0.0006724707532696092	1
104570540770975204467	0.0006712486605104802	1
118043626338533733685	0.0006706983637249004	1
111048918866742956374	0.0006698394683511454	1
100313449630224835004	0.0006692575551749313	2
112683594831655174485	0.0006662932361972108	1
117378848700596735005	0.0006662204656374938	1
102199777787314348675	0.0006660235392786889	1
106176762220398854458	0.0006646181380123958	1
116269625715795017464	0.0006641615022263774	2
109451599267710862785	0.00066185332126889	1
104600296217176278045	0.0006605472723625413	2
114917776781939549995	0.0006603147197432147	1
104675979541400287552	0.0006596591605541307	1
103911183408644149411	0.0006584486240368465	1
110547037687446134145	0.00065832538382908	2
106336287464172898487	0.0006579299473623518	1
102948679177783493401	0.0006578033824824108	1
109311740276018716556	0.0006571968680952897	1
113593501038935994355	0.0006569493902064863	1
101984328356169025984	0.0006553496873958225	1
107308976571078250231	0.000654792881940072	1
116212742289120186494	0.0006543598101076293	1
111294201325870406922	0.000652798613429528	1
110351160992477343545	0.0006521290913909517	1
102307008290001893965	0.0006510694030765791	1
101984790166572778922	0.0006508154156757875	1
107071332326571881653	0.00065050068896852	1
105901182261884628679	0.00064804244409479	2
114173056809926465824	0.0006475744926624338	1
103522841430099843089	0.0006461728079209917	1
106981109992478346191	0.0006449016749053272	1
113898425766485520077	0.000644239130155424	1
105421360534824524100	0.0006434739665463607	1
104973761519912571719	0.0006434409253373119	2
102604554618567108175	0.000641099942665089	1
100915344973649959428	0.0006400546984719911	1
114291965269165524866	0.0006398678730049926	2
107006059340452534782	0.0006391230107244221	1
101703900497034523246	0.0006355148734463437	2
114840173700805743995	0.0006349593636994788	1
116312861051138180882	0.0006347051755891064	1
114573060328510500521	0.0006338449925652398	1
102088173699409175139	0.0006331143420923542	1
106738570823745562395	0.0006324857909201533	1
114619623685989006732	0.0006317745485771596	1
100075356758919993129	0.0006313537019944547	1
101111269969899151919	0.0006306810003320857	1
108152252385291870699	0.0006305288890441763	2
114668932913459899449	0.0006292738459870433	2
110240143550654748022	0.000627791425318396	2
103125735241726262518	0.0006266590351955733	1
104215081746139431649	0.0006256576521041814	1
114487965928288927815	0.0006252995685878571	1
102817283354809142195	0.0006231733613103585	2
115608553892438743738	0.0006220743894285714	1
111406933001277454718	0.0006217361056600687	1
114334109274969436200	0.0006217262477013793	2
116935304621714844901	0.0006212303142956762	3
106967325646926628873	0.0006212202179023445	2
103673673442691110018	0.0006207043217959815	2
107989370857115020482	0.0006200902061753398	1
107051665537162034944	0.0006171307691843595	2
105216491640488683417	0.0006170612981566987	2
106998895742283999404	0.0006169588533581098	2
108972509678555833657	0.0006168712004272102	1
112740165303235183270	0.0006166418620445937	1
111861580511300702231	0.0006159102002288394	2
115302451851587317396	0.0006157793979549136	1
103140137391526341351	0.0006150458452000867	2
117617463050753227430	0.0006146882332645503	1
106909838723139103413	0.0006128710328531365	1
112614367259340988369	0.0006125369578216156	1
103984595971776502972	0.000612509351900255	1
109080723668547114837	0.0006119127624449171	1
113165147467813592377	0.0006111292129055755	1
106478271434987235213	0.0006096510509396844	1
102944610657154936062	0.0006095328601111829	1
111326500706485286272	0.0006090901712569286	1
113025758348628700217	0.0006074661492441503	2
108880714002171992138	0.0006072041958276636	1
110388170249552452202	0.0006065304085882115	1
117564596582351536596	0.0006065151608649313	1
102887292457967781591	0.0006060130984141567	1
101127849472046131831	0.0006055022301231958	1
104531609977012265422	0.0006054264800065323	1
110040001084209829686	0.0006039002193815454	2
104052724814079219066	0.0006019711868343041	1
108487783243149848473	0.0006019119602056685	1
103637153024917466425	0.0006016949957450633	1
116180809349156681993	0.0006013496250471375	1
101213330446618923166	0.0005998241823181446	1
109602109099036550366	0.0005997414878881329	1
112444182697680730473	0.0005985861450500758	1
102834614007561141183	0.0005985758439015049	1
101994363144373671664	0.0005981991688806476	1
104748620959403241968	0.0005979499558526609	1
113091098413029716098	0.0005974230138527184	1
114338217792003600242	0.0005971526479028853	1
115788203615961124571	0.0005962507945582919	1
105256156026694816333	0.0005959437858476817	1
101446950128598043868	0.0005959325976034592	2
108541235642523883716	0.0005950258613376895	1
107446823309341386448	0.0005942736907829134	1
106944536119733342041	0.0005928708745450106	1
108267657361246882904	0.0005896287437241758	1
117220625678034723010	0.0005895580658926012	1
108316670838828910396	0.0005883505487701002	2
105704128932845103537	0.0005876795826294939	2
103347174328293237566	0.0005860257347902961	1
105951083208800607266	0.0005849435125555852	1
104279244238026533071	0.0005844611035854001	1
113015718416261368227	0.000584371130853864	1
114424163811716070551	0.0005827686799193512	1
102583849990761016900	0.0005826806351250575	1
111707273404757375952	0.0005808732595888736	2
115056011540871202403	0.0005799807630417892	1
109723709937833717563	0.0005798651024282592	2
116413044354741091056	0.0005793797979457034	2
103567675444540504278	0.0005791921229454018	1
101475873089004686144	0.0005786734497567372	1
115976612934744106451	0.0005782573719376116	2
115459243651688775505	0.0005777772488218451	1
114783963660941257693	0.0005771215712522849	1
105435074544337918474	0.0005754892216037197	1
115527632958457358109	0.000575189372642999	2
114891934677835796437	0.0005751715416539207	1
117414240941443846478	0.0005747733146301404	1
111601729473858041964	0.0005745252242793319	2
101508761974943939560	0.0005732306892618348	1
110538901086027880345	0.0005731314104617637	1
100741560621611999898	0.000573055156509612	1
107205168267515108946	0.0005724575119811278	1
111269553014416120850	0.0005717459496567695	2
103226166584311556924	0.0005716873792477337	1
102518365620075109973	0.0005703207886267555	1
105510708763837902389	0.0005700711656938516	1
111479647230213565874	0.0005684167933445499	1
108794547410659924647	0.0005677294019243869	2
104408971224491390678	0.0005671695084426955	1
100295373702562394797	0.0005654674977284694	1
101935010073334602731	0.0005635324498320447	1
108178180066149902997	0.0005619404444448767	1
102014620469584519426	0.0005611454539599339	2
117690506885757577518	0.0005597632035532103	1
117139907586011263319	0.0005594065896114288	2
108223812814027910697	0.0005593170842236793	2
100250719688614433914	0.0005590009336296886	1
105421989284418308161	0.0005586466621824086	1
110193533410016731852	0.0005579076906833669	1
110513304172301520239	0.0005574287144071054	1
109555919001321700626	0.0005570973343413893	1
108034523839257798935	0.0005565346029397411	1
104961406012654314344	0.0005563036091084432	1
100361336950800861595	0.0005558907029888249	1
100274756805842908075	0.0005556303483748573	1
108883923090202244243	0.0005553612971630107	1
105240469625818678725	0.0005552097362867786	1
117958363368979774542	0.000553895305183745	2
116127033078839124702	0.000553584488728517	2
112550116279721943627	0.0005533854798817273	2
109397804382663028308	0.0005533798302925915	2
114149296801704936672	0.0005531961756012973	1
108832773152747423283	0.0005526037049133508	1
113850935463309951154	0.0005520942120300651	1
117997508248143467215	0.0005513116726584257	1
105073221672682346129	0.0005507893849832017	2
101641620295650841734	0.0005505753544695602	2
104637347385347586768	0.0005503733528092736	1
112253631173744101346	0.0005502264143778151	2
113295592665136557949	0.0005494378864424367	1
115121555137256496805	0.000548519322710148	1
108120283126178283940	0.0005485050155830534	1
115777169768345614675	0.0005485020815907389	1
107808951807533655192	0.0005481258294569619	1
107889308834020041514	0.0005478583696527784	1
115369062315673853712	0.0005476810887807217	1
107697270156490152958	0.0005472169712902716	2
116640923223897011110	0.0005471850309264528	2
108731496152002108553	0.0005469179318918413	2
109304903996729396661	0.0005469169943956703	1
103060500509332918638	0.0005467423901708939	1
100905810561722892983	0.0005455074371430345	2
102998696062504667685	0.0005453904770995105	1
107195785390523141157	0.0005435754495395688	3
114122960748905067938	0.00054344554991522	1
109667384864782087641	0.0005420773385947804	1
104706762420578115324	0.0005409910291605952	1
104150339468674665683	0.0005404589793211827	2
115764703235974885109	0.0005403708871770465	1
103789015979029553217	0.0005399989024110818	1
113057286764851383469	0.00053992916339806	2
100651621769656849775	0.000538890991590851	2
115019886746892568919	0.0005377160632096985	1
117197505764492438174	0.000537369001389474	1
108622331358244378714	0.0005367160426169423	1
112088443759787333798	0.0005367018340555697	2
116927391465690022495	0.0005366925689610238	2
105912966310368032981	0.0005366239336499045	2
100421655488973884511	0.0005358862741229243	1
103946955386081802278	0.0005346682509492092	1
105568760052131786383	0.0005344115504424885	2
107304599129049310946	0.0005338990979765478	1
114886348310358897265	0.0005314153591320652	2
116541152567955767643	0.0005313376985901759	1
102172471534334518172	0.0005298658931875293	1
110761100167727655953	0.0005296685890967018	1
112565301103246592411	0.0005291781589812396	2
105888615414982242080	0.0005291151877173515	1
112650348159434958899	0.0005280106311529945	1
108059096144020001716	0.0005278616032051099	2
110095183018033797368	0.0005266280251442133	2
113698589973698283456	0.000526509997736066	1
101432073546896267558	0.0005252910855973935	1
118225519006643983311	0.0005251392299581424	1
109876467727174291780	0.0005248102811294217	1
104227734437064715480	0.0005247266668574889	1
104329051199279597788	0.0005246371744495063	1
100784670873737717716	0.0005240736539021126	1
107707592416977920764	0.0005239228449672297	1
111674060767832848917	0.0005238072540936015	1
114139598854780441790	0.000523800824429016	1
110691778826596363915	0.0005232863990022184	1
114134834346472219368	0.0005232095506835406	1
118446147598193798536	0.0005231820117290632	3
117033715264863371696	0.000522804437411643	1
101465854435804471513	0.0005224063621700561	1
117177689300294532641	0.0005216734881213268	1
116138847860169360224	0.0005215134441749222	1
115524852692828190898	0.0005207585122680783	1
107858226132224039781	0.0005207426419437192	1
115982989172889057014	0.0005205455136127457	1
100971870367870906394	0.0005198420222774646	1
109747481588639022917	0.0005187796999436452	1
114228869493885222559	0.0005173565108296353	2
107459724193454016289	0.0005172222573907948	1
102395595309152991665	0.000516592156750293	1
112141931042568948106	0.0005159410148867498	1
114151370744583208669	0.0005157306618270638	1
109662269900869013381	0.0005155949231540133	1
108255121787158995006	0.0005155914683398154	1
102463809205898225329	0.0005155825474066034	1
101886706065800845176	0.0005155650264801605	1
114146479114949843175	0.0005144400427510799	1
116568578395534463017	0.0005143308426068362	1
107429025521549453511	0.0005138451763231514	1
116916940622399669871	0.0005129011621992116	1
116491285067171323298	0.0005124459044180026	1
113169713749496726739	0.0005113246294864192	1
108038480183975078835	0.0005102822826048733	1
101776230590766727790	0.0005085564825100516	1
110232479818136355682	0.0005084186943480237	2
118299105562868232997	0.0005081111983823199	1
113143913742943987551	0.0005065310150421168	1
108186999795479387281	0.0005051455150596972	1
110858566556215922899	0.0005049954339416986	1
106491041438173023736	0.0005047674371390145	2
108797840083484244237	0.0005046006659550013	1
107875584177081127211	0.0005043441412563712	1
101634980625828210366	0.0005041712515997777	1
105890906575573863227	0.0005039988851746099	2
100125012078853567494	0.0005036978841683341	1
105459039689531835195	0.0005028722114171043	2
100188557028585168265	0.0005023649296850624	2
103891019007059903331	0.0005017990084203842	1
108002138812927763875	0.0005015550189739514	1
108346637271615594833	0.0005000480473934957	1
103512734226243667908	0.0004995738488782082	1
101888659095617389472	0.0004992228257832743	1
102552895604218641554	0.0004992110470115044	1
103672424840268250022	0.0004991929031828748	1
104577357381178665210	0.0004986874248165357	2
112810965074632510524	0.0004979070280054899	1
105837038257788206659	0.0004964609963964759	1
101305776875945822989	0.0004942716185651265	1
106393478695568433143	0.0004939848509076458	1
105489064367742025310	0.0004935084043503229	2
112394100434168448134	0.0004930984481542855	1
109092767134549982331	0.000492230927179276	1
104284466618076664967	0.0004913871738917038	1
108139015191701664219	0.0004913778180453521	2
104234913145807815024	0.0004902757345310603	1
106034574686951028486	0.0004902240285641438	2
114738075629051960079	0.0004898710189427723	1
101030696951976805353	0.0004897196354201488	1
102512310412972518336	0.0004891495641509055	1
106382433884876652170	0.0004887726540235792	1
100025536618853941891	0.0004883216635076699	1
110315521977553596228	0.0004873835319365807	1
107909926350520444591	0.0004869002141237581	1
109898123753716458023	0.00048657844214216835	1
115932838014733798588	0.00048642072498690915	2
101891715056742297073	0.000485954359048225	2
109596373340495798827	0.0004856291121236597	1
108855200241623204226	0.0004852261228844001	2
107349300571630381772	0.0004847264731018525	1
113602098789392301953	0.0004830034497298278	1
107399939660118023501	0.00048292992039176795	1
117574554323772486921	0.0004823352204153403	1
101795242593145198740	0.00048225196009451447	1
101160779705572880332	0.0004821761809118873	1
101490250519322292462	0.000481907943505469	1
118391958784160529817	0.00048175273620018323	2
100280501907498761662	0.00048088529864868327	1
108896556048763968559	0.00048024992588553646	1
111433245253472835474	0.0004801257660703661	1
113217646903708244617	0.0004796514854342448	1
108233028875375016776	0.0004796409383859215	1
115244822505211094728	0.0004796176182429797	1
103040852335353963428	0.00047943098434550494	1
111185848672556379969	0.00047931156696013466	1
105522945817655566478	0.00047925181371978696	1
109106843297496158611	0.000478775193204476	2
113619286206637523955	0.0004787543497821815	1
103668412054887723210	0.00047809060529818963	1
100593774889764346454	0.0004780902575734667	1
111695056247795680420	0.00047802243875224454	2
107408720924877751027	0.00047789473234465646	2
106416716945076707395	0.00047765772537268746	1
109818165262898740875	0.00047716496944479243	2
111169893172161086239	0.00047676146686909777	1
101146227293283270774	0.0004760960393617717	2
113673756354863552294	0.0004759196000195998	1
118403137608921810081	0.00047432313180760565	1
103887646945247867113	0.0004739753046732145	1
107588913389869807388	0.0004737934068427467	1
102075502307857613322	0.0004737434498794478	1
107101208158314368393	0.00047363525319643477	1
106802987341604892965	0.0004734769283342522	2
106793409736995197316	0.00047263905945518986	1
106056812477855110591	0.0004717919582407495	1
116797487334542171632	0.00047149441115216953	1
103135699585421857716	0.0004713313481403717	2
111585581956730395692	0.0004712668006768243	2
103188948341310400908	0.0004704531310875422	2
109819399320527487347	0.00046997025046330396	1
111895635103211133148	0.00046862207943119656	2
107982737400457212709	0.00046851499566936104	1
110357001884194145645	0.000468504513361613	1
106220600090297128338	0.00046802673707864624	1
100042105400303837110	0.00046784172227936174	1
101094824843371233898	0.0004677875279962894	2
110012545983559094076	0.00046766585273051275	1
107468650619111216833	0.00046758970514755566	1
106631699076927387965	0.00046743821499604823	1
104934675720274942789	0.00046709729904457836	1
107410585863197912809	0.0004670750374434825	1
110978315648533764743	0.00046569555173750114	1
103482597835543369404	0.0004647620660048204	1
104861455140173164919	0.0004646317058907952	1
101436633503339641010	0.00046461751277579656	1
110215372857969443518	0.0004645002656877564	1
102618047349606277909	0.0004642313464099185	1
104591903036738260658	0.00046419322518502623	1
113010729939949185045	0.0004634252421335669	1
103907915631843308004	0.0004632762230449925	2
116872576248355504859	0.0004629932021458569	1
101062235821996561929	0.0004622164302017786	1
100216074673268203873	0.0004620767595587069	1
106954742823872170302	0.00046200382008407064	1
111058843129764709244	0.000461502659370448	1
104201441411804496708	0.000459670388252607	1
106526452034734966566	0.0004596555187268282	1
103173073620061914688	0.0004595960968664538	1
107531155995244310236	0.000459453996419936	2
100197702301955819597	0.00045895725133801525	1
116464344073545994074	0.0004587027751547298	1
109380443971181362791	0.00045856974096496824	1
112794502503234312526	0.00045851060892713503	1
103164003989913651658	0.000457995309662244	1
111159258917060066001	0.0004574259278165355	1
116986422495636163350	0.0004565418665008555	1
103839604733587411268	0.00045651716462105825	1
101183471597929879944	0.000456360207327619	1
109088229817689076273	0.0004562387127582245	1
100100614753096661746	0.00045579946939641383	1
101752320499567895627	0.0004557257948134176	1
107553987488096350949	0.00045561115493143343	1
106812827761443711533	0.00045556339638349187	1
103044522173130382644	0.00045500022525468714	1
110623746254439487621	0.00045479288187377716	1
106975707959313051828	0.0004544352668494067	1
110490452130731370594	0.0004533886981062962	1
118323646137524216927	0.0004533666061320499	1
104914829730501706316	0.0004529481881772867	2
111656128497597907356	0.00045287869008293414	1
112974446717580477987	0.0004528450461377852	2
100441642353694045036	0.0004527579685689176	1
111622406550647096590	0.00045226883901718865	1
107066609145001672622	0.0004520693455099162	2
104272489764674226009	0.00045201143290950533	1
109398421611492546729	0.00045091739950431755	1
114030999894118601477	0.0004501561416209079	1
102015465605153310048	0.000449986315032686	1
112011605270017123101	0.000449938658053846	2
105093051874046621921	0.00044956860716234657	1
100266471059676971176	0.0004490749715876539	1
111815222087196377960	0.0004488947577400184	1
113312618768961578323	0.0004488149161348835	1
110704492453692501997	0.0004487628043321767	1
108510261342123234892	0.00044870835258676764	1
102298718421596692551	0.00044814530871923404	1
114188765352122748745	0.00044811439747006196	1
113346801688541032665	0.0004479036341201401	1
100709366424987372595	0.0004464464436624312	1
115274420552571826637	0.0004459283773194559	1
105887798538435693558	0.0004458412475558855	1
117395266163640325993	0.0004456916999646416	1
108413247499481325229	0.00044557152557069815	1
111758470838288232643	0.0004454379464534061	1
104431173322552031662	0.00044537140260200763	1
107155666869509300116	0.00044517525623117454	2
117474473270416055253	0.0004451682369888121	1
117344786984788205452	0.00044480962640792033	1
115169704078744705450	0.0004444074286226303	1
107656088609554509650	0.00044427692661738895	1
111385154527879695329	0.0004438873401728944	1
118411705395466565668	0.0004437049092143448	1
112324817510481880522	0.0004431715464163719	2
115765876851831310364	0.00044303787822703436	1
115916689903804116666	0.00044199934358070143	1
117673062930419636633	0.00044197631564037404	1
109967616069135434926	0.00044168652868360606	1
106821713045844451624	0.00044094381697330954	2
106355261544559696871	0.0004406271271186317	1
117596712775912423303	0.0004405809366944274	1
106111195718302652758	0.00043998179326565226	1
113695733742291780759	0.00043988659704052434	1
103929740436666277619	0.00043889322619668393	1
100084893009690449685	0.000438696399051656	1
101930732356474123642	0.0004381764010098081	2
109536929126322188570	0.0004381151077144914	1
116807883656585676940	0.00043810827310000245	1
105415132823244013603	0.00043786808385990047	1
101377053267560854462	0.0004378371453338261	1
116515627288174691729	0.00043742561114217134	1
109119015681237256468	0.00043665702786922105	1
109108273123284204690	0.000435177030523169	1
106407963814165910213	0.00043508133839436605	2
106075758531242552855	0.0004348103840944496	1
117603418437094018321	0.00043473427832523535	1
112068096053627970202	0.0004347054651782688	1
112783904517647178343	0.00043449888721290163	1
115422622153710387598	0.00043436774508607006	1
114836091191904667858	0.00043408158891559447	1
109043804130056015419	0.0004337981851294912	1
115785601687445616629	0.00043295014477668725	1
108871877301789098084	0.00043294341521275446	1
104174037294742207726	0.0004328873224650364	1
117114202722218150209	0.0004326752081478004	1
102493891906301577447	0.00043213729359781964	1
116315897040732668413	0.00043199521912537785	1
103958441795544241153	0.0004310482290346848	1
104834129907874592944	0.0004308867054926944	1
116889019895385244422	0.00043010150784278254	1
114049181704701025985	0.000430040810709178	1
110734609083933405423	0.0004291748331717247	1
102897222569577118558	0.00042890581920775907	1
101690858054612129921	0.0004288925767196675	2
114524640852173748484	0.0004285508301162744	1
109678189789435119043	0.00042820334187256795	2
101015964088772576261	0.00042781605446400733	1
104131145417492243218	0.00042745365843652536	1
113506158551051150184	0.00042733528178033066	1
102102223756314820419	0.00042693639136497997	1
104757485423766041549	0.0004267789245860798	1
109381089725745119133	0.00042575932485462275	1
110593963566088558937	0.000425222708742725	1
108694322269563399860	0.0004248358703385346	1
105140389465525161529	0.0004229280719412941	2
102717586677070253951	0.00042181022221744486	1
114018839888172293747	0.0004216343691667784	2
104304812570369572837	0.00042145825530302264	1
101020620594555471899	0.00042068582403050514	1
101927826925353835962	0.0004203446321490138	1
113523789277289125753	0.00041968171330341697	1
111293022852677971506	0.00041903795875317346	1
111215626086255858123	0.00041902184320531666	1
110929351399428170240	0.00041863071956743355	1
102483923645994576813	0.00041747942340907506	2
100959642594094195765	0.0004161409803897254	1
113512364761904452911	0.00041611901232362514	1
114053103699743693198	0.0004155641423662385	1
115066534284029624019	0.0004155552021827512	2
105780487374226393830	0.00041485881233657864	1
109345865429707844168	0.0004145577037825474	1
109471523030159349342	0.0004131938091987397	2
115664435152899158263	0.000413133838780862	1
101432770709896418691	0.0004124006600617321	2
115392876317176762477	0.00041229099740607423	1
114745374612821245424	0.00041215490898248154	2
104281401034115714032	0.00041195015337199144	1
109448162492198686266	0.00041149113759628283	1
105310573695573985234	0.0004113382531266358	1
112344184964857951934	0.00041050581892282465	1
104746789746807928020	0.0004103479020480574	3
101407403057127698020	0.00041010761589090625	1
105207689891479566260	0.00040997784512749854	1
101222125576635425546	0.0004092954426064417	1
104542524024401372520	0.00040914102731302957	2
110695916157676073715	0.000408956028586145	1
117498138737868731316	0.0004085761570715175	1
111510419822971040815	0.00040823790411119226	1
104199015136082090302	0.00040772609319001307	2
112433233162542061134	0.000407366273003865	1
111576141144699622061	0.0004069411625606936	1
107391346918211701146	0.0004067070633905111	1
110951533543637767358	0.0004064533954317093	1
116713623305011680836	0.0004062236505125012	1
104472729472455589214	0.00040600629197082755	1
101885926862979557060	0.0004044452464814028	1
101027357120673263054	0.0004043505132414329	1
111171416539633276676	0.00040410066905045253	1
107126665887970596868	0.0004039051243984134	2
106990629754929211946	0.0004036061285193224	1
116017061364727182937	0.0004020060697589277	2
114776957810329544997	0.00040172701700356473	1
102907221000300969164	0.00040156308540209443	2
106692901703082428393	0.00040137408048753864	1
116408591218531050393	0.00040093352812291944	1
102152774305529158166	0.0004001979179066136	1
106515636986325493284	0.0004001665988871972	1
117884007449109471406	0.00039926458360169494	1
110808332396199370089	0.00039870683524089953	1
115855207434019427246	0.00039863829619269866	1
115825648832635471354	0.0003984136948675818	1
116719768397940189391	0.0003975504772148989	1
114133424228405038490	0.0003970072610909377	1
110614416163543421878	0.0003967795811691001	1
114101573134699407039	0.00039618340776237653	1
107035720198214616001	0.00039610400590328224	1
112460361944526645003	0.0003957457751899026	1
117792189310959289113	0.0003949557026234217	2
103560944371498447988	0.0003949100649708303	1
107323905795551087366	0.0003948688404847621	1
117420368760274729369	0.00039458903792975047	1
103239655111676058756	0.000394583321335585	1
103650341704465638860	0.00039422234491558	1
106228704831672899058	0.0003937528211832547	1
110582671305643479452	0.00039328901639718744	1
112477381832788364129	0.0003931279001483267	1
102471679529933157374	0.00039306528525398916	1
105642695144101051932	0.00039283694404760645	1
103864158830757222124	0.0003927414358884503	1
106727811555281104992	0.0003923666339147061	2
110671547565979047871	0.0003921663422629687	1
114503806689722509896	0.0003920357211205324	1
103833728526170663335	0.0003918833428489263	1
111223345442355298240	0.000391385787339607	1
115190779287944617426	0.0003908496136880046	1
108703512926406528929	0.00039027895302818456	1
117528398613318925987	0.00039003351214587044	1
115858612877723984178	0.0003899567988045437	1
105347537964295352326	0.00038875444759040023	1
102572320061138442096	0.00038863567686265406	1
112963105635376422421	0.0003884965776197801	1
112827453273405701734	0.00038797033814746035	1
111953283109838401320	0.0003876816686909644	1
105545635323537037809	0.0003873542709256515	2
116564746836220811723	0.00038712855785226567	1
114716671631005124422	0.0003868076333238952	1
110923967234619920955	0.00038679014359935525	1
103803759415221345211	0.0003863212078646344	1
102668364885894493476	0.00038599469758975	1
104441415299714065572	0.00038437126447141905	1
100320175239277283592	0.0003843296807632047	1
112206783593388775049	0.0003842450528073113	2
105674332362858502941	0.00038421336336658097	2
109393701948351875892	0.0003841893838280109	1
109476454652491443123	0.0003839182326918385	1
108028643813258312732	0.0003836604902924349	1
109919679182093139567	0.000383411529751741	1
116092192729387706642	0.00038321175055282855	2
112870994374364427682	0.0003830664760377564	2
117769401199094282992	0.00038293649495506604	1
102197284839293503038	0.00038290079951052407	1
101573046878061458576	0.00038286761361524266	1
104577330866768309554	0.00038277869325277345	1
116492394921952587453	0.0003823527607828124	1
113949230518472826907	0.0003822187534433041	1
111030915700039774280	0.00038220707524123075	1
116426599319620195799	0.0003819146956875406	1
100159937686553564234	0.00038172851283077016	1
103016521073558596116	0.0003817278231736417	1
109606334218437330745	0.00038168235375074576	3
108092398927794216860	0.00038123517023089216	1
101051871774222870351	0.00038057043796608234	1
111257156574198767770	0.0003801981817759518	2
102737788855280055354	0.00038005889143041235	1
115552999294763744109	0.0003795548783325576	1
110464871801965858778	0.00037930728657073796	1
111723545767173542935	0.0003791884027973693	1
114790424055754975707	0.00037917620924944026	1
109469801209372203713	0.00037897885463065994	1
107471076116163680138	0.0003788466702584313	2
116825083494890429556	0.00037824825865886763	1
115335950996004437286	0.0003779656242980892	2
101514107857336767747	0.00037769624689982986	2
109445136842856929944	0.0003773809141831203	1
111061467082516364992	0.0003768429144715071	1
116583912742289922674	0.0003767126091858606	1
116313642078196142578	0.0003765219263965537	1
116671803269225998491	0.0003763011678395698	1
117198237302447279931	0.0003762272453538021	1
107125656733807816445	0.00037614984760784426	1
103385763780839177438	0.00037607423015246106	1
108603838345390534026	0.0003754807988992904	1
118310914222652213732	0.0003751151580169128	1
112463289092605381664	0.00037496958633105327	1
109550818599769670856	0.00037487002682978353	1
106787150560860988413	0.0003732699442295594	1
115425017959501168550	0.000373080831513837	1
116321314375336897090	0.0003728920289466741	1
101879656850551340719	0.00037260387479954324	1
116113014152499702246	0.0003724217242969428	1
114978923741790486508	0.0003719435097940538	1
100024071984779702071	0.0003717753352864577	1
107174603951133855584	0.00037162049347803407	1
104168966138475388803	0.0003716121788043751	1
115565435780133582298	0.00037134571650246747	1
109922076073734754844	0.0003709693517119451	1
112416140262327925559	0.0003703529338675923	2
105712632219024636878	0.0003700433924518561	1
101835433272879715504	0.0003699550584349186	1
114018232303831249060	0.0003695379582651209	1
110441797803247642088	0.0003694296324289582	1
100732602720556154243	0.000368813527505832	1
113941754758699330333	0.0003687791664397091	1
106455585595469424333	0.0003685527088492991	2
104130498407390053503	0.0003672643558932765	1
107552965844516484621	0.0003672590897270774	1
114162698572145803131	0.0003670702236034339	1
115512736218498769502	0.0003664583447614356	1
105176460251303787958	0.00036643703258354985	1
106143876839173486558	0.0003662986109595284	2
102221205611883843517	0.00036596061041154165	1
116470022031391579601	0.0003642857539232981	1
101606040925310416308	0.0003637700610238792	1
110765037159669773691	0.0003631958584847435	1
110531791144266584660	0.00036264413998991605	2
109268440076100174636	0.0003621992660835002	1
107587767610354254576	0.00036206539670309557	2
100580057424662460288	0.0003617900973245531	1
113678234815944346418	0.0003609927391595415	2
115315431627023710714	0.0003609699170997574	1
116076186919541013139	0.00036078088009575544	1
106395534898532460760	0.00036073142042844465	1
107296660002634487593	0.00036058696935084756	1
101245252933670436488	0.0003600258496613412	1
115662766052052605858	0.0003594575685718376	1
109721367307563395695	0.00035850759987350746	1
118018621153265389754	0.00035845187002881324	1
114188216603728208646	0.0003583114551257106	1
108645589277926899961	0.0003579417198750565	1
107665939201638457855	0.0003578637214026913	1
100057071538809202180	0.00035781515404742856	1
111615838627979101055	0.00035738820715848106	1
102147343461272423807	0.0003573491539465337	2
109645778535362171008	0.0003573394920573923	1
106620873921373880165	0.00035723104105735815	1
107130354111162483072	0.00035712238221652175	1
102287025037700425605	0.0003570125702620021	1
106740675385553738423	0.0003569550165227826	1
115508351532350603485	0.00035687902355833166	1
109838958029720050470	0.0003564217242437392	1
116675628399793386012	0.00035604754492617	1
104318823080318747316	0.0003556143371057709	1
112711154374511525164	0.00035537006205526916	1
109342995284180071035	0.00035511652011916827	1
112915508949553064969	0.00035482660346138496	1
116062862517105973396	0.000354624306537144	1
117338985231428873684	0.0003544610663206685	1
109496402362800113489	0.00035433431370794296	1
113581201724147813967	0.0003542730048016546	1
113204619907190737614	0.0003540558752761362	1
102651830215238007185	0.00035392178331619857	1
101010433515025028997	0.00035348623497221787	1
105970713987864506361	0.00035329389489537034	2
115775757680480988681	0.00035315208091552826	1
103577706924716446377	0.00035299825418105124	2
114350634124383031730	0.00035252709736511743	2
104810568712102362000	0.00035218579452069444	1
115780865240170367976	0.00035175218951299036	1
115839767455233623600	0.00035143018813454507	1
107656134628768818535	0.00035138458979147596	1
102368034923277047383	0.00035132878447739687	1
108119194013508077395	0.00035113486629288987	2
114936764159343594557	0.00035111344449802005	2
115304232819929344853	0.00035088232937928736	1
104474227941534479648	0.0003500750148500999	1
101841421780149979246	0.0003498905922109328	1
118055335891923950494	0.00034983763542575935	1
108920368855876462204	0.00034983201332790096	1
112039022986516057445	0.0003495909416456064	1
103263839307540915364	0.0003492833687395206	1
113153259991756394165	0.00034923746118462864	1
115177816143495522325	0.00034897612700180445	1
113220541195694388611	0.0003489569072706803	1
112756365208572318325	0.0003489248828582648	1
111797789494011250472	0.0003483375484356249	1
112298668148732310497	0.00034804000469847824	1
107899346809500297044	0.00034761425429379755	1
117298410055998935548	0.00034613363514415693	2
118112472205861065835	0.00034558455896548297	1
110258938177402516745	0.0003436365793333454	1
118395148094907709551	0.00034351813056389874	1
105577936062564395707	0.00034342981775548206	1
101951294740286010890	0.000343202832836412	1
104462490827635217620	0.0003422943493025817	1
112741876592615487453	0.00034227261758662254	1
103564230838018928961	0.000341554403888347	1
104663839368668178204	0.000341337133276595	1
103697774730216910679	0.0003411467979473565	2
117626851040477437361	0.0003410610773773308	1
103981048997223735960	0.000340958636035083	1
115498565434757112643	0.0003402515301234333	1
117171737258103261935	0.0003400301882400398	1
115012093592676187890	0.000339972522148676	1
116313138295155714335	0.0003398216931449237	1
107863796156749531232	0.00033980487922077575	1
113001073761536909453	0.00033953757512535354	3
105108471251733473504	0.0003393179098540864	1
117759233139756138291	0.0003390650119948785	1
114003666864266270686	0.0003381531884725716	1
110810656222494553450	0.0003375284317338775	1
107797841320768724118	0.0003368304089120933	1
102937884157580148617	0.00033611103607796667	1
118326452310645730031	0.00033512856134834706	1
116990785988571593877	0.0003349962452073092	2
114060794355764571920	0.00033443860456833685	2
108486058508775411585	0.00033433297555609425	1
104014323550176363481	0.00033430699064960687	1
108729927392113951912	0.00033398173555255497	1
107898163387836028563	0.0003338686401099977	1
106789372009913695700	0.0003338376564410709	1
109668771542620903560	0.00033379444515782596	1
106505577291311813232	0.00033375910361801823	1
107660875906928406568	0.000333719619197119	2
102649900861077325147	0.0003324965282668355	1
105722278908183791027	0.00033247148775445595	1
109787442687265243637	0.0003324321542485969	1
108929403611931887447	0.00033236780779699517	1
102311554030427331560	0.0003322814705852379	1
103608420611766012608	0.0003321808153680392	1
116248544606811591422	0.00033171122388616714	1
105998246897528884201	0.0003307494590206292	1
112570907507551076282	0.0003304933555648334	2
109988658141933240590	0.0003304508260410936	1
117767202978917125041	0.00033006125282414994	1
106938519841593324674	0.00032995504877405825	1
116265553832178509768	0.0003287671184756095	1
103626856183430984767	0.0003283161703899245	2
104801768486806000734	0.0003277696644563794	1
107868937218055010689	0.0003274390397027228	1
111500053552799598950	0.00032672215579060307	1
111273350318354404555	0.0003262695618066913	1
115445433074419719117	0.00032584523771272397	1
113171346721591078756	0.00032492914375962904	2
107332622748446972466	0.00032476707612302656	1
104490445002708527032	0.0003236652141477016	1
104774309513755344292	0.0003235693230832702	2
105017513712037820155	0.0003231539804624523	1
112239927651888558051	0.00032243729693503506	1
108601020727554262784	0.0003222528125713562	1
100412924688231832713	0.0003214230568233508	1
117892288416322141592	0.0003207982502890813	1
110075254641670883556	0.00032058280767779793	1
102148902002906233170	0.00031996244659923207	1
102934220817987641543	0.00031975321929229823	1
113872580988824095186	0.00031975304613016445	2
103020087355939742123	0.00031970181717143006	1
107746993777851440213	0.00031961315654923257	1
117070169690219390442	0.0003194312239517769	1
107486584458506792643	0.00031929443135181475	1
104102133012628271860	0.00031919153868519213	1
101850423275744383613	0.0003186355914874554	1
110467702883125654398	0.0003183580157901878	1
108378060444638319597	0.0003181895472049172	1
114893401725193022038	0.00031762676544969955	1
110279873454260970861	0.00031759324768710327	1
108864551904819486190	0.00031633142043879147	1
100377536816925183802	0.000315478978908472	1
101543350465102852132	0.000315478978908472	1
118015436149244712749	0.00031538012198549655	2
104243053732122719340	0.0003148098089286046	1
114459654738061491522	0.0003147009986775532	2
101779073533012735439	0.0003144188732115885	1
100151206178980470956	0.00031426690663400003	1
100041310890249910592	0.000314122269713152	1
108754297498548563397	0.00031395718576944406	1
106166434029666510237	0.00031302260654279156	1
117179342925500217069	0.0003124820763190685	1
109262616794768311251	0.0003119354099148802	1
100934380959521245889	0.00031156635144302154	2
103874881715461436613	0.0003112422398090927	1
117804314976992722918	0.0003109564842472055	2
111903828152194013937	0.00031091344401546573	1
106829982251244280155	0.0003104214243400555	1
100289725759008758730	0.00031038493749259476	1
101082336726756052114	0.00031005562425658647	2
113857713997823886995	0.00030988020587254027	1
117954342266917774594	0.00030925987543946055	2
107261842714883148826	0.0003089498469429446	1
113348004406036331946	0.00030879270417056843	1
110474123650910140199	0.0003083790383413389	1
110041229530806694608	0.0003077902410676926	1
115959122085580299826	0.0003047335800259111	1
111501187421350616642	0.00030374401454550217	1
110519684104194512717	0.00030307355324924904	1
100622502206917250723	0.00030307352278539614	1
114499032537341401608	0.0003029611789238246	1
110836322558502335897	0.000302636052377282	1
117324905176396235130	0.00030199646888148704	1
116595083963236962167	0.00030170445674170183	1
113930222818178989616	0.00030108609311284225	1
112177951351534704764	0.00030098125370037573	1
103098855986676641514	0.00030050461363524813	1
113557760548500186260	0.0003004806741421479	1
111960527250858280267	0.00029975356853237877	1
114994216108606649534	0.0002992954410147599	1
111445952873225621673	0.00029921750402066863	1
112536035689556132969	0.0002989134911063212	1
116160612483689327039	0.00029889909471047393	1
108064815750032267545	0.0002983984403768483	2
104313782265210957801	0.0002973229253510201	1
117363884853969096109	0.0002972412242506932	1
112055336169088405498	0.0002967346066556054	1
114910561715997013667	0.00029651530089498483	1
111480826847505329010	0.00029637050528524145	1
107176073754977513315	0.00029481653289070963	1
112868140462470357784	0.0002942138223651152	2
103490014051577974992	0.00029415077297769413	1
115473744607929446722	0.0002939501082178357	1
115739112096228507174	0.0002923589805327498	1
103481817473765921278	0.000291514254596863	1
116076322210792421152	0.00029131960951018186	1
106477525564841896867	0.00029118621847242323	1
116319627715742877481	0.0002904613541816773	1
102881052914977050318	0.000290087323226705	1
105256361353595519025	0.00028965129267058735	1
101113831609569228929	0.0002888762741211641	1
110135934714655831184	0.00028745693339105824	1
113998127376703212360	0.0002862045905823663	1
106129703344859067339	0.0002853610214480637	1
102985952030252222176	0.0002820689934014725	2
103000428814326899358	0.0002819230966151841	1
113785320591441846925	0.0002818501450238409	2
107666903391422351877	0.00027821266184968293	1
102025628931490661645	0.0002731587268766231	1
111159671558660040486	0.00027229195201612243	1
105416475244874554281	0.0002719640592746496	1
100087135803933194646	0.0002705519324542136	1
106390731465696039987	0.0002696640974796484	1
