#node_label	#score	#gender
105237212888595777019	0.0036812513462962894	1
105256156026694816333	0.0032138650234065256	1
113455290791279442483	0.0030144717098157386	1
108705174211639807508	0.00283559839579935	1
111091089527727420853	0.0027403531748236842	1
102518365620075109973	0.002708983274069378	1
109330684746468207713	0.0026062481254500187	1
111873853137122484021	0.002569607521192333	1
102865263115020893218	0.002478138958112888	1
100962871525684315897	0.0024614444567089035	1
118418436905562612953	0.0023751975769031614	2
103486150650858067282	0.0023425002060795752	1
114536133164105123829	0.002317966104366004	2
101145980349117737014	0.0023090863686401047	1
102373191596205712937	0.0022447559597034237	1
107459220492917008623	0.0021067320129562516	1
112957708071337353347	0.002063079620762607	1
116369071500456395369	0.0020329001533664942	1
110258598415939907971	0.0020117209010032107	2
104112700502285331526	0.002001916366412204	2
114229157887417365950	0.002001268608698331	1
114056084994793924628	0.0019971878587554106	1
103586615087663445665	0.0019799768517023376	1
103216887847401478447	0.0019751889804361074	1
114394128653474707020	0.0019676906209788866	1
101035196437264488455	0.0019510634525431475	1
100892612779426154375	0.0019468808524196841	1
105547060999578080024	0.001945960578502117	2
102554407414282880001	0.0019192333857939007	1
115360471097759949621	0.0018802576146799282	1
101373961279443806744	0.001850568201899202	1
107013418740229269209	0.0018496035457752382	1
115143234371607892983	0.0018027777957651011	1
112617127041903537004	0.001747166267409434	1
110184965646960780006	0.0017396122181779013	1
108527329601014444443	0.0017293282969157483	2
104548627795526843775	0.0017292804469004038	1
100968313568314999910	0.0017191027398079464	1
116043947632177598920	0.0017153984429221865	1
104042965789095032304	0.001708407691881113	1
107494834634231938072	0.0017056109160672344	2
114025996339678208608	0.001704366990549124	1
106189723444098348646	0.00169657743255134	1
108470782772821648496	0.0016882934787366215	2
102541295037745440355	0.0016875643567901134	1
102349305007676725479	0.0016864145911136955	1
112750091316252656625	0.0016694183425934618	1
117681034834791918293	0.0016690696149473045	2
114835618008913240560	0.001668573170406285	1
117513232055994920961	0.0016195802357100802	1
114369704013100203178	0.0016170598992846566	1
115924865466302265389	0.0016109450412773879	1
116696943168863559388	0.0016031669815815726	1
115961021629090154025	0.0015977274175455799	1
104522833443181754677	0.0015912758495150523	2
101793532287583914396	0.0015795015505129133	1
111262146038004038186	0.0015792848919505182	1
102377882249382281108	0.0015781935464910558	1
114764567692252908296	0.0015767632160115766	2
113543880726286626830	0.0015744749836182769	1
106289562822644692555	0.0015626370050164083	1
113464569897311842405	0.0015534264341164196	1
116056645771775490363	0.0015420626921729946	1
116967415237299463051	0.001540316853432922	2
108032623298499022371	0.001536866588492831	1
109031486518632696635	0.0015264818046579322	1
107119940474246316259	0.0015260659980131624	1
108215644829092784557	0.001524387178041098	1
103306876714294066693	0.001523176156719424	1
110945896776944314708	0.0015089149472227812	1
114288572990229558524	0.0015029609408962977	1
108981679893410895534	0.0014757147888877183	1
113847951893881070422	0.0014676716776648743	2
107475835798405892541	0.0014665344787299006	1
105706178492556563330	0.0014664626078250032	1
116219534929662479848	0.001459132499715689	1
108202989932786461870	0.0014577030884961723	1
116247667398036716276	0.0014564109327913329	1
106758488395906535821	0.0014555466248012544	2
108629717769018996477	0.0014416795771845514	1
102384669117825357195	0.001431147454394707	2
117697399358826098478	0.001425151853056808	2
105390077271236874234	0.001421776679534626	1
105336425684208963598	0.001421384415839426	2
107742567767125793693	0.0014189150827028179	1
105551989431666449555	0.001416535991197243	1
115614791007645952267	0.0014159720821409311	2
114125900939049731990	0.0014147525921961615	1
114045800510530461940	0.001412130407911886	2
103698889037599783920	0.0014064127759883947	2
111112809838472063992	0.0014001170511761623	1
101059049290567215584	0.0013849392316487717	1
116197193480724162859	0.0013829553552146083	1
105228323457033543279	0.001381425793427517	1
109507653225799908921	0.0013795061491180245	1
105779560824580764120	0.0013787531094579231	1
113438256900303213931	0.0013784071436641254	1
105072305864951447999	0.001377906392370905	1
104394453888455887285	0.001374832936710922	2
106711803105103787711	0.0013720404979662164	1
107902791674095682080	0.0013715712934511245	1
103236949470535942612	0.00136765326338757	1
117429320390907645600	0.0013665440875972594	1
118036378782834084572	0.0013556690041709183	1
116008246625614132322	0.0013544497667833024	1
110036682383342142442	0.0013522383546275376	1
110806949181190360839	0.0013442188996373018	2
113859540036726448291	0.00134396498912098	2
111413155182039517335	0.0013281507782115782	1
107297378329620440295	0.0013221826461736628	1
100377493270775536948	0.0013183232379448625	1
113027287369712034675	0.001316874872664537	1
107004843925454095805	0.0012995042947563156	1
104102743248207705784	0.0012874511016658476	2
106896834505928192955	0.0012786630083908665	2
117000139571713536948	0.0012774793264948518	1
111699855306814304937	0.0012768637029364417	2
102755548808767411605	0.0012644794475432852	2
110329781365538654444	0.001255265097175817	2
114729740472671073461	0.0012527907267386481	1
116214152295449083654	0.0012482768247292957	1
105040001333571511595	0.0012297451149430629	1
104241567849916091297	0.0012261109843268764	2
109944522594844042343	0.0012225493597258913	1
100081010984768669358	0.0012209571578721322	2
114585365564249361309	0.0012196098631504532	2
115530024341257565365	0.0012169870167073166	2
104380036950579300637	0.0012164547057951385	1
107489144252174167638	0.0012163634554345347	1
100715328241636136414	0.001212996921912232	1
115851550445020159565	0.0012115657990380878	1
105873814765821560444	0.0012033604451502935	2
114823329938030546555	0.001202706377583075	1
107408720924877751027	0.0012004681031892472	2
103929057358376044772	0.0011933782572328684	1
102528718122061029071	0.0011903396978938576	1
109774951215877430341	0.001186970772684478	1
104081052260915687825	0.0011851636327123302	1
116383082805688088798	0.001181103991813324	1
100472608497932134515	0.0011768221428035803	1
114703714445331612880	0.001175370743952974	1
109514475488698891798	0.0011752741083413329	1
107386249394822179765	0.0011629692711499309	1
113920526057233976680	0.0011625714156452854	2
110548244043172681974	0.0011616588200638158	1
113654461547690050667	0.0011586163767291012	1
113977984500465768287	0.001158217110847912	2
114634469290344215480	0.001153621033604297	1
100764366777854207244	0.0011524889569423644	2
115605115857817552535	0.001150030588253132	2
106356302054336184712	0.00114721301879503	2
113409086302056667844	0.0011442550547572817	1
115058384974405026221	0.001142769192581038	1
100932195479763784248	0.0011405528804317032	1
115655205216183932495	0.001135436097295202	1
106539835304510344813	0.001133772192349436	2
102195144388135237932	0.001131166269918821	1
101130571432010257170	0.001130457716634477	1
105362990780240393762	0.0011253277308399478	1
108437871879281403721	0.0011210220967525387	2
117178975214870026107	0.0011158003250194258	1
114146479114949843175	0.0011150407565238257	1
117440842832809029517	0.0011122089847538357	2
116947923643606285942	0.001112199013660498	1
108189481625587435470	0.001110987102528908	1
115428993145818153559	0.001108482611985272	1
107733269574737813168	0.0011079056536580966	1
103245041057625130355	0.001104229994005228	1
112798516308771746920	0.0011009930202103804	1
109268388872941447574	0.0010996952628404386	1
106369182367169177791	0.0010992313137223196	1
110624703529341220926	0.0010987394188102708	1
111862324534985995584	0.0010958495196510833	2
101790464138367096305	0.0010908786299187495	1
112369916221417513808	0.0010900547627257133	1
108551811075711499995	0.0010886621286323667	1
110656253137238747090	0.0010883329371974824	2
114559845119114226260	0.0010852381119750875	1
110913165455688349197	0.0010839528815555569	2
100989405473280437703	0.0010779228667571448	1
104129971305612636060	0.0010773500484567967	1
109940597696193991152	0.0010763470051245862	1
104962347070667053810	0.0010751532041633357	2
111095045247360522931	0.0010737998270399216	1
108760030237040972699	0.0010707580737749382	1
113107253403679023320	0.0010670607711059357	2
107185271908509011656	0.001067036596414638	1
105396609818194584786	0.0010631566326944689	1
107979724997299395580	0.0010612592033160465	1
112483478278653569632	0.001060363919733992	2
105209854925481789028	0.001060063073884368	1
115890818529847454494	0.0010524908314028959	1
108759901321068677229	0.0010492490823664044	2
112708194574821912619	0.0010439151913711052	2
100169245463332350626	0.0010394204548533192	1
110924681541917174512	0.0010390015500790586	1
111674748486766258557	0.0010386710512037176	1
104166683851434520973	0.001038333424963975	1
109596219054914376350	0.0010364157319222226	1
109128179703780508212	0.0010342304999353936	1
102640428740489674973	0.0010339282900626286	1
108177381721794114207	0.001032380641083695	1
102616149286682191474	0.0010318743820331155	1
118342749723004617709	0.0010311959483811262	1
108851026326071355993	0.001030975284951709	1
111124838372075709293	0.0010298022248260165	2
115862341877834013198	0.0010287464324823165	1
111718830236077991058	0.001027038456224484	1
109876318275533969777	0.0010253835248116541	2
111433926516886244464	0.0010245421622271796	1
111240230493422963077	0.0010231943861569951	2
115590741447197562412	0.0010214663374353721	2
115958398724943172938	0.0010202787891933902	1
102397182323602489761	0.0010163072950793322	1
118229828410918651716	0.001015611599041625	1
111500093521014695341	0.0010115480406175565	1
102213934827347582736	0.001009959888316253	1
111402735079180150346	0.0010073510189401776	1
101313088594783802183	0.0010035404149988112	1
100048100630151349283	0.0010031958871208947	2
115571267671256018716	0.0010030036556107564	1
105785197801929483800	0.000999660957052403	2
101384112455887732241	0.0009989539123034124	1
113826445430709315059	0.000998451388981182	1
104605541194704556978	0.0009966251465946035	2
113330053950020592701	0.0009964263131478157	1
103652441454188509895	0.0009960833820345518	1
113722211762693166526	0.0009956043563591845	1
107650451991930674897	0.0009953631841509321	2
110573952887886961621	0.0009935516832982245	1
110287894893102510451	0.0009912940432029657	1
107490600889040777735	0.0009889553596824966	2
105670280103726644454	0.0009886305117764967	2
112750733404297151260	0.0009867094192444227	1
114482821185152912812	0.0009865769967046327	1
116010637862292686074	0.0009865067983891404	1
113901826228935709546	0.0009848071217525697	1
111437132356319061774	0.0009828287902811498	2
103850326109556474629	0.0009818355735525064	1
103984263629438381785	0.000981355645387094	2
113111731715139693250	0.0009810826748235025	1
110584481927562150689	0.0009791659577195687	1
111324012410917919847	0.000978942873823576	1
104330156508504717257	0.0009789296655670133	1
103483946223213592002	0.0009787748190877472	1
112278008753579196511	0.0009765437790229691	1
103899043917116388673	0.0009762294585909933	1
113212564798246057056	0.0009757664993146017	1
102239645172983099492	0.0009752845336875437	1
113181621354351021235	0.0009747865054788433	1
109117683049682245427	0.0009747049118646922	2
116834613510435630346	0.0009732420213178312	1
117937415022745482256	0.000970725534294533	1
115831773236070302803	0.0009681870065929871	1
105927290057910590380	0.0009677623986657324	1
112801448828869860546	0.0009651122140020753	1
111709710017308986916	0.000964791623951639	1
109892778117736265351	0.0009615697694138111	1
115242761961569258730	0.0009608569686656843	1
107526321116822867905	0.0009544465046936801	1
109556244641607065276	0.0009497138728499712	2
111584384391407513657	0.0009472259754736286	1
117039260735952140259	0.0009453081153289768	1
102518571087840972824	0.0009450741436396053	2
107788883146545236198	0.0009442609466342762	1
106078817258497259289	0.0009434176011372281	2
105080829848875955741	0.0009421612600417531	1
105575110775527575127	0.000940916841778049	1
101248054507015265353	0.0009402575193271154	1
112957065719498086306	0.0009382388850573388	1
113809685075072670366	0.0009375344638642698	1
105432999357543467752	0.0009342345859463899	2
109901332639702690169	0.0009334157354703053	1
115304232819929344853	0.0009332917222055031	1
106322266355568739242	0.0009316443945400868	1
116183557168253460350	0.0009305471100627739	2
103147347309732225253	0.0009300766293853397	1
116479026640845408871	0.0009289261510558755	1
115391090911429381573	0.0009287640126814084	2
103895402092394980881	0.0009274097042515714	1
106745572933117319685	0.0009270405209932564	2
107308460013033893888	0.000926305257446496	1
118369314436085435945	0.0009253449316014064	2
117826637077711958172	0.00092481307639946	1
117302873158452325530	0.0009223081926222905	1
100185707560478368490	0.0009213911768132477	2
115876313538796651168	0.0009199738261573266	1
100771715351072186974	0.0009195804153643989	1
116631329713205553508	0.0009195340733635431	2
104232333688560515077	0.0009193898328340447	1
100519245975462538531	0.0009160605525845912	2
112401605196934673030	0.0009160175806544034	1
117951052831974893962	0.0009159966236389809	2
113795961594472514455	0.000915357452486388	2
103776299476527190352	0.000914754633335174	1
106787788124127706441	0.0009122418959889322	2
111518708209135916759	0.000909385482673425	1
106719979779567208605	0.0009088656017215504	1
101670592154326222488	0.0009072260182905835	2
100429564727464307274	0.0009055382379705308	2
111720952354186227548	0.0009039847443194027	1
102759194596429227036	0.0009015329715279275	1
114894373995529057283	0.0009010037256696051	1
107383157816966336384	0.0008971137468931162	1
116678377243407600427	0.0008969737141736331	2
101348397943983026449	0.000896276718364971	1
107390515497901191392	0.0008945425580146502	1
101006001190131292549	0.0008924716755282212	1
111557988109638065224	0.0008924353758970069	1
114989358912013434555	0.0008917923461191603	1
105379364953109830773	0.0008882333909376584	1
118197341263476239819	0.000887855019691186	1
110109050164240978800	0.0008871081884943973	2
110433465871086860393	0.000886495549202374	1
108997691220733289568	0.0008863189868765794	1
106563076987268237912	0.0008845463852973387	1
107308430964327858950	0.0008834383425449374	1
104540999868216683021	0.0008806120288290887	1
102087193593331908779	0.0008791751195020841	1
116009632176436768157	0.0008783186631764626	1
113973458554656282296	0.0008764630749978579	2
111975224012018194892	0.0008754209387603281	2
111973012122832065397	0.0008721222470105366	1
108092487151722513439	0.0008709746839807496	1
100267777884892163462	0.0008676364177280428	1
114354878556558710088	0.0008666777750516379	1
108872036879266293791	0.0008650133782435811	1
115249860954021772424	0.0008603747615758791	2
105213636585253009224	0.0008595747488642218	2
111835024921462866899	0.0008581169211083525	1
116065573422637185820	0.0008556176498739783	1
116635061583722144944	0.0008548440882087672	2
106526737947007406923	0.0008541209637122951	1
104723167398398004122	0.0008536058425313906	1
114820480752300993890	0.0008524048486136935	2
101140516949313637221	0.0008508573273564919	2
104866519156997639676	0.0008498030570318092	1
113077617428722440432	0.0008489723399096255	1
108108084972401378722	0.0008472969039997097	1
106785393644157011306	0.0008469400799776259	1
105662441312581584585	0.0008460795068347307	2
115588307990520146154	0.0008421940134160705	1
107307708524394964276	0.0008417944124916828	1
103869730629941619882	0.000839444530201775	1
111986746929163950657	0.0008389828745309163	1
105173978068939050475	0.0008372983388231559	1
107872453590280383097	0.0008354764421068293	1
115892016102825426276	0.0008351712098036097	1
117173444820116260805	0.0008350786862298551	2
101153468639331529713	0.0008336466477566984	1
110435582822209082831	0.0008327098688102121	1
114242552432938641752	0.000832208679299253	1
107773073025291449903	0.0008316911128037339	1
103678929192213568672	0.0008302070158530402	1
104770776614693816879	0.0008283646480414446	1
106022059623331640125	0.0008281270175813471	1
115919766952475225499	0.0008278151655775387	1
117880813751228693103	0.0008276900067524987	2
117876399076277118155	0.0008259259963811764	2
100477468779103147764	0.0008245393922184925	2
104836231516206450911	0.0008241190783427975	1
110159306642698690348	0.0008238264189773887	1
111907009595057957530	0.0008231849687852748	1
100621204114976031079	0.0008228079156713705	1
116265180994399322519	0.0008173701391071281	2
110200115381518276083	0.000815819562663516	1
103761316115981403222	0.0008151231291703475	1
117105764275907696041	0.0008150367762505712	1
100584544075742338361	0.0008137847292620853	2
105046530334806680420	0.0008121245169816582	1
101437802758827481019	0.0008120136798735021	2
102027569173802121272	0.0008098835783669819	1
115340120780257508791	0.000808540024215928	1
101508761974943939560	0.0008078940564726299	1
105962350616823915963	0.0008070755194244337	1
106131533046921693069	0.0008056945244301981	2
113356364521839061717	0.0008035341708610243	1
113744908962375375964	0.0008026362841588021	1
103472141935496784565	0.0008024796423514719	1
111831478459732211063	0.00080211633810074	1
100145601428253638854	0.0008020670120817945	2
109217461409629684011	0.0008010922119939558	1
116064889536351872000	0.0008007597868819983	1
103787580098002291418	0.0008007031948463479	1
117105039195451218708	0.0008003155190272458	1
107189810823071706764	0.000797939656621796	1
108379931611829463113	0.000796030441777631	1
109368428708794414357	0.0007959945691989709	1
113434799782645457166	0.0007918366207687574	1
116672392011502086691	0.0007915603251789256	1
101062806117760486151	0.0007915548404552139	2
117765072461117547929	0.0007911764433926652	1
115644063183821773031	0.0007884686859609592	1
114368476910973036126	0.0007874767855137904	1
116483744752939586910	0.0007866448944720462	2
104773114435400845358	0.0007846839835257248	1
118339706248486457324	0.0007824393674297554	1
115754371967324227307	0.0007822977683699117	1
110747746419769300628	0.0007818896186191642	1
104591893998825912318	0.0007814922958369614	2
104927293172660676732	0.0007799005873536354	1
109342148209917802565	0.0007782089838293902	1
112015850049120816948	0.0007765805199378157	1
111347373455607606946	0.000775765327518417	2
107591005438840138933	0.0007752557807201249	2
102691870114217256740	0.0007744809383679749	1
114528278590085046475	0.0007739700177284058	2
114195458404542931606	0.000773727682786344	1
108347134468694009774	0.0007720226337745841	2
103047027122693182933	0.0007702323680267957	1
108602149449027340564	0.0007701993200806645	2
113472184832544483745	0.0007698548368204286	1
107920154302568162488	0.0007688499387756989	1
105173130154829697850	0.0007684608918901818	1
103131233834166863270	0.0007676870760759361	1
116975065059892451854	0.0007675722418548274	1
114972221948028006870	0.0007662285181168829	1
102089694494934693036	0.0007659807818109121	1
104558996796696834366	0.0007599888508640284	1
106255898978966943774	0.0007597741267120575	1
114370942767405686826	0.0007590024532247692	2
102456090968735240209	0.0007586020426584416	1
107752922497809632157	0.0007581484198862943	1
112887471725868554772	0.00075629045459037	1
109237980065112201404	0.0007560356164777362	1
104342313215221608158	0.0007559923795857368	1
113119045494513107248	0.0007553595016583446	1
104531052356366757730	0.0007552963784416616	1
106488284533523054088	0.00075438180627218	1
108545741131375046692	0.0007542264565076559	1
107648173437404073967	0.0007529938442037237	2
112732938301956933096	0.0007529306991198846	2
110940456900687729735	0.00075267939227812	1
106488755491766193480	0.0007524275918185358	1
100566894659845026162	0.0007521291063536573	2
105267656376269695918	0.0007517854151289588	1
117734822558943142123	0.0007512961959284786	2
116042504805817667580	0.0007512682451441482	1
106360687191375633839	0.0007493001109385973	1
109542911649507348876	0.0007490456247288505	2
104277202662943073951	0.000748582978996764	1
111144389496315143142	0.0007485240784219948	2
108450221981099507967	0.0007484470686857583	1
100928115753316027300	0.0007469086140870495	1
118340132086483099005	0.0007467802147931001	1
106658849511427440492	0.0007458024002242739	1
103364024324721115547	0.0007457401544672918	1
112528443699803395789	0.0007445004917170615	1
100327836545033470159	0.0007436760970842082	1
111900459905346803651	0.0007414559564060577	2
118170768987466114474	0.0007408604201107152	1
109964959136982994865	0.000740400479460294	2
104716752339457472100	0.0007388023781219296	1
108082814806291478395	0.0007385934767187806	1
105120100085902599040	0.0007384040124697154	1
109079753818826549254	0.0007382220169678659	1
115275485457246100819	0.0007381450768430746	1
107217929430839359886	0.0007373021896078084	1
117491021008888340305	0.0007369116925743195	2
113684854375405108383	0.0007365132305593533	1
107386502152174751016	0.0007356278036631136	2
101632638222008737981	0.000734946888637617	1
116469556577026921142	0.0007337257960398359	1
110495386740742342449	0.0007327365556597729	1
113756723130417023993	0.000732568420426205	1
105161232143858721168	0.0007323265756786403	1
106237174356318230057	0.0007321120421279908	2
112422638382072847469	0.0007318928818749667	1
100121771572038665942	0.0007315331881888336	1
106245708073909716431	0.0007302161387079041	1
114789052294324286806	0.0007275882294283794	1
111005570197962924384	0.0007260322438055977	1
102434883684551427351	0.000725628475548435	1
106679217619062767542	0.0007252945069083571	1
111145789375168663423	0.0007236600962971459	1
115188225931820970468	0.0007230222458527963	2
114428750997696634020	0.0007190088206596951	2
103892513613850678007	0.0007188960645637366	1
105894760755439344491	0.0007181428577248405	2
116356914028810962343	0.0007178214118592452	2
115020565118807261689	0.0007177686442048455	1
107998653347447314576	0.000716459712610081	1
106168607919515774186	0.0007163691478976766	1
101740665881541051348	0.0007162474789196962	1
107420755679696384063	0.0007158397778418025	1
105406005201153162179	0.0007144869045038872	1
118164441818555589158	0.0007134700325743598	1
116178645480300264734	0.0007108794633061448	1
110008116244179984313	0.000710721175352328	2
101579422741533419411	0.0007104011362413276	1
105865268001904567389	0.0007086411186297344	1
100458759797322732511	0.0007082625367039435	1
110463034805904797626	0.0007081349294712331	1
112055757278778866271	0.0007081275314735811	1
109959354295627734270	0.0007081260732632194	1
115370996311184482015	0.0007078043472444185	1
100616009114067625121	0.0007075568616592495	2
115931169998956348695	0.0007071068050441588	1
107737400023695101758	0.0007056709430657619	1
112298538154248260258	0.0007055022897127614	2
109397461154116413309	0.0007031651995167197	1
103045146129358694642	0.0007026099259560604	2
116577269515221310405	0.000702195681042978	1
116111409898168592074	0.0007012697252655111	2
109359845078084061894	0.0006996309341831737	1
117520662938613350446	0.0006992277673330992	1
107101208158314368393	0.0006988228416683392	1
111041348042293541079	0.0006985123085466725	1
115724883099396204735	0.0006968059399553468	1
103202760473534065366	0.0006964874366522772	1
113102854369709041551	0.0006959940887377116	1
101062426971907362935	0.0006957786729579107	1
100114474888718501523	0.0006949671563226267	1
112879207422835329028	0.0006934076572949134	2
108872243576352630928	0.0006933404293122412	1
115598280418279886622	0.0006927726063255433	2
101326473558851266458	0.0006914683259122737	1
105716329127556664968	0.0006912121482895496	2
105665080337389619151	0.0006892929306108449	1
109410701460407703403	0.0006885377422949871	1
102768114339985212844	0.0006882047963674023	1
107639567933788693074	0.000687060989683419	2
100961385622810058361	0.0006867493772149275	2
112507886156998828584	0.0006865142524254304	2
106915458430369636793	0.0006864236510618194	2
117280849472365811158	0.0006861971425168587	1
112325635687379616511	0.0006857756619575608	2
107438998639340158528	0.0006854857875840939	1
112790541608856626787	0.0006846530257274616	1
105607680428558991633	0.0006839075430133659	2
117829180598920486765	0.0006818062181625606	1
101691152556611912102	0.0006811725891058169	1
113001548033736910371	0.0006808417066819588	1
117561536843314919073	0.000680524125554685	1
118224776879738188902	0.0006802706484914891	1
116203063268554516602	0.0006801745636307335	1
109246107083980777171	0.0006799537647003118	1
114553764127573871154	0.0006799366477294592	1
116331515612347682749	0.0006797498972546025	1
104992798176478601465	0.0006796590567191358	1
117865657916498538688	0.000679445986291719	1
115031186148141783321	0.0006794197715546752	1
103857876783441100226	0.0006792788951033291	2
105604492968547001946	0.0006782618990386693	1
110001339139979553061	0.0006780433900952071	1
100665144833607134510	0.0006775308028703495	2
107430862196617669986	0.00067666906071914	1
114290440152591273799	0.000674918268413675	2
100377699627522621612	0.0006745045468136033	2
107954398003273214795	0.0006734208478639664	2
107708625917544129773	0.0006730121166135881	1
101388018903852140490	0.0006721975826817796	2
104121609875372820045	0.0006719453662615508	1
101298898622388209336	0.0006718972967335547	1
109201681846030076792	0.0006712690759708767	1
115260307850276266872	0.0006706864539764688	1
100556529318674547309	0.0006703523940803774	1
106641334116207071223	0.0006697138232229251	1
114707910756425953932	0.000669647229457344	1
114519352081181231619	0.00066913722784227	2
105503602075625430087	0.0006679209787045393	1
107778250194137329028	0.0006679128050285064	1
107164311860815549291	0.0006678115984366192	1
105637423694027427561	0.0006676893868877388	1
103429023798900894292	0.0006672761410968231	1
104932441955983306721	0.0006668204827598705	1
105492119742825421749	0.0006649675679148378	1
116281257988393556172	0.0006645931373621348	1
115248119150833995280	0.0006639109983561204	2
106269556673463382281	0.0006626594331515189	2
110914707330141967062	0.0006626457353666505	2
106035570729285450613	0.0006625966308138661	2
111721050801656598782	0.00066231673423442	2
112709496574544965957	0.000661471830453656	1
116962153568597271537	0.0006599627717109437	1
111142352210548917283	0.000659512601980558	1
116431161234632497214	0.0006588833499399615	1
105646458226420473639	0.0006556710656285651	1
111151133269873073822	0.0006549957997216518	1
118074930118880730333	0.0006548852743501125	1
105001226804902733960	0.0006546508211780918	2
110304595006233532529	0.000653605904217621	1
105524952191381141516	0.0006526595846174978	1
102885931406196510193	0.0006518362188985417	1
114514504476442464770	0.0006516259140030294	1
103102581616407808980	0.0006509579191977882	2
106472137404451336877	0.0006507690440847543	2
103197072119870191855	0.0006490480963917598	1
110083467573773561712	0.0006479094469496452	1
100884676252145293797	0.000647098666820117	1
105980354203966235008	0.0006460030859396332	1
100283186286635609856	0.0006459685195199495	1
105492369775428575932	0.0006452980500513514	1
113718775944980638561	0.0006451275749070565	1
116792628143105662851	0.0006437458813688878	2
114023941350334024054	0.0006430332426181553	1
111073641048817393213	0.0006419160592341553	1
106804288949826635270	0.0006405701693865268	1
108665887827650124203	0.0006401507915656959	1
109730337987021901018	0.0006380356349045366	1
112423003619203285770	0.0006374381140263642	1
107714926112659632128	0.0006373914629342621	1
101476255392007698592	0.0006372919039468808	1
101904565103073096195	0.0006367895714150796	1
115035045718420869978	0.0006359887753795439	1
103886753187082859922	0.0006358253392952722	1
117657888417980998852	0.0006352153697637268	1
115135005437142391944	0.0006351798329258216	1
105504700308433988942	0.0006347524623711268	1
110806755301520450833	0.0006346102380710488	2
113891828412719247078	0.0006337904592666687	1
108106866986930288892	0.0006335284361684787	1
108480599252932396008	0.0006331734854170931	1
105149372392469422435	0.0006320031360250965	1
100413824026516874860	0.0006317941412321366	1
112092526384728873892	0.0006317189223343062	1
117807705400441218332	0.0006316024297235566	2
109711721158856077787	0.0006305146577549583	2
115750528894734726151	0.0006298617716224068	2
114955415628566000965	0.0006297143850752598	1
117810670330594453912	0.0006290025750031051	1
103805156272873540355	0.000628877209342692	2
114699780864258329431	0.0006276677335819836	1
115440213129297896810	0.0006270565503753141	1
105109887978663844296	0.0006261889140859011	1
100296793131660318829	0.0006260434209786924	1
112270466495573981484	0.0006259622411165953	1
109136095613943961344	0.0006255386649484517	1
107953487622985570781	0.0006253446829883982	1
107078434366023179737	0.0006249786963266324	1
113813534502443050477	0.0006247660647230187	1
101791177624236997185	0.0006233171285182271	2
111697857700553321716	0.0006230142844037506	1
117467979182503050040	0.000622810048845498	1
111160382577441379317	0.0006223192138820812	1
101732605149957891826	0.0006217742747046729	1
113619297753724860621	0.0006210837065706595	1
106898788320996747381	0.0006204724443465868	1
103413026854903721037	0.0006203470074817954	1
102510959683814539027	0.0006198445187527114	1
117614470593378431513	0.0006191283849304164	2
102387975506634955885	0.000618543722838939	1
101108857934089438947	0.00061829494592567	1
104054966269841689962	0.0006182840986948396	1
113543222767527816344	0.0006176550766077134	1
118209500140445207330	0.0006173199188304953	2
103589891874297491840	0.000616903575037445	1
117599181480696978620	0.0006168982861294945	1
112016242624005519460	0.0006166952801352371	2
112005751432451380700	0.0006161742059950755	1
102738311227610607654	0.0006154426748660349	1
100619767619036001799	0.0006148491841187537	1
111789849226621844437	0.0006145686581909877	1
115313918520629129044	0.0006142693656963859	2
105160956312047610483	0.000614157047954391	2
105183263336863590364	0.0006134026509626099	1
115210873530390395144	0.0006131734119713046	1
115427700899384150369	0.0006130506354223088	1
110322434906305176733	0.0006130316273464726	1
103970830134526479966	0.0006125916984129678	2
102774020010758501058	0.0006120031050756234	1
101822180524655938027	0.0006114851219597502	1
111310222808871521546	0.0006112677121616083	1
112936421552665063153	0.0006111215570975167	1
110505626196988840770	0.0006099914404443456	1
113636262834273277286	0.0006076326210094208	1
100937650350088175761	0.0006063867401818405	1
100987418482959610835	0.0006063721514266248	1
106324582128454068388	0.0006061179858437246	2
112802657264612458215	0.0006053407903904033	1
115976423587510251932	0.0006050055309815934	1
111124930081935539248	0.0006039572541623775	1
103059257411348767720	0.0006036233682767088	1
111083479668753090019	0.0006030089393819308	1
101119987948211275866	0.0006027860690007863	1
116422773158129145495	0.0006024443760585074	1
108034523287579313156	0.0006014371880289977	1
103574263845979425189	0.0006010650476522645	1
109462948655854300805	0.0006005590791617727	1
114733221311854027249	0.0005996430698603872	2
112081582311024489617	0.0005995640057406932	1
105222378662128673453	0.0005973688336386215	1
103011662826175289775	0.0005970908941245733	2
101767910778400106039	0.0005970649404260155	1
106309146993207525382	0.0005967576647421273	1
110649194482998885131	0.0005959877993151321	2
108376085312377399512	0.0005959316124104557	1
117968578376881155400	0.0005959198873480862	2
108508807541059473197	0.0005944926390722598	1
102125950139128626032	0.0005943826254606295	2
106898484855894852966	0.0005934371371877371	2
110412837769486148368	0.0005931149001163684	1
106419657916188972868	0.0005921933508379983	1
116012316986422879496	0.0005918370128994671	1
102365048688944919376	0.0005912987022570186	2
103001594897968299050	0.000591223896572062	1
114772370404010974598	0.0005910892836228949	2
114090565509079137915	0.0005905354227045982	2
111367976599010414146	0.000590268973195002	1
110807748106301476611	0.0005888870625808087	2
111592656769863822104	0.000588829232436756	1
114326598742556205027	0.0005887785245011235	2
106241782355465437457	0.0005882105160655326	1
108017043477995432212	0.0005872715128774008	1
118333009720408143699	0.0005866881634745331	2
100964697179613756830	0.0005861898192494897	1
113024713286279331104	0.0005845869818392507	1
103788557487763103261	0.0005845538551828013	1
112468427674837540026	0.0005839303881310742	1
109610870821967806849	0.0005820986114081336	1
105804664540125819976	0.0005817823693047546	2
107615229800614650912	0.0005800641591510213	1
107432579405738142143	0.0005789574585548655	1
106176824286911921122	0.0005782117476024917	1
116867368573175665922	0.0005775309072294657	1
118241908293598797317	0.0005757088739691235	1
109158932316648033496	0.00057556265140381	2
113636920520238749130	0.0005753850194354145	1
106973872898404144080	0.0005751398283717433	1
102367073395134437779	0.0005726488532779966	1
114489931902706901983	0.0005725804532358588	1
113953524641382928797	0.0005723030989190098	1
103155291053045215105	0.0005699681536091157	1
115777119611969956122	0.0005699186393552557	1
104294083885937159989	0.0005685158724166768	1
101859489363185724132	0.0005683105059699634	2
100962627237594547235	0.0005680758066688314	1
107938297490990811253	0.0005680598555011416	2
102255720890649514668	0.0005676059791347634	1
114755958959682237044	0.000566634604263536	1
102637183526072842850	0.0005664906077322753	1
101477514246180584541	0.0005654142426256977	1
107009632192481481425	0.0005649302409128223	1
114646890307069107918	0.0005648537065501553	1
100918044514429497479	0.0005643237589174831	1
116519710819167843881	0.000563780032058207	1
111440955529874041575	0.0005633587942584239	1
106180849878966653229	0.0005621821705349846	1
106776161632558820510	0.000561840956745689	1
116562123344603523300	0.0005610900422461087	1
110045272933138939087	0.0005605501244180947	1
116867737555028725618	0.0005581959052983306	1
108689366441836852610	0.0005577951999881641	1
113104944605785201866	0.0005559894129748136	1
116974033728914311325	0.0005538290291329242	1
106713331971497474443	0.0005537615194624041	1
114743790103732451380	0.0005536479064490253	2
106928066647458178022	0.0005528698603294184	2
109085511401108649724	0.0005523153079632845	1
105602558213766353371	0.0005521138334150249	1
118143056296471581579	0.0005520931591526817	1
100490891827279157919	0.0005520727667916433	2
105392770307445426481	0.0005520429511801895	1
107803544756471423402	0.0005515566407055084	1
116028914197710603107	0.0005513727241557088	1
103976158215792100333	0.0005509714914793846	1
101554358085977409453	0.0005508966533554771	1
105452294703789324235	0.0005506417331901665	1
113635217936692280136	0.0005502950322506691	1
111141593289670026341	0.000550206823826911	1
110725988306174718965	0.000550084995942071	1
117841995755821586446	0.0005498573184149439	1
112775759305765347433	0.0005495354876527702	1
116746256066987365153	0.0005492488617006867	1
106956977736353271405	0.0005473427141830178	2
101643794434997549451	0.0005472170013986028	2
111983961140937248134	0.0005452383956387711	2
115820788059179744265	0.0005451637174717162	2
102813806031252440235	0.0005450878083898766	1
107554195884954006007	0.0005446029697017852	1
108295359544090724611	0.0005439076117828892	1
117944539673553852609	0.0005434976241440745	2
118020706658509952016	0.0005432249571910686	1
113213251117183229314	0.0005428412088428885	1
114465081195625970268	0.0005425635840808579	2
100507636570832524160	0.0005421182577258712	2
103384762815820358744	0.0005417997823674084	1
112239841529025615314	0.000541583453047815	1
116315897040732668413	0.0005413380813899568	1
104903817940960363967	0.0005407547454892964	1
101990168708836845802	0.0005397421900259462	1
107005847245951907687	0.0005389019873949452	2
109914479890029191509	0.0005384437019926593	1
108949678915918499895	0.0005383721252223508	1
116351092074076481313	0.000537735306771672	1
100678762408497098143	0.0005373298514438425	1
107101215197232285494	0.0005372542890060355	1
104644705068936006621	0.0005369096507268474	1
112786890450122407289	0.0005366593617405588	2
113408942588672463601	0.0005364886694695745	1
112516512312962070044	0.0005364486127551414	1
105933969669785529812	0.0005357320608040363	1
109599264104287783896	0.000535719860754013	1
100902001366942334374	0.0005356267263921895	1
103549795859489336114	0.0005354960194293935	1
115404182941170857382	0.0005353658993935668	1
102788725364139060456	0.0005349670271110384	2
113012020626169688172	0.0005344712166332368	2
110906119292271228320	0.0005343447656934393	1
109879692651335695102	0.0005326128722741138	1
113843009097459888314	0.0005311994317099622	1
108276017039691136956	0.0005310880081848474	1
117627559431013489137	0.000529667946490413	2
108561684577945884751	0.0005273601913559331	1
103350718269700384071	0.0005263433519087825	1
102714909528236560408	0.0005258218406239217	1
117788543090716879004	0.0005249369767056516	1
103911977826803756685	0.0005245175151752574	1
100940526701263911236	0.0005232970370938824	1
108527703036413440160	0.000523061372312596	2
101192315121866349980	0.0005228844699302008	2
107796878890768541358	0.0005223567463688122	2
108371068639769928744	0.0005209848971282748	2
116196049426582632545	0.0005190284334451333	2
111005826307581852443	0.0005188719313892446	1
105409001356827017587	0.0005185514080804286	2
109067715207720642231	0.0005177231856943817	1
113870319652943892996	0.0005175917268303485	1
107719582174885607377	0.000517587292072276	1
115638855134204943806	0.0005174479095219932	1
100158294387095221291	0.000517293117201158	1
112422476359943602384	0.0005172544727689323	1
108754677323497506270	0.0005170284761495754	2
104562737429701558685	0.0005167639904990048	2
103041426716611851223	0.0005160584108477207	1
111064279321629547930	0.0005158097010493301	2
103102049696003032377	0.0005156157912066628	1
114551199693334565912	0.0005153010118728151	1
104279107049574225556	0.0005149856767304407	2
100609929356873885072	0.0005147838034068283	1
102833292951834431859	0.0005140347228702835	1
107078639726042849618	0.0005135572268921921	1
102846217719085160022	0.0005132462068386682	1
101077364858945217404	0.0005132335596211936	1
102002664460958618581	0.0005131726299265221	2
114753496995891786832	0.0005129875863528205	1
104657888072535219107	0.0005129013707663654	1
105966702668067411573	0.0005128079996057684	1
105615260708378510120	0.0005122548007577568	1
117194213012691113543	0.0005118511418933038	1
109918631905002824833	0.0005114462692276837	2
111742559041861479895	0.0005108690164176092	1
115644140961688148645	0.0005106700134418765	2
115248125732252515176	0.0005102893935808484	1
115910500821774038276	0.0005101367928626476	1
114518379108733298129	0.000510121086272524	1
104943121771076336705	0.0005092646127873139	1
100806981966366833878	0.0005092407722590079	1
108184823388212202257	0.0005086414658185535	1
102627418873482927781	0.0005082950442109481	2
107804070296565459878	0.0005079610811141984	1
115194950847480622659	0.0005079574914394419	1
115781772724214159797	0.0005077106449564461	1
102698568624233195241	0.0005076793109989966	2
112548541403272545854	0.000507126305597115	1
102924988406463181694	0.0005070488426289635	1
105174659514557165440	0.0005067786588791256	1
116927591687006554468	0.0005060093313963355	1
104957875493090526428	0.0005042768882924692	2
115052421774883402661	0.0005041897943473647	1
100745493383537483255	0.0005031587814575152	1
101913623470973115315	0.000502915259425775	1
109280501968233688748	0.0005018795677103354	2
109216615070521051365	0.0005017810119060744	1
101035826385641005690	0.0005015919858134415	1
107267083823737229376	0.000501511211373957	1
105380757076586578977	0.0005014001232156416	1
105234748527549840217	0.0005012207372690023	1
110557135488776892556	0.0005010563574448896	1
106551901875603098689	0.0005003909010855262	1
118225072890086333052	0.0005003220698627949	1
110188733874584417556	0.0005001929297982422	1
106609833229222683231	0.0004990158479755663	1
118301801570268856235	0.0004989670759000234	1
106225423487569249789	0.0004984066043677763	2
116949278708450107062	0.0004983576093304829	2
106250234179615025320	0.0004981351618423943	3
105635031252803626892	0.0004978403857921114	1
114032377231336150221	0.0004977652421788786	1
117580334862683341512	0.0004970767903282322	2
115616918416685751736	0.0004970312922750519	1
103810198829973699179	0.0004967093691763493	2
111172342770839497715	0.00049612150802614	1
113383813123340121401	0.0004959085250343714	1
106980415683422018641	0.0004952701577749587	1
105471831889375930291	0.0004951444364273753	1
116224141183993298084	0.0004951046214764915	2
109436874556875434983	0.0004928408265144768	1
104175800083885366194	0.0004921918611350995	1
106753117115727098582	0.0004918224884593189	2
104328427521193861344	0.0004917588912324726	1
108153298436385586584	0.0004916557256331302	1
112558227793929766641	0.0004913482624878217	1
115683362169779591399	0.0004909486588488008	1
116761784986758593534	0.0004904819994036062	2
107190581334337716350	0.0004902937123039315	1
102122892091405997958	0.0004902478715645851	1
111595222939363138724	0.000489525148866015	2
108743132846940193217	0.0004891512283799138	1
107173699306605894214	0.0004890007924952896	1
110533148746046121921	0.000487906662976116	1
104570316636771676266	0.0004869972448644482	1
116719742309660880771	0.0004865277157229802	1
117087180594749809131	0.0004863697695354349	1
108489529655976455784	0.00048612490221641616	1
105950580143470785251	0.00048510633155218275	1
114379643382284182599	0.0004846039837054242	1
113965114020775903921	0.00048337418105618844	1
102824752483621136665	0.0004832576677436329	1
100148131753059528231	0.0004829446466032858	1
112849417691659712948	0.00048250789496546	1
116648001284772609387	0.00048243401580837946	1
104949752064491121930	0.00048222908910098845	1
116687563390929241056	0.0004818558931542608	1
115338818508913119691	0.00048153230810837357	2
115460552753109716872	0.00048152556385476107	1
100465861691586558681	0.00048064303956416976	1
115348113762423258511	0.00048012155268037056	2
117093539617577109392	0.00047995572586692495	1
104857406109954440836	0.00047981835504710925	1
110902132030779819006	0.00047924613652837613	1
110035777189974883061	0.00047879465123036114	1
115088395571975402329	0.00047815864154179995	2
103991957457965050456	0.0004774249965107058	1
117692038325045546044	0.00047712904651702164	1
108522179872406711799	0.00047712348008440027	2
114658973344321911772	0.0004770556048598616	1
107392971542804385526	0.00047684349585142943	1
104922136166865782431	0.00047674370446691797	1
103052947271067730624	0.0004766050071137309	1
101884585568919816868	0.00047649562997561937	1
104580078354721483337	0.00047615267104032707	2
101494140056866451800	0.0004755940504816336	2
102994474461903293474	0.0004751941524839313	1
110035606471453827349	0.0004751807779792023	1
101176872497707839631	0.00047460704984114363	2
107230116322685047626	0.00047452638078739767	1
105065317973590246539	0.0004742532113182399	2
117467054730041041685	0.00047406517252192033	2
103784452522248646050	0.00047377397678971664	1
106973732534431317536	0.0004737321657030982	1
108132404204358838918	0.00047371022362145356	1
106420269962430318959	0.00047277444606454405	1
113594804899925266480	0.00047260990596437804	2
117872476272202701484	0.0004725947943760106	1
100816978574405581887	0.0004721638162574961	1
102413014337601402272	0.00047212804919828026	1
109752393704998577721	0.0004720331795120196	2
103399149369474669101	0.0004716972321551255	1
105374605403316311458	0.000471400420338786	1
106120248883783560821	0.00047110595155178554	1
103011091457132318020	0.0004709167403920063	1
111764754316869949519	0.00047077008730450794	1
111239393924167172243	0.0004706703433853038	1
113219234233002030280	0.00047013652057513266	1
104306683219947597418	0.0004697519330275795	2
110636038813077269317	0.00046964054769396593	1
104373684240388228174	0.00046937212582474094	1
110336976038750891860	0.00046933738962293646	1
112376773050778364537	0.00046922193272451527	2
114221031425436631147	0.0004691633933371053	1
104371038387535921311	0.0004683446632906869	2
102132174721866652396	0.000467845219102975	1
107297193341674316334	0.0004677778876934286	1
107940613488592745009	0.0004672926895261058	1
112934551097156673460	0.0004671754712851371	2
115612379994682252768	0.0004664566833737972	1
107428678360432166490	0.00046627993315787226	1
102970898080084533633	0.000466085485523112	1
107250222078003003323	0.0004653096274783154	2
110804953626559077511	0.00046528479905064656	1
109327440901456378388	0.0004652455988377684	1
103178661792231220160	0.00046523167322552186	2
114105507719898905000	0.00046510085919933806	2
106639396424392100255	0.0004650135846806358	1
103300251675957426298	0.00046446780241280394	1
114452731082863658286	0.00046402293404444164	1
109795502005319949067	0.0004635787516922491	1
104441355304167311880	0.0004623451496419578	2
100979083303194896664	0.00046233362059733285	1
101812076448641794357	0.00046212350731697797	2
104543642566206158521	0.0004618665183646124	2
111178132882432270750	0.00046154498034484397	2
114839663135720829360	0.00046110721538017126	1
111640352231056603475	0.00046078683053602914	2
109734652639820618180	0.0004605661737088373	1
102533016974818701721	0.0004604360738752864	1
113691953670672833746	0.00046028678370187474	2
115066354200158420114	0.00045919303327289225	1
115416460140357660671	0.00045900929103307017	1
108102879464925551155	0.0004586789788971872	1
115690704193312436919	0.0004585009593960509	1
118241604899817185979	0.0004563548419721007	1
104694788074649436349	0.0004558138425602347	1
109449915071029908288	0.0004554856672183817	1
108936076827281198490	0.0004549931228741594	2
111358173131052172226	0.0004537540639506285	1
109481385225618966764	0.00045339415988358687	1
100265717320622923616	0.00045288141567111166	1
109962347972426527425	0.00045105548335830164	1
110308504049793867883	0.0004508759165632229	2
112178106651226112312	0.0004505099941473636	1
105187299599575962484	0.0004494756250116348	3
118245555389509558839	0.0004490170413910374	2
106453324149578946702	0.0004488341304973027	2
115976304126127759962	0.0004487991450338927	1
111270516343042952713	0.00044826648295452165	1
109130458455875776114	0.0004471631274568726	1
105373589191095322547	0.00044700452964733855	2
118221077356687184123	0.00044699024777600086	1
116601386475273901307	0.000446212825649207	2
111159658956629309030	0.00044586567737578333	1
113114010027957668292	0.00044570023004403286	1
104903110057384953224	0.0004454195963874957	1
113483482538827761186	0.00044516142870220954	2
111176172612065342210	0.00044512048629440326	1
117396064641499793806	0.0004450315227962205	1
102682030297862873837	0.00044342851786413867	1
109733876730404017476	0.0004431993579276034	1
117444429786943831860	0.0004429091596319125	1
116063567372079839140	0.0004428113968006417	1
102741128719954823616	0.0004420293827683035	1
102694314557321419726	0.0004418277678850916	1
115583644746174615556	0.0004413096434806986	2
116077275276862364151	0.0004410860330936574	2
115962230332322922749	0.00044006054437055307	2
108212748463061367877	0.0004400046678742736	1
102353857599000763062	0.0004399237213994281	1
102143416116587407352	0.00043904902720252946	1
106545119499149519545	0.0004390100310019008	1
105845861210914905032	0.0004388059512472416	1
113067536157487801754	0.0004385655082134736	1
117927089822904285979	0.00043806545863745984	1
116291397068502613104	0.00043770028432214603	1
104982132039828039809	0.00043743709029247276	1
102567913505427533346	0.0004372255578210791	1
102200175417231899136	0.0004371592377151692	1
107172009740361882926	0.0004369496092406562	2
107785713244634743795	0.0004361421545355745	1
107114565629879534310	0.0004356438371196245	1
103484147666932538438	0.0004355412260002475	1
100203010875042342799	0.0004353127276318639	2
115053975672650597157	0.0004352260474096192	2
111561314974768780869	0.00043463024217297013	2
108227766059398780608	0.0004345110197593896	2
114409186006563949967	0.0004344253626288455	1
114769701773816321500	0.00043422604753054966	1
104636556569501975516	0.00043414372415326254	1
102280187460284438983	0.000433480235321591	1
106593237562533257562	0.0004333557867401539	1
103867073425136749187	0.0004329334817250171	2
108366461666664484673	0.00043286807793842	1
117223994457188027071	0.00043211529629192476	1
110255992674474190647	0.0004316633137147375	1
108968511992523656374	0.00043138662893885533	1
115382745841246326276	0.00043124785516569336	1
107413847313716734935	0.00042996722915167687	1
101440546230330818695	0.00042994958482316266	1
101091784694471581950	0.0004296688672925055	1
114119807582553446405	0.00042939419208749596	1
112178124287015896332	0.00042901662435326863	1
102214622152044095371	0.0004289808944798755	1
110341762274809509617	0.00042888233302714254	1
118147897097670149361	0.0004288330374545562	2
109934217318368598860	0.00042857225755377855	1
108802412747388798696	0.000428390793820295	1
101579515094331510929	0.00042738655271363753	1
114346437548419029581	0.0004272783018625765	1
111580690845803972687	0.00042716745696534414	1
102387547306528445637	0.0004263421838232318	1
115359817964400426145	0.0004260999201453077	2
100045990726747178457	0.0004258220796565118	1
105064474893972817009	0.0004255832351582467	1
111175636311881827047	0.0004253629811888916	2
112478242703226073317	0.00042501786961696413	1
110615537712328360708	0.0004248576582983654	1
106489971262338290730	0.00042409334560811597	2
104135390008942230902	0.00042398910351015156	1
115490868856377625184	0.0004234453077381772	1
103851629838958886416	0.0004228055394473109	1
115103513800246528527	0.0004225488774562892	1
102567739965992621096	0.00042186700434238526	2
106334926954063687052	0.00042181461185417004	1
102697315219985593519	0.00042138402150041106	1
116140925147837861736	0.0004207954583695976	1
115631392683812246403	0.0004202207490387236	1
116886861056895407998	0.0004200330833770125	1
107569192741718175146	0.0004199737964816773	2
109355455609643339993	0.00041971496344535134	1
116916927065934112165	0.00041920748904172633	1
116701660840702373805	0.00041903570484730693	2
102018898087387796026	0.0004189091318103365	2
108981450934928951667	0.0004184786430523079	1
104657234754735818652	0.00041824027299790565	1
105631278777534807442	0.00041811938800536883	1
106228758905254036967	0.000417897709733547	1
111036275428879931853	0.00041776681597942007	1
112207995176022333771	0.00041774070182960257	1
102982883537954733135	0.000417487179730644	2
108921121794099286044	0.0004172076002229182	2
115271439611597089568	0.00041693891466876895	1
108935448716838275234	0.0004169039107779713	1
109909429289936483114	0.0004164540179122981	1
114892500991414846925	0.0004157213441414069	1
114493345180478468375	0.0004156567201145835	2
108621807234552207222	0.00041547600669806714	2
102807097623058914806	0.000414821053835204	1
112047518791547423051	0.00041393506638674087	1
101322883828672147607	0.00041383267651295285	1
114996040064692233406	0.0004137464522693857	1
105508666909703535708	0.00041317541774808965	1
101293584355009316719	0.00041236242712206156	2
116937581022538783895	0.00041221865607804205	1
105675627112568067224	0.00041166382387937265	1
107487157829461743113	0.00040956257375214967	1
107229250950523562406	0.0004087901023690253	1
102668364885894493476	0.0004085806249156385	1
109796971671551187517	0.0004083592356643429	1
117012248999003051885	0.0004081935895730662	2
118215299072807299781	0.00040808912463679485	2
101360643544552502915	0.000407756302678942	1
111734974424857366835	0.00040708958865191407	1
109879616923579051168	0.00040566800370127153	1
104930422493673232502	0.0004050874131981113	2
111049614526359261184	0.0004050698136434154	1
114116833275992871837	0.0004044759267352804	1
107660875906928406568	0.0004043788282950116	2
107960447712389929333	0.00040410884651133464	1
111392114550347821558	0.00040359582804722294	2
105635062159714354561	0.0004023736526573029	1
114561549698767128587	0.000402151295285725	1
110146731439535757348	0.0004019443804753464	1
100398739506184516481	0.00040063289330116817	1
114640983560186033218	0.00040058476056614213	1
102444230004603405684	0.00040033972053749413	2
100974702573580921223	0.00039999292652934793	2
102261683746739173682	0.00039969341366809805	2
112544017345470961215	0.00039945768112211355	1
103916200279709797158	0.00039940250212374274	1
104265320693606792793	0.00039883599630680317	1
108145942486053400600	0.00039871719135049414	1
115461250009080793696	0.00039813192081173825	2
111427232323640771136	0.00039808961551658845	1
115464609748744551243	0.0003970485162555717	1
108244652378519322500	0.00039685537923659687	1
109559736754428418668	0.00039678070945495497	2
109788359544139612724	0.0003966428009543389	1
107896713804906430070	0.0003964752385096971	2
108135620705265027693	0.00039629690527087045	1
101325889391463889743	0.00039629038294735773	1
114614935824755963734	0.0003960139080389306	2
111027126430811645118	0.0003959423238270694	1
107752253600058916892	0.00039540212263991883	1
110168936356936225287	0.00039524496319032226	1
101227307619816069536	0.00039459736757786756	1
116332712813276082469	0.0003937478842670329	1
100019364506073195455	0.00039344287721991046	2
104671567585541913784	0.00039304389836692456	1
105586947745680244977	0.00039227540643851846	2
113384378468645669628	0.00039224143012802867	1
105641945363338465166	0.00039216377977178214	1
101046962256957926334	0.00039110028721743215	1
117455582278970840221	0.00039031932724847086	1
111395336413321899601	0.000389648032404209	2
108698034442038948439	0.0003887042578451957	1
109947803049469533351	0.00038798021998009806	1
113097505984827795938	0.0003877932450243036	2
108179010209808528765	0.00038752433273277795	2
103265725040196114985	0.00038727336847753683	2
111335922737520302374	0.00038597760010402715	1
117453423214170501228	0.0003855237450611922	1
113814958951002308316	0.0003852541020387494	1
102401792793807339556	0.0003845289165339894	1
102470388231927849686	0.00038431204653281703	2
113471153944297038699	0.0003842510640958928	1
101739074761305730330	0.0003842094644461313	1
103314520087825284959	0.0003833992492211963	2
105775810312323748998	0.0003833134346427563	3
109734263059135964818	0.00038329566130114977	1
114320726818728738866	0.00038317371351941244	1
107835459801687737830	0.00038305822761917387	1
102257836016223453635	0.0003823620747512232	2
104707169684560224771	0.000382197248763744	1
117783453114174349406	0.00038177547132758373	1
102385677016564126977	0.0003816831675736551	1
107071279348085883078	0.0003814632176391198	1
112296692850004538603	0.0003805710817574645	1
108592392908236630521	0.00038029973400002234	1
117721173555291749040	0.0003802136467144921	1
114255330119984526394	0.0003800073626133147	2
108504348408725731065	0.0003795773502216669	1
108525367100035374786	0.0003792328431156949	1
111734057040356889694	0.0003789494996052714	1
109744566135017200099	0.00037871776127847704	2
103398385771025502506	0.0003781902236098402	2
108150514911444882565	0.0003774562709666035	1
105610442669647684798	0.00037681783215853457	2
100889294290969939141	0.0003767726158907233	1
106679835211226388277	0.00037659517009820144	1
101233228644581803003	0.0003762228668162358	2
118025641684532978631	0.0003760931417150495	1
108123506134776646550	0.0003759419524863444	1
105842589798275587676	0.0003757978252487298	1
110262216018743478098	0.00037572168562818517	1
115712502221031233485	0.00037550288533631283	1
107735463852757635702	0.0003753989419342285	1
104247640051669568745	0.0003750510704820893	1
102176681597746495007	0.0003745181609003808	1
107564207338213653485	0.0003743510331960977	2
103745869527930210628	0.0003742609824992164	1
112713253274714848202	0.0003733901283376819	1
100872876956795042185	0.00037250015643771695	2
108186156877175709656	0.0003724714459845781	1
113481459051519094986	0.00037244445468432956	2
112164769941336121442	0.00037218011995663816	1
112402602902352711929	0.0003717916841381493	1
117493873590503749024	0.0003717080741043637	1
116485222102689674037	0.0003716466881480325	1
109917037667505661769	0.0003709745394030612	2
105626925721558847542	0.00037090210340856377	1
105449206797102312194	0.00037075182096849837	1
101921878175528130492	0.00037063382565099027	1
115305893755558429994	0.00037058068105791234	2
118389593305597714911	0.00037048760634066915	2
109512700962637271888	0.0003698572153054265	1
103827495996138556572	0.0003696490182605106	1
110496923387712024190	0.00036908899695399684	1
105695579160741894626	0.00036895959442560713	1
110338719631139724562	0.0003686703793768315	1
116560501990870056028	0.0003684609546724168	1
104606776135509804481	0.0003684218893277136	1
118003507411031237378	0.0003683435163100702	1
107861916839559766095	0.0003682179089412295	1
110815164647653114545	0.00036760218654084274	2
117807916297689738572	0.0003673677390153608	2
102923542908465810060	0.0003671866892182589	1
104503744344942441305	0.0003670613713173021	1
109602707318554937554	0.0003669307404769905	1
111448536956213151927	0.00036671045151897235	2
116635733481657432974	0.00036629493726013775	1
116766356251439373925	0.0003661243648475287	2
117139557666286569551	0.00036528409804860164	1
113414546179185041200	0.0003651186300098021	1
100567210267949353465	0.00036496038547395696	1
104028329852681318179	0.00036423966164103984	2
111651923726781468186	0.00036403500990190045	1
102887749728049882460	0.00036376244069876893	2
111749052209901260440	0.0003634964473914529	1
111996742089007071200	0.00036288951356516807	1
113147549979951923198	0.00036266751159782763	1
113847960209069198389	0.0003624684792124935	2
117136740064840507154	0.00036217751141683486	1
117174772996176250990	0.0003621326780821924	1
118043356902250822675	0.0003621003023175307	1
117811613233118718736	0.00036182220028034025	1
116890811826828893676	0.0003615449652762767	1
104503810163568543071	0.0003609295204294859	1
100235333671543015371	0.0003607198005302481	1
108591415374085469592	0.00036021513849227374	1
111644835845967213449	0.00035971533608783343	1
100886966805090095474	0.0003594393168442257	1
114099941802365530006	0.0003593864563592422	2
103532231736538660295	0.0003588756089075647	1
108529472665206002794	0.0003574943692685272	1
104651920434158888940	0.0003574316544546246	1
109706364230229350173	0.00035683894394014756	1
112119701706188379523	0.0003567319809212363	1
112059542705051409191	0.00035671397519430203	1
100861878140752842840	0.0003565096226776131	2
103472736050270620902	0.0003553244882568162	1
117469254161260370390	0.000354954443638483	1
103825102656576765397	0.00035449777011019854	2
108919788592226647508	0.0003544030390034724	1
106100750915461843602	0.00035181644266347507	1
109402458426797110286	0.00035180080295692414	1
117316671086514429511	0.00035129579995693197	1
105349505736341554571	0.00035117521563966824	1
115341989323806732125	0.0003511626399405282	2
100947952796861344140	0.00035061250501487344	1
100982727274057536112	0.00035054372449170733	1
106845489737676193380	0.00034979797489852795	1
104385069135183161904	0.00034913191116881393	1
118224919329244290170	0.00034879475898983467	1
100361990439526979707	0.00034860289607844955	1
107828564012543852080	0.0003485599723296357	2
111154830774440434177	0.00034811903417793363	2
100807190464970625217	0.00034780908891728004	2
106576558909059710038	0.00034698245150536567	1
101127855437994948867	0.0003468217721892658	2
105292720644701267102	0.0003463142967209257	1
103049640441454897844	0.0003462453105297251	1
107624900847083908337	0.0003459523524669563	1
113000368850158019833	0.00034535729443011936	1
113807121478642655569	0.00034534643868186954	1
101279713658443982828	0.0003452680291951204	1
103949261056887216874	0.00034457319710934456	1
104072966518522005013	0.0003441966770864153	1
101804557415517393412	0.0003437774621046855	2
115224452334462787307	0.00034354001914203543	1
109688338557064577162	0.0003434443792133241	1
111467571863784432386	0.0003429285659733143	1
104154400627232292059	0.0003425711275545346	1
102220192862802033044	0.0003419085913884638	1
117966168144059050067	0.00034110734220145803	2
108206013262376995985	0.0003408726865028666	1
107527597142542760332	0.0003406643117836394	2
103096831713870804901	0.0003404475414984359	2
109140261464176291959	0.00034014046596237427	1
102299650130760903136	0.00033974347153249343	1
107370613759841832903	0.00033956980467684514	1
110656883570383421327	0.00033928892554544506	1
113875900720494729616	0.0003388841622654113	2
113044581232863045390	0.000338643344249418	1
117872022281058444848	0.00033861236513557327	1
103552804267308753082	0.0003383886960717542	1
108201829410137057543	0.0003381569753230074	2
116726753740465743002	0.00033775000957787733	1
107011216522502524166	0.0003377059040544113	1
111550407529980977602	0.0003372307960182661	2
112969261373965643586	0.00033702220707187313	1
115988196673262813908	0.0003368621237080371	1
110733861070030030756	0.00033670303664667603	2
101601385045994912204	0.0003364527237628503	1
110365129914111009673	0.0003363213114451952	1
112531036232727726649	0.0003363058137004222	1
110991344213554290148	0.0003362878705051297	1
108948443886925898767	0.00033600247444512973	1
100036983323956383559	0.00033596020782395466	2
115927870648363036195	0.0003359374006934055	2
111245816599415318998	0.00033541281665693565	1
107441363540562344623	0.00033514959106308603	1
100966029566596336806	0.00033507698051313446	2
116467116715634770607	0.000334824404944727	1
103125033072979054061	0.00033461707675873186	1
108927164035015492479	0.0003342889523911694	2
100313239117651840367	0.0003331823203007338	1
114480095884024488890	0.0003323764835446848	2
102971366768744137069	0.00033191152119818444	1
114077525644661833984	0.00033166350713559025	1
115345487414568468844	0.00033154839515235206	2
109316889866264091819	0.0003309604541317625	1
101116162685895715549	0.000330729726230119	1
117510820296013843527	0.0003303038037325902	1
114663035980462082536	0.00033023186987031467	1
109732841679151245118	0.00033019910628235785	2
106096649978718505842	0.00033003908998928096	1
100263743694369325546	0.0003297932410410569	1
100744621915456860141	0.00032978522072834036	2
103746374990012367761	0.00032915486237409045	2
112946580107515968707	0.00032915058039427805	1
114153816050946173190	0.0003283192235060544	1
115021267492750943696	0.00032802546671110495	2
113982500886526129219	0.00032760330913312127	1
113158692486488316905	0.00032720329772181707	1
103753551703688829000	0.00032620204693087113	1
106347613514123909250	0.0003260151882365823	1
104868103883930365103	0.00032586006437156057	3
115503342898910341393	0.00032562780922736507	1
103520302320671933587	0.00032560483831252694	1
116703030433843502178	0.00032499762738510583	1
109814694322512846142	0.0003249142058256481	1
111796184392043237748	0.00032487933051357547	2
111104582291468807224	0.00032449875087777613	1
117204789735582164314	0.00032384297866934226	1
111812222277690772224	0.00032379489619532647	1
111072707664094170138	0.0003224259303882067	1
111459197718303171211	0.0003222957182035784	2
112492502816152191201	0.00032225408330630555	1
114792942476518851910	0.0003219343798814825	2
104681718660449509746	0.0003216438588954157	1
101268723145946839176	0.0003214353640400726	1
100923154224569697016	0.000320765483112504	2
103823265985866158115	0.00031924015766067996	1
111469521680075398185	0.00031911966475069875	1
117498995453775667205	0.00031908529667955905	2
113446649633117823141	0.0003187403527146381	1
109326074360659638903	0.0003186967857585969	2
109863949674265490367	0.00031820446472459143	1
103038787931855431750	0.0003179969988916594	2
107038008667158702973	0.0003177389247826616	1
103823611962344596643	0.0003176110025558268	1
103483268860469583829	0.00031746633168136735	3
100418018501028526447	0.00031687742022407973	1
108326222926905075596	0.00031674791951703075	1
100220577058770693828	0.0003167083924442919	2
113179096930771919621	0.0003166743889543885	1
113796195586429568942	0.000316405912620371	2
101275437520626279210	0.0003158466173482642	1
117470753717431753548	0.0003157861213958784	1
115312583957677714867	0.0003157061754757294	1
107940666594365915710	0.00031531059931557494	1
114418023734307355960	0.00031496089423054886	1
113624485151814331406	0.0003148031554941929	2
110612487886493743852	0.0003139806835225983	1
110680787361957156642	0.00031334014972958	1
107916298702718339206	0.000313200406048262	1
111168884611914441331	0.00031302303011303316	1
118014447384188316208	0.00031294559532399607	1
113934106958219608468	0.0003126796957964963	1
114004560710426751369	0.0003126551213261631	2
114121932233302784420	0.0003124500903918811	2
104571167697068872252	0.00031230274030448474	1
113016540116879126908	0.00031214712771402624	1
116346675408605401543	0.00031185466641566134	1
110430536520277875960	0.0003116938777689469	1
114688542053497314780	0.0003114221478146301	2
118179475411836656857	0.0003101440377678455	1
113180496774797510373	0.0003099901890602156	2
100461899379531856651	0.00030979798949939844	1
116132932835270315264	0.0003096759795537651	1
117068543804838497373	0.000308982670662729	1
114387124416970434693	0.00030896177682781856	1
110486448174604860857	0.0003089088388825269	1
100687245332697763729	0.00030877359687925726	1
112313073933326515209	0.0003087086708467195	1
109916526036686734463	0.0003084765461103448	2
101125630997126442339	0.0003084577599142546	1
113203511072780039965	0.00030796006715141765	2
116401908951638958208	0.00030790675878270164	1
104526807699317000966	0.00030775212203714385	2
110992606378425629748	0.0003077432771243292	1
116081346928614867503	0.00030765795072130114	1
114696958484464281987	0.0003069493725201478	2
104836830821335134078	0.0003069449287931508	2
103858815104942090870	0.00030683696196779725	1
111843580283356470808	0.0003058418140187285	2
116687665907755080080	0.0003048907358988933	1
111037637947821217588	0.00030473399769892484	1
107908853498282281654	0.00030438903922613906	2
113111949697469399232	0.000304027728940721	1
117301998449794420900	0.0003040085081835104	1
109659591453191902524	0.00030388222565131437	1
111264210677308141836	0.0003037857883579721	2
103403367408023765915	0.0003035572031711342	1
102372724052607395768	0.00030349231131673144	1
100969960384821570642	0.0003033280949382768	1
108553930568821566896	0.0003029708230354997	1
102583186030708594372	0.0003028418328522912	1
112719158157355007640	0.00030282321414637335	1
116901464594316834045	0.00030282321414637335	2
104457799718097411709	0.0003027619996516224	1
117442039711319184301	0.00030269974873638997	1
111289055551565659335	0.00030268939370888513	1
109156995180931834074	0.0003025552073454785	2
117257538022876246516	0.0003024332129063836	1
105601753082200706906	0.0003018001696620716	2
112727113723985167241	0.0003018001696620716	1
116091572293559144504	0.0003018001696620716	2
100737783851927155731	0.0003018001696620716	1
102309757055942464892	0.0003018001696620716	1
112845329894745096663	0.0003018001696620716	1
102962713732544666419	0.0003018001696620716	1
115458323467822501349	0.0003018001696620716	1
105842049107247910163	0.0003018001696620716	1
118349624359108638084	0.0003018001696620716	1
