#node_label	#score	#gender
111943154038712688786	0.013387723240493454	1
112661262066626464523	0.011790257342451932	1
108924136210249299218	0.011487320148523357	1
101035196437264488455	0.010817382828062478	1
105336425684208963598	0.010713311925900313	2
114051322401103919567	0.010144896093007956	1
109447323719942836871	0.009864676992286553	1
115899601830613537531	0.009564730720457533	1
102873175118305865375	0.009456172868437395	1
104401462206426890612	0.009077248911600116	1
117066092056374759512	0.00892895199365685	1
111144451219356446211	0.008921984405723208	1
100936611936552412031	0.00865174957132	1
116552941560660658912	0.008554800351276126	1
106133480923323663427	0.008402971258372045	1
109489575895255638957	0.008220090475993279	1
113409086302056667844	0.008178500743234127	1
106467956464026331029	0.008116911338003054	1
102762278318790381974	0.008056374561443893	1
104282453580753584553	0.007818256487974677	2
109220060006128553211	0.007741902657681682	1
109675421287495265133	0.007739953814708529	1
101793532287583914396	0.007613708968494273	1
106567570642614609073	0.007560891630114662	1
109678206263874497523	0.007520646161696979	1
103157838382139356964	0.007519199726673831	2
111262146038004038186	0.007247107712164689	1
106206424594758074492	0.007099194577304506	1
113211954743892121925	0.006791624338207486	1
115481103967401468109	0.006733787173611186	1
115978949584209885559	0.0066143763781432875	1
116507162463328305307	0.006545842324770236	1
112329087841379527102	0.0064062646597165835	1
108643489696799455633	0.006335141319665949	1
108002490988800333787	0.0062868217563976075	1
106454856985227008272	0.006231974577922905	1
107489144252174167638	0.00621356379684878	1
103850326109556474629	0.006156521898731827	1
110136818693267034218	0.0061223097383636665	1
116631329713205553508	0.0060358648431151855	2
104414006889440330710	0.006001301148182687	1
113621734687034433968	0.005943645460003047	1
111428460282110348984	0.005941651616877538	1
107562684952021749097	0.0058994601630024315	2
115970197492058000536	0.0058941610801649565	1
108099300904077351421	0.0058467742965840185	1
111083657677685307379	0.0058214808881754745	1
112541074199410704452	0.005795681456204153	1
113184091727451211493	0.005743993802692379	1
105389364748387891649	0.005698951716755954	1
102406042148418309977	0.0055415684206359915	1
111419564832268061657	0.005535563533787554	1
116185369358666429335	0.005452681491998126	1
101733529116864904011	0.005423163900473191	1
105161232143858721168	0.005411133189040438	1
114545683958862391749	0.005358763693312936	1
104591893998825912318	0.005327059838279377	2
109523302262898329619	0.005294240399163212	1
100013234150524277230	0.005286621712942793	1
108583549213384762507	0.005273165793764283	1
110570190335649752012	0.005253144145182934	1
116350850471110345426	0.005243107820415042	1
101080167733770848150	0.0052405221547831855	1
102456090968735240209	0.005200295043265256	1
103271464175082072294	0.005154917881935268	2
113553990186994535872	0.005132819207299898	1
115175345058960993404	0.005132407286004209	1
104737048903894625958	0.005092924257279153	1
113683207338912869760	0.004982649441895736	1
102426357475930747291	0.004972026067061404	1
110830480322340378413	0.004967720924808733	1
102928259944836419922	0.00495128527371665	1
101965232098049360563	0.004934307297974891	2
101130571432010257170	0.004928204299834621	1
111267975895881595717	0.0049044195157569356	2
117579105958307238142	0.004834730949728635	1
104195596535276000851	0.004785891662065677	1
109086061077201076736	0.00463787975591904	1
111376872709029407490	0.004633378320670362	1
110527094571018831478	0.004600180231130341	1
110746940521716765027	0.004580709368807981	2
100904865892153488706	0.004578314413420921	1
102301925235690691403	0.004571414384818043	1
106983800549406471589	0.004564404966541733	1
106678801573617130538	0.004514687555327241	1
100668872320235339612	0.004414535364221444	2
113250691524784561414	0.004406533428197374	1
115505611402423023943	0.004385400435125647	1
112917540183250234327	0.004371815019506616	1
102040763864961338414	0.0043600593263461345	1
102890988057972682631	0.004353907804555492	1
101384112455887732241	0.004343241015994958	1
105626234093076161250	0.004341386913794737	1
104969644294937516031	0.004334200162039711	1
101952997688958127970	0.004326432924858346	1
100203083680599645929	0.004320270957929128	1
115936804176235600319	0.004311195654588925	1
104322237605701535598	0.004300991009119169	1
108349993144739467020	0.0042830012012316405	1
106031725249629160824	0.004263002995553613	1
100398188574403174312	0.004245136521149577	1
102221942940843100503	0.004236976333302845	2
115686992336431298816	0.0042306335317359965	1
108513721198024034438	0.004212273667056661	1
103504157426559522900	0.004177644577805098	2
118007706416783694636	0.004165271735291712	1
112349335732307259423	0.004162956775476578	1
105423010364729238500	0.004160143936545839	2
112325758177811548294	0.004143759872094357	1
105740868424833330651	0.004139981209769748	2
100464702037351657177	0.00408215884127839	1
115185449105972818666	0.004079993418946371	1
100543926403936709353	0.003966031386925492	1
100379345990767507644	0.003929536844061594	1
108866766699357318662	0.0039038424771181673	2
101214841967281809074	0.0038716802382528608	1
102235147602996852954	0.0038654116070713828	1
100454739783658783958	0.003825528395945207	1
117172210890929659970	0.003824325411563791	1
114793605874421501889	0.0037691852261305175	1
109541954411277728719	0.0037375640932985005	1
104364664575889529540	0.0036820073408482842	1
117639700323467566828	0.003681808496109788	2
116445557762087924852	0.003666578500620272	1
111654988216301084265	0.0036592075805448455	1
110528202096810721992	0.003652038010695323	2
111856427400498745265	0.0036447755463963954	2
108281923609340751312	0.0036410228858400747	1
103237656106490163311	0.0035949079851879282	1
106427794242150037166	0.0035845899210094614	1
104516202695828413032	0.0034901078500395467	1
108319282403260526672	0.003474591447667197	2
109872240290292130712	0.0034139665715529686	1
103049640441454897844	0.0034112789816253394	1
118118349987811516739	0.003394415917082624	1
107826898160241010115	0.0033929772800441434	3
101482551400747213086	0.0033823890222099222	2
110901058555803377041	0.0033716992135484937	1
108539408842832063454	0.0033513635231966444	1
107324190974287934234	0.003341041986685526	1
110335957258500659825	0.0033348490523423865	2
110906328246114022891	0.0033241671365344147	2
106226563782321781983	0.003242911312923092	1
111780830002552078868	0.0032335337659647268	1
109610870821967806849	0.003213694721096777	1
111582178452856649868	0.0031968421353959072	1
105385216702194875977	0.0031742859356644537	1
114772137807483901777	0.00316769491631243	1
100414624834238419119	0.0031246805274331773	1
100580057424662460288	0.0031174013930540022	1
109491320312184685173	0.003112754494362199	1
104219185225119678071	0.003081789366689988	1
110969336043512288989	0.0030750818763066266	1
111187863571129626324	0.003051062031215863	1
117710159389064279424	0.0030367826699962725	2
108464819424870648074	0.0030276005392558996	2
102038874723578427826	0.003019722033382282	1
110574257110307833189	0.0030187211332190693	1
109322720865280816094	0.002987256895344967	1
113171764796409359645	0.002974412242151069	1
104325527624508172864	0.0029706568819993116	1
117485739798796938084	0.002961554512244673	1
116693863010809514749	0.002934562320854204	3
112096567540184686629	0.0029027360689122014	2
101329200678818469388	0.0028887206684620127	1
116428577612689318064	0.002874144119442012	1
117596273463493862453	0.0028310560147358967	2
104900407460386097516	0.0027995596949556578	1
110356126741040189230	0.002799121204119013	1
112005484203762930233	0.002717688349353709	1
115470184314725218073	0.0026870331443384432	1
110083959427249224278	0.00266854130590138	3
110587913748531996732	0.0026610247896557125	1
118369826877707960838	0.002652241259538635	1
112582685096068927595	0.0026377092333147558	1
100177138059393099201	0.0026292636477488708	2
101249926870736682397	0.0026245920375642974	1
113576074013828332722	0.0026164453641193924	1
115631392683812246403	0.0026159932064390426	1
102989464440879336433	0.0026152045250635594	2
103080784632791833659	0.002614601973798605	1
118244328512450451136	0.0026105688683444642	1
115892016102825426276	0.0026032634200493145	1
102826136581360459276	0.002599576049358977	1
102880992544382504756	0.0025497674394448404	1
111207119461058636641	0.0025174560065665636	1
109131010451940289877	0.0024937947892304277	1
116200175807550166904	0.002487031056421151	1
111152419410681068167	0.0024845345451384765	1
107835271354944592334	0.0024685135076685165	1
100714230299995389604	0.002467488983364855	1
116786925563278772251	0.0024662498621451047	1
105876229468223792348	0.002458478442702354	1
111391861260515521254	0.0024474496813447137	1
110845441428499536036	0.0024307169490282885	2
112941979388603127189	0.002413477720512856	1
108002083390103607871	0.0023994304992214473	1
112269337588491181281	0.0023829671587075668	1
115914732374262486916	0.0023536380269095496	1
102144832456525463779	0.0023333742919893377	1
109825697478493801002	0.002331428772402254	1
112212805593320830314	0.0023262754313815148	1
111540662706212287160	0.0023153110178714188	1
101295719811522364398	0.002299137489006862	1
115347824062413314605	0.002288826815329487	1
102532567862597040522	0.002279193980062146	1
105471005522417570192	0.002273342415881837	1
109517724553331149386	0.0022529002762723487	1
113778251616327508779	0.0022467390382743934	1
107827345508550218391	0.0022414944568381976	1
107572320029425818184	0.0022147823563905492	1
116490388908599555109	0.0021988227900394198	1
103259611355422228176	0.002189692882052101	2
114672640428194599066	0.0021703182299420095	1
102504243370474875524	0.0021561841676390747	1
105523568243459693077	0.002145987995338224	1
101811568041288244907	0.002133140452756901	1
110555398519936768287	0.0021065866120580203	1
109987682933342077123	0.0021061535787104528	1
112619946658951476660	0.0021040630879521523	1
104899140009131736772	0.0020762360724150297	1
113983489675640924906	0.0020570082005652896	1
112819470720191826990	0.002045386429270361	2
110155168644921825306	0.0020121605685847967	1
113231252557313524086	0.0020121605685847967	1
