#node_label	#score	#gender
106189723444098348646	0.006185665653085533	1
104560124403688998123	0.005451681759659683	1
109813896768294978296	0.005154882112085089	1
107940613488592745009	0.005015122416772964	1
102182237686825261309	0.004822751678087053	1
101849747879612982297	0.003777344909579213	3
107117483540235115863	0.0037156879250317375	1
112063946124358686266	0.0035840814932488235	1
109895887909967698705	0.0033859659217542006	2
105237212888595777019	0.0032127921647510742	1
118418436905562612953	0.003076892251113465	2
112844561713780016118	0.0029825231034314196	1
117691391504351341685	0.002897938914935425	1
117818363829980497205	0.0028488959475903254	1
104086479793408576391	0.0028218437439110145	3
109412257237874861202	0.0027900664657386155	1
118207880179234484610	0.002784726320537831	2
104987932455782713675	0.002626303503374527	1
115455024457484679647	0.0026080967768054237	2
105076678694475690385	0.0026030139385271856	1
100834378485895409468	0.0026002206417045045	2
108082478497335384404	0.0025023973925046732	1
101292014670751854990	0.002266504140871949	1
111326252849459841758	0.0022168639890689707	1
110286587261352351537	0.002207206774997398	2
113455290791279442483	0.0021816566841400685	1
110351801655685107906	0.002082797369118772	1
114382750232458026507	0.0020631116576430614	1
102194412367479191773	0.0020358905403783196	1
109775681132504389824	0.0020309039163804027	1
114199219545463600767	0.002012746546441011	2
110321775511217120259	0.0020036979891011665	1
109330684746468207713	0.0019456231668482568	1
100962871525684315897	0.001944615804361537	1
114826451917385854403	0.0019359074651545782	1
113686253941057080055	0.0019167937610345123	1
100000772955143706751	0.0018961894378224549	2
106377873407375563112	0.0018573537773984821	1
105256156026694816333	0.0018545499818143792	1
111181389036901378787	0.0017850979522230337	2
114536133164105123829	0.0017768830585964857	2
100518419853963396365	0.0017695283908347832	2
101465854435804471513	0.0017685758661056107	1
115105647022907007398	0.0017615048507439726	2
103486150650858067282	0.0017268997948851179	1
102476152658204495450	0.0017216984148151287	2
101145980349117737014	0.0017159234032771175	1
113097851206100618060	0.0017149612792139487	2
101373961279443806744	0.0017099276812108351	1
100300281975626912157	0.0017058909222758976	1
106486395211771793220	0.0017028827563421447	1
117757565120070816446	0.0016997377016683163	2
113391394505904411092	0.0016887878474476869	1
111873853137122484021	0.0016681852947659232	1
105545068944703206621	0.0016572562170768137	1
102865263115020893218	0.0016220141005855943	1
105818879899761203336	0.0016195231490599862	1
108705174211639807508	0.001619241784922999	1
112159384920907272934	0.0016167232148758216	1
101281158036723238767	0.0016161313316703605	1
116594199576805510790	0.0016080551121160998	1
102871123574468799566	0.001604535185306858	1
111962077049890418486	0.001559975438733422	1
114325795848339466863	0.0015580325306604956	2
102518365620075109973	0.0015527927253692212	1
105689080881028674716	0.0015525475487520863	1
107459220492917008623	0.0015342910160828357	1
117599302490996134168	0.00153328388410242	1
101483533411566453214	0.0015254391965264834	1
113683203062976710699	0.0015066958873685761	1
107362628080904735459	0.0014905035343046324	1
109342148209917802565	0.0014845643760170546	1
108189587050871927619	0.0014841305395812978	1
108159551615224338529	0.0014776724613963109	2
116369071500456395369	0.0014690721598263395	1
107066837874020503962	0.0014679569954572397	1
100892612779426154375	0.0014664683268875074	1
103216887847401478447	0.0014451298928955167	1
116269625715795017464	0.0014447431390437933	2
115204805503581947511	0.001438698298103306	1
115143234371607892983	0.0014383331566119126	1
107818948392384082303	0.0014343162857115394	1
117000174975734429056	0.0014143191008635645	1
101213524574984631953	0.0014106577153729478	1
118066818975852193948	0.0014094999781699895	1
102373191596205712937	0.001404329832015628	1
101396087935203987162	0.0013879169417287554	1
116696943168863559388	0.0013792951142860168	1
101035196437264488455	0.0013696143346382012	1
110778859217172642271	0.0013673971428237934	1
113407419195655472513	0.0013660441533848934	1
108805430409141907975	0.0013648620619335766	1
100058257422535399086	0.0013539663804133016	1
108470782772821648496	0.0013494615191263083	2
110258598415939907971	0.0013448596212721025	2
107476158847523345367	0.0013445815321953655	1
103861741370066605527	0.0013427577350065163	2
106831762557971378854	0.0013424328433113563	1
114474252347218597235	0.0013413650849563646	1
102554407414282880001	0.0013362594005828586	1
103871193295250765274	0.001330139942586961	1
112957708071337353347	0.001328612023661189	1
114229157887417365950	0.0013182479429692036	1
114056084994793924628	0.001302038687648431	1
116799045993451756042	0.0012998611616758411	1
100262595546646927505	0.0012917028692663998	2
117331368048773064458	0.0012839223473289315	1
102349305007676725479	0.0012786134932238269	1
107013418740229269209	0.0012736389745986363	1
112617127041903537004	0.001268350434773591	1
100968313568314999910	0.001262775583409362	1
103864209986771135372	0.0012597573827546186	1
104112700502285331526	0.0012497587916188752	2
112750091316252656625	0.0012358461759611494	1
101793532287583914396	0.001231432845192899	1
103586615087663445665	0.0012273109818292662	1
114369704013100203178	0.001225518407017012	1
106289562822644692555	0.0012214155962608534	1
116040565882702717981	0.0012051419483678199	1
101287835307087762724	0.0012033018441196404	1
100646334382638139241	0.0011924787585380272	1
102600774742322762226	0.0011923592185990293	2
107494834634231938072	0.001190128063034735	2
104484219049883711215	0.0011808419570394904	2
111262146038004038186	0.00117295934081699	1
100612175927429294541	0.0011708840313508864	1
117112087344536595774	0.0011677099004004223	1
103761326311610249621	0.0011598480482958257	1
105318217552727882571	0.0011544716838117793	1
101703900497034523246	0.0011533539097729494	2
117715337550077883767	0.0011500259282491321	1
102202329114212299100	0.001148611822434135	1
104891682069948092235	0.0011453487359957746	1
114092052797730247075	0.0011427595588613655	1
116655261233473161214	0.0011423527809924542	1
107397179930309300671	0.0011388602755790852	1
101949985834568357112	0.0011366677983802823	1
115268521733450335781	0.0011343298694874483	1
107968787521028284191	0.001130846283793565	2
101010433515025028997	0.0011281689260425629	1
105390077271236874234	0.0011222002622686283	1
103275414019940070295	0.0011207799884387552	1
104833564316573420990	0.0011182551356323088	1
100731625547184858145	0.0011174400919000335	1
108644241771981343041	0.0010962350119410496	1
110712929800504794230	0.0010917026448389049	1
105985315670642953070	0.001088470764931633	1
114035383845657714415	0.001085566503220496	1
110945896776944314708	0.0010853829847699598	1
114718380011770565988	0.0010838288369667704	1
117451933965467500796	0.0010817373746636553	1
114995954424923601917	0.0010775623084306634	1
106758488395906535821	0.0010747747437092343	2
102150693225130002912	0.0010744017161768633	1
108981679893410895534	0.001074274720154138	1
102516642867599611430	0.0010726670740927597	2
113543880726286626830	0.001071983237655622	1
117681034834791918293	0.001069896189175265	2
116043947632177598920	0.0010687624459033587	1
106711803105103787711	0.0010657608398075015	1
101962829696981365403	0.001060774687338785	1
111274793006011871823	0.0010580636469193472	1
113625462103500841369	0.0010543865796680645	2
111325836188793093057	0.0010537554808707926	1
113158814439512755352	0.0010526474447303989	2
108215644829092784557	0.001051900737608535	1
118026857517362720999	0.0010512633687018737	1
114125900939049731990	0.0010507440268282616	1
109301015267135305316	0.0010474557025751151	1
106639212910776513110	0.0010423926228396675	1
115961021629090154025	0.0010350248099071082	1
108809238871290369247	0.0010333930935963833	1
100974258168375166691	0.0010324973067256601	2
108032623298499022371	0.0010290741932307535	1
110806949181190360839	0.0010274053649961575	2
115582623750221438794	0.0010241711906295529	1
116197193480724162859	0.0010237203531247093	1
118254993345625377660	0.0010226534270421593	2
115614791007645952267	0.0010219881517480507	2
115313918520629129044	0.0010216185602898156	2
103493459351957813291	0.0010194545174028677	2
105875140491203787369	0.001019082379378438	1
108629717769018996477	0.0010184637109783377	1
114794432802652041783	0.0010177643632593714	1
108191988825050990551	0.001016699245516836	1
109123727761757726835	0.0010136809337444538	2
110600546748211156466	0.0010122524495085382	2
105692433329510480459	0.0010108833892782487	1
114310785470589297363	0.001010843843260235	1
117058794763073546749	0.0010100490685721326	1
114288572990229558524	0.001005602853874945	1
117285792439228987098	0.0010039895504067875	1
117997454598890656184	0.00100191107679882	1
108202989932786461870	0.001000925707900505	1
111766875191585976345	0.0010006126279016485	1
100441636853062947278	0.0010003138435795654	1
115924865466302265389	0.0009995210604221692	1
110874778461943365830	0.0009947676947484516	1
108542426628002931624	0.0009931231172702166	1
114045800510530461940	0.0009923558972855572	2
117697399358826098478	0.0009910049527998154	2
111438593416284668742	0.0009899860154138757	1
107742567767125793693	0.000981861648603111	1
112848512998413444527	0.000981621189965201	1
114025996339678208608	0.0009805785033244574	1
104522833443181754677	0.0009792581847289498	2
101890919344829308838	0.000976284678665471	1
112707583697711905956	0.0009729235795926292	1
112655835076750461333	0.0009718385144140418	1
116995710336756123292	0.0009710320323381874	1
102528718122061029071	0.0009698536055011697	1
105284909171916066479	0.0009691118904836134	1
116805285176805120365	0.0009683592103219016	1
106792630639449031994	0.000961508491507301	2
118337792374870658609	0.0009610929811025349	1
109514475488698891798	0.0009605474829341163	1
100472608497932134515	0.0009586168115443803	1
113847951893881070422	0.0009585710259069986	2
106425036468998163064	0.0009560730979739397	1
104192099372982491378	0.0009558480051554067	2
116824712750244714209	0.0009551564800394587	2
100521486713004391374	0.0009542602497076022	1
112807247363916062110	0.0009519653952915321	1
111173079593309250545	0.00095047130282387	1
103519655975029093996	0.0009485097190467548	1
112968403220107480396	0.0009473620844406938	1
102784256721052975175	0.0009459412378347663	3
116792953962445337353	0.0009405046891704588	2
102384669117825357195	0.0009399877220905696	2
114764567692252908296	0.000937693349499614	2
115537232107418201426	0.0009373332900331	1
100586461319763000734	0.0009366107355521926	1
118157552622616628536	0.0009357623880991779	1
115653522232867695783	0.0009343896589705837	1
100880605610983797081	0.0009338684965739907	1
116994020689123766958	0.0009307325222725844	1
108234504729950216883	0.0009302346429940942	1
106501988136092543170	0.0009301030792213656	1
101484020753179036782	0.0009279148398825929	1
113816227381173742437	0.0009270214879893378	1
113534165817251157509	0.0009238895391903645	1
108584805279585306962	0.0009232080792032579	2
116709532913592625856	0.0009224426995545296	1
108894779805940659869	0.0009216877782448176	1
104042965789095032304	0.0009196803152455046	1
107902791674095682080	0.0009152626150464836	1
113413259377846414756	0.0009133892985099174	1
100377493270775536948	0.0009123810168093424	1
111232346000552816062	0.0009101937854299749	1
104316443417435189825	0.0009085327593421199	1
106356302054336184712	0.0009077494019696761	2
110349110664408276955	0.0009063025603276646	2
116056645771775490363	0.0009052396418455467	1
102918379052624192295	0.0009050467045615123	1
116947906726568301788	0.0009029229163341514	2
113438256900303213931	0.0008997028242255544	1
116628202546989478557	0.0008949129437909808	1
108055607176923497035	0.0008898975935093777	1
110036682383342142442	0.0008882206532193724	1
101791425974855482711	0.0008861905695952284	1
112512115434413182964	0.0008825262538734093	1
104241567849916091297	0.0008823281684925579	2
106020745084647886919	0.0008781549685240528	2
103236949470535942612	0.0008759663425171081	1
115514397255079403751	0.0008714287005223882	1
107386249394822179765	0.0008701293842805051	1
115058384974405026221	0.0008693772644708419	1
118255645714452180374	0.0008692787897184244	2
104382044723182769187	0.0008688436487256847	1
102227359845636175866	0.0008678058079613789	1
103698889037599783920	0.0008674324255870476	2
103272086464849313300	0.0008667516977363065	1
103875258484706784219	0.0008662141617710537	1
111413155182039517335	0.0008630101892949447	1
111112809838472063992	0.0008618039175684259	1
116992221479414639679	0.0008614399331725335	2
104102743248207705784	0.0008596851481313674	2
107602882044753150398	0.0008595309464583495	2
107733269574737813168	0.0008563372869625991	1
116028169114638730549	0.0008553172363452673	1
106539835304510344813	0.0008510453501073792	2
104175289386948474434	0.0008506654308293355	1
103913078739565411962	0.0008498073748097776	1
104081052260915687825	0.0008476512925633497	1
105040001333571511595	0.0008432540976293418	1
117000139571713536948	0.0008423915888816943	1
103878776225072140356	0.0008387960329502007	1
117783113906561198831	0.0008371817808754782	1
109646088420628487054	0.0008365483486255096	1
114835618008913240560	0.0008355603796977747	1
115151767965845517588	0.0008335433658795313	1
102541295037745440355	0.0008333608731116446	1
113168457712154458116	0.0008307249553615754	1
114979733565079457374	0.0008306181616098416	2
107475835798405892541	0.0008302564561035763	1
100989405473280437703	0.0008293722727507414	1
109876915588291208505	0.0008292943962412232	1
106983800549406471589	0.0008281464466468181	1
117728611187295597769	0.0008276528127124608	1
109268388872941447574	0.0008258633664137347	1
105694930790909515613	0.0008242450807919148	2
111204757488124368395	0.0008241515259149205	1
100021025784352405813	0.0008240317543967118	1
104973761519912571719	0.0008238418774633056	2
113642923764880476063	0.0008225156569883025	1
110525027601099097745	0.0008203505560693406	1
105873814765821560444	0.0008200082405989868	2
112801448828869860546	0.0008195594370314539	1
109774951215877430341	0.00081860351782419	1
106853682315158646413	0.0008178004495490259	1
114127684466692817416	0.0008176029350724912	2
117939449396284436490	0.0008165937027493867	1
111948878041168186917	0.0008149557558380896	2
108189481625587435470	0.0008146951529423943	1
100932195479763784248	0.0008139988844736512	1
100127051850112740555	0.0008133674411587336	1
113546115180563625526	0.0008131507968894621	2
110656253137238747090	0.0008111510837090427	2
118351515323229708433	0.0008104861940298937	1
116394575739281318169	0.0008098611706181776	1
100774699436094132400	0.0008078370450527983	1
109596219054914376350	0.0008073945422029218	1
101161895797466267779	0.000807228501123281	1
112236344213897425331	0.0008055640291072784	1
115571998474046088312	0.0008051857298768134	2
102233770004174020180	0.000804910697164096	1
111136058272665742711	0.0008047884916063902	1
106396050397167356936	0.0008030824688717868	1
101301458673886835218	0.000799506100855012	1
107483714191607682955	0.0007994612418339771	1
117937415022745482256	0.0007980201194772972	1
110031480103193850235	0.0007977648516341712	1
115958398724943172938	0.0007966731568376372	1
100817211548713875249	0.0007952386844188749	1
101103242784230519197	0.000794869027526501	1
111718830236077991058	0.0007926146080741378	1
100528119338887152481	0.0007923645349715586	1
104541959256591361052	0.000791248181450775	1
115655205216183932495	0.0007905601510546101	1
110492963926129353210	0.0007897620432357943	1
106896834505928192955	0.0007863589409793112	2
104920733213047887355	0.0007861951729938583	1
101828183984777718546	0.0007814322700308735	1
104109881446393419681	0.000781122936654549	1
115304232819929344853	0.0007792973314790931	1
117958363368979774542	0.0007789043668229368	2
112218566734712378621	0.0007782592544030318	1
112707199408484711520	0.0007740838831364278	2
101384112455887732241	0.0007728978702954855	1
106073502505833617615	0.0007722336207638715	2
113209788861124695757	0.0007718905896860936	2
111402735079180150346	0.0007715470203288315	1
117884476143887009277	0.000770496778825997	1
107695052053552030326	0.0007690420411915445	1
111584384391407513657	0.0007686804916755312	1
108256953812993004168	0.0007685046377852228	1
109944522594844042343	0.0007672048991031796	1
106724435919605472652	0.0007664246673436347	1
107894914670080014116	0.0007662617227406507	1
109742317120338281749	0.0007638083382576083	1
116610527104514904972	0.0007632454343505667	2
113654461547690050667	0.0007630133864070142	1
106719979779567208605	0.0007628398100726042	1
104641702318010584247	0.0007608350159064633	1
101989171644896834606	0.0007595130119377449	2
108483700324316970657	0.0007585235443981525	1
103306876714294066693	0.0007576554878581359	1
103929057358376044772	0.0007556210740992785	1
116561012331692075800	0.0007541092113086529	1
109927847090015263697	0.0007513686873676643	1
111349868439224262161	0.0007488122296932224	1
101313088594783802183	0.0007478026588020068	1
105779560824580764120	0.0007474355817492808	1
117105764275907696041	0.0007462385813934599	1
106458554244835260890	0.0007448199218377995	1
111562638514922412630	0.0007431365151528673	1
111923578555541250439	0.0007410108089094702	2
110933278795835298751	0.0007405560712933448	1
108094760132961329912	0.000739639467103121	1
111674748486766258557	0.0007387740753517586	1
104683071251183753785	0.0007386961516470548	1
108851026326071355993	0.000735707404943174	1
113330053950020592701	0.0007353452505852898	1
107526321116822867905	0.0007342170539968836	1
116237760792133348392	0.0007326276844557005	1
107297378329620440295	0.0007309120940668004	1
114729740472671073461	0.0007306840893806323	1
112847428408357711502	0.0007299105744568457	1
103341235804505564047	0.0007283519710993113	1
117039260735952140259	0.0007281797099089979	1
103300363750121441954	0.0007281721917285233	2
104683587911483636596	0.0007274649825577768	2
104394453888455887285	0.0007273980534641016	2
101832053372535369591	0.0007273077554343988	1
112957065719498086306	0.0007238270610603981	1
111240230493422963077	0.0007216512226612213	2
104618664838382110366	0.0007213420441792029	1
114146479114949843175	0.0007201060507682351	1
103115473754659376168	0.0007199115848421321	1
105362990780240393762	0.0007169805342060924	1
103355912774559592572	0.0007155215732934795	1
111880539351297758103	0.000715473320104806	1
102313348468579132747	0.0007153162465007625	1
104051069913864446196	0.0007142627938205607	1
106078817258497259289	0.0007137349875670313	2
115876313538796651168	0.0007132272209021556	1
109170393627308957355	0.0007110006637312579	1
113367609333589754250	0.0007107399395782166	1
100048100630151349283	0.0007107273341564389	2
100980249131752784318	0.0007105557751838274	1
113977984500465768287	0.0007103420022363207	2
108437871879281403721	0.0007086606087463296	2
103360298993928895085	0.0007070295319347025	3
104129842883884467271	0.000706608419658234	1
105186369823013844219	0.0007058872796877969	1
111862324534985995584	0.0007056715617365468	2
115391090911429381573	0.0007054706508069146	2
116056482297838775754	0.0007042945980993889	2
108099300904077351421	0.0007041574753600447	1
117075503202449801357	0.0007039432885424671	1
103948723845752555481	0.0007028583510246651	1
103423025783649000949	0.000701932342350916	1
101765416973555767821	0.0006997252567911847	2
101114516910832196188	0.0006987358149564537	2
118429379385137260948	0.0006985944862753471	1
113312804462990112705	0.0006985453320514719	2
102301925235690691403	0.0006985434880199063	1
104448422657600894788	0.0006980769038881657	1
101901560303275458765	0.0006960673094452299	1
117951052831974893962	0.0006955976911704306	2
111709710017308986916	0.0006951113231957781	1
118005814448776464555	0.0006947878636879366	1
111124838372075709293	0.0006947193387638506	2
110054750107833929512	0.0006946624909974267	1
108281923609340751312	0.0006938654356509112	1
104866519156997639676	0.000693829460598146	1
111324012410917919847	0.0006923223511979811	1
118229828410918651716	0.0006912140565222825	1
108206524679136116119	0.0006908519799095744	1
115428993145818153559	0.0006900906445432796	1
118136647524795680321	0.0006900468816667487	1
100661648032094165691	0.0006893314731882791	1
105396609818194584786	0.0006890880030748854	1
106563076987268237912	0.0006868340392459405	1
105927182363290830048	0.0006850258582374773	1
114452583189695653393	0.0006849201543795268	1
109592634059397506775	0.0006844619178576388	1
117059593834355077199	0.0006821686233888225	1
110573952887886961621	0.0006815548370990925	1
101367799604091052665	0.0006814383768298918	1
102331548788637072854	0.0006800281077756979	2
112685687011160695819	0.000679684292313497	1
116789266528489444982	0.0006795426182932126	1
105785197801929483800	0.0006786892404698076	2
101757264621742296460	0.0006781521460750882	1
107555775204015275919	0.0006778275856056657	1
113944846007907559686	0.0006763296699797694	1
102406042148418309977	0.0006759388321042108	1
107798867186542046341	0.0006759157792927018	1
112102764670724799986	0.0006753358937575523	1
110077141419510454119	0.0006747778964230591	1
109002964461887714649	0.0006747222154041392	1
101240786246366714589	0.0006730821262463851	1
114801877818306839095	0.000672872161302869	1
104874597958496995928	0.0006688391521551326	1
103765013042311928518	0.0006687129094026455	2
113722211762693166526	0.0006664100618119318	1
112753673795733261069	0.0006655460084702828	1
114894373995529057283	0.0006647142971877883	1
105670280103726644454	0.0006644897731445296	2
116455200564503192965	0.0006643135027418067	1
115017188374689068228	0.0006641095021340435	2
106125066189021922430	0.0006630291222562268	1
101348397943983026449	0.0006622382117553378	1
105575110775527575127	0.00066152650073094	1
103896020270046143315	0.0006610231589826465	1
113212564798246057056	0.0006608698644677611	1
105663154402166276187	0.0006607594600989922	1
104849340488933629464	0.0006599121809873455	1
110809308822849680310	0.0006596585130451064	2
106661386135469061222	0.0006591995070952764	1
108202274299391625681	0.0006591657387822849	2
107308460013033893888	0.0006591277076805427	1
102596260440518224547	0.0006591173392750686	1
113381419568450917747	0.0006589315519149418	1
104265751273656254845	0.0006581099240751177	1
101140516949313637221	0.0006574904354305674	2
118301727363923491343	0.0006572977243919757	1
114279948781058412123	0.0006572710446719786	1
114755646139913470184	0.0006564023537567284	1
106407937501626051299	0.000655316410156664	2
107765155354887834405	0.0006551079089965192	1
102817283354809142195	0.0006544442069581349	2
110725144463691010580	0.0006543784586661912	2
109779057532625231365	0.0006520495734913048	1
100013398040943792328	0.0006513050997455261	1
109963918547086632063	0.0006502223192620441	1
104723167398398004122	0.0006498508769941047	1
112708194574821912619	0.0006498488892898626	2
109382394062299560880	0.0006496345956120832	1
112407335348614478788	0.0006492541262389062	2
116161263828563383494	0.0006487193042503343	1
114820480752300993890	0.0006483215757810688	2
108116992417551990891	0.0006482115530905433	1
108729164162563480433	0.0006478546328204444	2
108519759685616227897	0.0006477895941459175	1
111299245834134954469	0.0006469145158312408	1
112649031229724852246	0.000644693730609752	1
112754494243408214081	0.0006426599158185769	2
102094083859699445842	0.0006411842172568938	1
103415609531306071591	0.0006409774185422821	1
115586898390417250687	0.0006407464020015036	1
114552772035268410760	0.0006401846044372121	1
106322266355568739242	0.000639863727345909	1
101263615503715477581	0.0006396430067024334	1
115560798821543443948	0.0006389443250917534	2
116723778495890674612	0.0006373081725752061	1
100425739170055690781	0.0006367123489985293	1
110918518132080106257	0.0006357762778271036	1
105354532715798223299	0.0006357322468496804	2
103293516438378653921	0.0006350732520497078	1
113216425001363110392	0.0006349072375202202	1
103239560454875806844	0.0006337825168593455	1
105638035132192474170	0.0006329525400064943	1
110202148260796990473	0.0006325559213196474	1
107867604773686247488	0.0006325532172312413	2
110971010308065250763	0.0006313087289920268	1
116009632176436768157	0.000630948367013245	1
117942605302461709656	0.0006302718387479785	1
106086121009771648314	0.0006301822251357966	1
100519245975462538531	0.0006300615913081634	2
116010774994612431921	0.0006298305617558309	1
118142357664196280553	0.0006297755862771339	1
111897691486538435302	0.0006290156957540049	1
102029505169101002492	0.0006282200621689147	1
115588307990520146154	0.0006282039133809682	1
103159555629815965457	0.0006279010602899091	1
108440958693295511265	0.0006278175843977126	2
102208373699154503240	0.0006277979555267463	1
114055975301837030490	0.0006272001173727596	2
108171260465806644051	0.0006247300328570279	1
107386502152174751016	0.000624541319677931	2
107490600889040777735	0.0006237325895495407	2
113181621354351021235	0.0006232230878044438	1
102213934827347582736	0.0006228722646104515	1
115115161887111700191	0.0006227335107776342	1
100920434329630513012	0.0006206856053294264	1
114400835773237845483	0.0006205677964965487	1
115249860954021772424	0.0006191769401533238	2
118108431731211432200	0.000618982259523971	1
105218990683227338988	0.0006182777018445048	1
108209879935982921111	0.0006176739062639687	1
115080215652229659698	0.0006169413494594157	1
113744908962375375964	0.0006159749224744801	1
111514735588177976561	0.0006159361458776256	1
108177381721794114207	0.0006155862750417063	1
112031903148635467531	0.0006147096476328922	1
117302873158452325530	0.0006146624811375154	1
114789800183078016840	0.0006125779653775869	2
111518627657059019573	0.0006120386203870313	1
102312649610103790540	0.0006118086451714676	2
101255758769313173476	0.0006106602376807424	1
116246462646179586664	0.0006101479909612314	1
109812154559522809355	0.0006101003218558622	2
101259445219481496562	0.0006094238332709839	1
102076033841555832518	0.0006093201726371558	1
108730891819413525439	0.0006089882569918854	1
104100725654421261442	0.0006086804162671403	1
117635994103248658464	0.0006083281510496116	1
112487015638163720866	0.0006077060391270022	2
107656189087549539176	0.0006072547069861573	1
118342749723004617709	0.000606873707506476	1
108015257634911079794	0.0006065781093301601	1
113814761131013903983	0.0006064934103241801	1
107737560135969390096	0.0006055491849594891	1
100122119025236996735	0.0006051129935556984	2
104635208492390994067	0.0006048671961958642	2
106255898978966943774	0.0006034826046524347	1
107390515497901191392	0.0006034447319385213	1
114540194171411164706	0.0006032544228610216	2
111433926516886244464	0.0006032518488785222	1
112873910314700145140	0.0006031179226894127	2
111047754090011510390	0.0006025038661382771	1
101958328416568661251	0.0006023037547392123	1
105962350616823915963	0.000602173129636904	1
117283174365630308265	0.0006015386573978948	1
109128179703780508212	0.0006008822120279807	1
115489093988888524022	0.0006004652150233961	1
109888379776056131514	0.0006002775899060838	1
113595722144466261201	0.000599990971669485	1
112944155404327241166	0.0005999885928779562	1
102321124479843527561	0.0005998726090851733	1
112022983294967948367	0.0005992286235388692	1
117171626370330315159	0.0005991181770114119	1
110913165455688349197	0.0005987795140973891	2
112650309196599566731	0.0005983536894307942	1
112306531479059550832	0.0005980817311032889	1
103363981692751531420	0.0005969276945153913	2
107108629296744262885	0.0005965086275413034	1
108944642319466633873	0.0005961752490850076	1
104605541194704556978	0.0005956205697271737	2
103591627326604807126	0.0005953320016787965	1
103640868363269754000	0.0005951511690369089	1
113809685075072670366	0.000595002664426201	1
111673151624151424655	0.0005941539332474416	1
101437802758827481019	0.0005935616141315892	2
118007019733262675418	0.0005929286081129533	1
108901237855028365685	0.0005927535187644545	2
105251485487329184549	0.0005925337160030491	1
108360574989017497426	0.0005923412062560527	1
108770653757133854006	0.0005922492902779438	1
109725632622469813325	0.0005914297589128479	1
114395202305158212266	0.0005904769048177868	1
108543083581582161607	0.0005893754251945686	1
102655243537270905389	0.0005891090211148568	1
116642857391974581307	0.0005889067210512941	1
108201808427293854810	0.0005885688274593738	1
110774983292445252246	0.0005878190619756219	1
111109359761281857990	0.0005875943788609762	1
117080460060821588163	0.0005874012785452696	1
118208834515255752193	0.0005871796227296164	2
104682077034955270606	0.0005865688404376925	1
113771502211430406250	0.0005853010818703611	2
100961385622810058361	0.0005851227019995991	2
113490041785449486666	0.0005842841993314434	2
102485721261724622399	0.0005842409198533841	1
104342313215221608158	0.000584027144612038	1
110159306642698690348	0.0005827311052186779	1
109439471507683882711	0.0005811304492124387	1
101153468639331529713	0.0005804728792956151	1
108393668264332230101	0.0005799499580099003	1
105800931235510181650	0.0005799104520735521	1
106123026171763346651	0.0005793070612055437	2
101202949734684003209	0.0005790525160946154	1
109059323985123972456	0.0005786412195824583	1
114263492889228784076	0.0005781386791439443	1
106992323093389636048	0.0005772283486534355	1
107073852799630124249	0.0005757173051418474	1
100786264875843183236	0.0005757073226266142	1
101062806117760486151	0.0005752446677315457	2
107971921173510953486	0.0005722427107977728	2
114390577443742844389	0.000572034307488723	2
108889193619527620927	0.0005715400159262848	2
102397182323602489761	0.0005712454606033534	1
115635783790203857600	0.0005708767574578567	1
115728458120419023779	0.0005698869009545223	1
105727695566487851573	0.0005694761528153628	1
117358845486245155054	0.0005678254048045307	1
101338044461334104072	0.0005677607471269832	1
116726656419067738394	0.0005661168209404509	1
116064889536351872000	0.0005648879393420638	1
113282502594600455788	0.0005648235533527732	2
105589087510104431580	0.0005643170403227796	1
107308430964327858950	0.0005639184948116117	1
110859635804619214661	0.0005638769493222589	1
117470589447997132376	0.0005635507380459735	1
115230288324573016906	0.0005634138101705974	1
109217461409629684011	0.0005633330151549878	1
110391902515718223800	0.0005632134385004342	1
116318044389289937577	0.000562615078732943	2
111907009595057957530	0.0005625967955994455	1
104565717364449212030	0.0005624126819238648	1
107150908822789403900	0.0005621071164815764	1
118146622799388835070	0.0005611845545021375	1
104736042909840925685	0.0005611566235307744	1
104891597569772632744	0.0005611146639830679	1
107531802950961520923	0.0005610661680865259	1
117241173825568905048	0.000560895064258262	1
106887122611684068066	0.0005599481267220387	1
117823180230925767889	0.0005596861255453981	1
113456203738507213575	0.0005593610840412789	2
110592217550794732321	0.0005592396443293595	1
118266898899413407914	0.000559030453425091	1
115727111607685613786	0.0005583185664430221	1
111749793836380057642	0.0005579461883174288	1
112750733404297151260	0.0005578884270034524	1
108941008108498973908	0.0005576964868355592	1
108945615972564140630	0.0005570542953447068	2
107235139478887256327	0.000556761371545516	1
115128808368924712465	0.0005557069535407608	2
105173978068939050475	0.0005555337812776368	1
101110424233338407044	0.0005552407321871219	1
100085960686028130081	0.0005552010132037785	1
108680413775749263176	0.0005543179900781112	1
107176276108664223128	0.0005542114188194723	1
108218933035613051336	0.0005539850558089035	1
108149496167340399916	0.0005536378847538295	2
105927290057910590380	0.000553289562607598	1
100580349003099136931	0.0005530075254899214	1
100879115281181648565	0.0005523040124736762	1
112460156235422693288	0.0005518755989798287	1
106288147883263067802	0.0005515295909511755	1
104243689561160448918	0.0005513966345658463	1
113973458554656282296	0.000550945665981804	2
112156000858878605428	0.0005503914659965829	2
116140208161479945314	0.0005500097136121122	1
108184538971934009201	0.0005498844227171239	1
114368038757570758124	0.000549376283973686	1
100132612879660965860	0.0005491885550456722	1
112564135762572403710	0.000549165104883173	2
109901332639702690169	0.0005490764736670495	1
113039994324259455557	0.0005490098306514876	1
114890108864149248397	0.0005489872527982438	1
100487850464829001531	0.0005486617964165193	2
113581031532186206041	0.0005485669150571757	1
116941151642554993661	0.0005483138989895059	1
110677399908549124400	0.0005479756194493383	1
103719067712188912978	0.0005475957615942322	2
109467539030694561506	0.0005473098786768546	1
116658475412812221703	0.0005471653083622908	1
110109050164240978800	0.0005471581705756234	2
117159688842706526760	0.0005471033939571839	1
116249696419282354768	0.0005470853425811821	1
114195458404542931606	0.0005470124765286611	1
111986746929163950657	0.0005467735705758908	1
112304298024551327286	0.0005461777567628724	1
113571469749900391835	0.0005460880510466289	1
105704599412926679653	0.0005455673095589018	1
111538684930665702515	0.0005455297934646984	1
101329200678818469388	0.0005452625964424238	1
100267777884892163462	0.0005452492016150577	1
112443834644937734099	0.0005452346592302583	1
112317819390625199896	0.0005452108058735857	2
117461194055148258465	0.0005451004928068762	1
118267869894334056737	0.000543599167573535	2
115630981073246713951	0.0005435085922346772	1
108273660324649677046	0.0005432988401861632	1
107752922497809632157	0.0005429209466581009	1
102768114339985212844	0.0005422760548802195	1
116416267224608346550	0.0005421428423074107	1
116697067427905381650	0.0005418667740066056	1
104319612779026205855	0.0005408164963633538	1
103976375898267658756	0.0005404283482675265	1
103429030339451363811	0.0005398085371282983	1
106131533046921693069	0.0005398060098258364	2
104935539140993741009	0.000539475304134831	1
109431897417224107649	0.0005392509842150104	1
118291162655475455492	0.0005389188490146895	1
102420807080086585113	0.0005387879834134646	1
108305800020015816087	0.000538771907546649	2
106564396536009317271	0.0005384089508104475	1
112064683021904021966	0.0005379598809785046	1
112422638382072847469	0.0005375366219594258	1
117359966293349643436	0.0005365507542847983	1
112398350371403028747	0.0005363854743031945	1
115770994163143043771	0.0005361670696519051	2
109667737068377929045	0.0005356767519374196	1
106619154533758300805	0.0005355710118047692	1
114553764127573871154	0.0005349890461869245	1
100803225977389225237	0.0005345957735976359	1
115329901579467138335	0.0005332463077255094	1
104100917214971570705	0.0005328758150466254	1
101457931288095340448	0.0005327130084658424	1
106658849511427440492	0.0005320967590990159	1
105974667002613140845	0.0005320326845317527	1
102274702309754511052	0.0005316537970753839	1
100141897495287992412	0.000531617298030271	1
101790464138367096305	0.0005313709640399715	1
118131373167476329771	0.0005309441375808172	1
101583086855612674114	0.0005308036650782501	1
113434799782645457166	0.0005307139989654911	1
103685740157136493702	0.0005303965163042169	1
104836231516206450911	0.000530080130465085	1
116023684982954546375	0.0005298980446397975	1
114304217986164504534	0.0005295395545142117	2
107542742799095073899	0.0005292378206349088	1
109427269937333297397	0.0005292096107869192	1
101130515987239705320	0.0005292046088506435	2
107767329115909126883	0.0005288671005527624	1
103869730629941619882	0.0005287462214821391	1
106184776095468420185	0.0005281058414007018	1
111825308640376984447	0.0005280112829108896	2
113922681403146970349	0.0005279790390737846	2
110435582822209082831	0.0005277808416329689	1
107166529351864871889	0.0005277578315256756	1
112694673007644764556	0.0005273337108519087	1
102561766349924345001	0.0005269849366949116	1
117599181480696978620	0.000525997569537562	1
113102862520765968586	0.0005259609391094339	2
114416712179897474386	0.0005257724432035942	1
104014153016377817626	0.0005253639670529622	2
103668714482917553215	0.000525125169955966	2
102075853026137609733	0.0005249000672852735	1
102135527356174747952	0.0005245274505680076	2
102390118349128083852	0.0005244180715821519	2
103011191893676285908	0.0005239503294985303	1
118278562231209378208	0.0005236142448851947	1
113684854375405108383	0.0005235637452928795	1
116629766974988251427	0.0005226374347202192	1
104232333688560515077	0.000522041403529491	1
111905796037369659608	0.000522004050419625	2
110889775111765717798	0.0005219650751402248	1
107217929430839359886	0.0005216336804399189	1
101957725892036154972	0.0005215518100285902	1
115281772866593742286	0.0005199368440604818	1
103914809547503560483	0.0005198332608769604	1
102027569173802121272	0.0005195984954652723	1
111731243339944564597	0.000519219724790786	1
116986812054619207417	0.0005186126268287874	1
102607976248113359464	0.000517989401560734	2
103045146129358694642	0.0005179808395464942	2
104683782368514591235	0.0005174718074038158	1
103731328851511193776	0.0005169969811586384	1
108581600383744157473	0.0005167773195122329	2
107421445652242933389	0.0005167505974287849	1
102955869910837123259	0.000516175449812751	1
113899310637703974412	0.0005159794549441663	1
105120100085902599040	0.0005159512931142709	1
114169149820478856488	0.0005157844660206284	1
100759735772165119630	0.0005155075103634513	1
109298918815709118957	0.0005148885688507592	1
110523817332929215970	0.0005144891203062831	1
117455365995643899222	0.0005137391477061932	2
115478097795938781715	0.0005136005414690931	2
100616009114067625121	0.0005131166396880883	2
113756014567052941747	0.000513077768094802	1
116438477730966655432	0.0005110175590570629	1
118312289291920314925	0.0005109869776570402	1
104378154756194093727	0.0005109678363412215	1
106482853927171444129	0.0005100436285974064	1
103864068523411491285	0.0005097369998587658	1
106032143128915938009	0.0005096798184147917	1
107868844306369312882	0.0005095994515156677	2
116368173634543250664	0.000509282793981058	1
112052338416071432089	0.0005089004942325389	1
114580307878074936861	0.0005088296511527441	1
109876318275533969777	0.0005081203335135795	2
105362730138809047462	0.000507959876430023	1
109960739367065180670	0.0005073511692478428	1
109403702254529528210	0.0005066041049698832	2
111299583921677585541	0.0005064823830512287	1
114460694187589395560	0.0005055979395128954	2
104639356062913210803	0.0005048776507924506	1
109911428714439342531	0.00050455194404973	1
105846917401692687194	0.0005045215981013453	1
112582061365461975085	0.0005041282938500265	1
101916731326740171496	0.0005039798691346029	1
106147886942787948585	0.0005038047881410105	1
106453683967826629110	0.000503433104346888	1
110030220986081791922	0.000503035731362312	1
115994776758481717942	0.0005028844752264598	1
118359406034859277252	0.000502806294026913	1
111553887229728062170	0.0005027073160538512	1
111777065251589534891	0.000502650977960524	1
105876102301684448234	0.0005024947744619549	1
110410605967294493869	0.0005024748359696895	1
103761316115981403222	0.000502406408865505	1
102672374688772458990	0.0005020961353454106	1
111271022648828756409	0.0005011116408169756	1
109173676007062605940	0.0005010751790336733	1
105463502370091267946	0.0005009366926907286	2
117216289732773407442	0.0005007665270484144	1
114924205158387502434	0.0005001028510814691	1
106813061125294796726	0.0005000063005860319	1
113515525332538914887	0.0004996992009668047	1
101988524032513457125	0.0004995228049600494	1
115339265752668340684	0.000499519984309117	1
101557794774916611528	0.0004993709501602366	1
110798677206478493280	0.0004989541553528927	2
108941983487083451766	0.000498654884403661	1
101826850200845604590	0.0004985984176288899	1
112971045758474660173	0.0004981073013768286	2
113372014271548958684	0.0004981014673162634	1
117710159389064279424	0.0004980435439771602	2
104540999868216683021	0.0004979196480421599	1
115459243651688775505	0.0004974042165080553	1
109798382654468621957	0.0004973976499501231	1
114917960422312686642	0.0004961781850379321	1
107588913389869807388	0.0004955623277847468	1
111723527445422923386	0.0004955385221355075	1
108710095010646545899	0.0004954537391119938	1
104727620425010883027	0.0004953985960829558	2
102713919502738823763	0.0004953548188197294	2
101400298379115236813	0.0004952036991993235	1
105640765558937706569	0.0004946133914662044	1
103515259519634902605	0.0004936864003945924	1
117734822558943142123	0.0004936604121529402	2
108850165775587855194	0.0004931557328029675	1
101265429413963140460	0.0004931510198729228	1
115822739011040329613	0.0004930908825980815	2
100656381634070119025	0.0004930340267631677	1
116867368573175665922	0.0004927001350958706	1
114388883017162610619	0.0004924542465629679	1
100743725447442502921	0.0004924177186561435	1
113119045494513107248	0.0004923725327603965	1
101932856754565021444	0.0004922902809145155	1
108619653519122895791	0.0004922847987502746	1
103888069615589058326	0.0004922256757980466	1
115539859010242652156	0.0004920497232591128	1
110889597904569758528	0.0004917659571568711	2
105968121033284619244	0.0004917284705992004	1
111994714931460675427	0.0004916490343877856	1
113843009097459888314	0.0004915920319823863	1
104219912764033770599	0.0004912088914588956	1
107998653347447314576	0.000491195950941412	1
118286250147898282779	0.0004911852301528208	1
108092487151722513439	0.0004911599896564292	1
103751101313992876152	0.0004907731092719615	1
104513612772021842037	0.0004900913615715596	2
108246157440293603595	0.00048987838236907	1
114129551797230920264	0.0004896985159847312	1
117440562136163282023	0.0004892395582755645	1
105222378662128673453	0.0004891347413398126	1
112732938301956933096	0.0004887699958447052	2
116135708035009047731	0.00048797230694568847	2
118131697232761732776	0.00048780454786746547	1
107125528996638849553	0.000486864013606427	1
108954403853996411450	0.0004865419652397211	2
115796726221433499909	0.0004865104089800859	1
106512394490409548810	0.0004858839959788408	1
117865657916498538688	0.0004857817922273241	1
115904636983755833973	0.0004857558775193712	1
116111409898168592074	0.0004855038230445608	2
114790124739400437749	0.00048542133390854566	2
113102179663329232861	0.00048494256950902493	1
116775861213316603720	0.0004847866818398174	3
111702535158231370863	0.0004842369376301816	1
105742591547943280092	0.00048421764826779134	1
112015850049120816948	0.0004834401101873251	1
115683348724599782363	0.0004833083548588978	2
100987418482959610835	0.00048251240355504473	1
104394232674082605090	0.00048222732971964867	1
103787580098002291418	0.00048157204365037215	1
106353782123563383689	0.0004810309638984039	1
109854304647212696025	0.00048086887874326605	2
109654473222760220006	0.00048078644804222396	1
118336022454570516076	0.0004794110868993546	1
115031186148141783321	0.0004789017181209733	1
113062965356511281340	0.00047862472720277085	2
111593529042468885826	0.0004785225287397368	2
104873701129982797451	0.00047846534417890984	1
104831773852982374198	0.0004784083444379425	1
115754371967324227307	0.00047829072982930943	1
103036850302195031958	0.00047806903484888346	1
117341108419076839731	0.0004776966293520247	2
101481948928469258135	0.00047722398454992155	1
114621344406813885728	0.0004769397125749408	1
115182013383278977990	0.0004769133305877198	1
105980354203966235008	0.0004767764484897392	1
107792210455452678312	0.00047665644167099947	1
106116309894154167936	0.00047665363909012983	1
109227682559493353301	0.0004765260795583135	1
110890406272830624608	0.00047640406898613027	1
100125216216721633658	0.00047637170517214795	1
108665887827650124203	0.0004756572043244833	1
106559040551089535793	0.00047564743148234106	1
106089699734875924329	0.00047505386708340813	1
111325331580310420251	0.00047498430641608523	1
100771778865891544223	0.0004743364929915352	1
107395795129791787754	0.000474214331863916	2
110940456900687729735	0.0004733545203359006	1
106875814764150089214	0.0004728351452237414	1
109991831337346806782	0.0004718365146202709	1
111627219638715165418	0.00047140154156840366	1
113585858383102393498	0.0004713159763309739	1
109261971356283437190	0.0004702455790503502	1
112546953300159727405	0.000470062334139211	1
111011926999469454678	0.00046986876579405856	1
117790146286148495130	0.0004695613106798775	1
102496577203990741245	0.0004693825358758276	2
100083143219845545519	0.0004691023238981843	1
114368476910973036126	0.00046901425288519804	1
105502659434999281505	0.0004688556906610156	1
114243405675911151528	0.0004687768677856337	2
107023475113646570269	0.0004684105846218255	1
103472141935496784565	0.00046796112275647754	1
103001594897968299050	0.0004675277239310532	1
106915458430369636793	0.0004670496721808187	2
113413631123566181546	0.00046697107800757924	2
118259845529965696636	0.00046690227609390517	1
117376002131523540440	0.0004666093162707726	1
101954261955134304484	0.000466104230797376	1
110640210813191719249	0.00046605399918027413	1
111326548259056921482	0.0004648756028587217	1
102302151627868466991	0.000464692660010849	1
100413824026516874860	0.0004646475190442966	1
115289524882519831247	0.0004645174830223015	1
102345968620027951191	0.0004639539526639494	1
106312035620164033349	0.00046381876350215024	1
117652888992472338136	0.000463723463782823	1
106488755491766193480	0.0004636770545727184	1
105406005201153162179	0.00046344896864921497	1
101344290651372832780	0.0004631890311392597	1
109747793098916934740	0.0004629157446720254	1
114449136363515778220	0.0004628702105562196	2
112937545206482441347	0.00046284974051617213	2
107343380917808930971	0.0004627584983160125	1
107825480915810491568	0.00046271357757945373	1
105080829848875955741	0.0004623618051890737	1
107564732523301097229	0.0004619682351104224	2
113795438570091086894	0.00046173630019584434	2
105642254994560215157	0.0004617083623638655	1
106294738773145690221	0.00046096756238808213	1
101050864722964115697	0.00046068695886353087	2
117523192629864130149	0.0004606742622678667	1
104100048721044197927	0.0004603461954920517	2
109429659439059337408	0.0004599831010081767	1
100552531898971306220	0.00045955711238095413	1
115232424871946476322	0.00045933556237484955	1
110762004945985541135	0.00045927249031947365	2
115027027411415275890	0.0004591045640829796	2
104128976029972436170	0.0004590351087650266	1
111104711313327924255	0.000458631285623903	1
109522193578764168033	0.00045839002447333095	1
105149372392469422435	0.00045806162609422123	1
108082814806291478395	0.00045801736716295826	1
117856703419806322061	0.00045785822015161385	1
111721050801656598782	0.00045764308003333053	2
106419657916188972868	0.0004574988171231624	1
103875028402395166562	0.0004574486287531364	1
101856302146505039577	0.0004571487228215163	1
113962866520226485377	0.00045623537522849176	1
108144430629893821152	0.0004559996113361666	2
117434041186347435092	0.00045595835049441985	1
109558101300738560330	0.0004557555763681096	1
111775942615006547057	0.0004553725999803097	1
113216366128482077350	0.0004552663086232363	1
108376085312377399512	0.0004551744653861411	1
117028515246889767151	0.0004551700316743738	1
112041586760682568206	0.0004551340180173712	1
100038654959459896094	0.000455095908419678	1
114699780864258329431	0.0004550317299939343	1
111301138684149445985	0.00045500125233682094	1
112987414403542133103	0.0004545547958516744	2
106990684781606341781	0.00045394625241402685	2
109730337987021901018	0.0004535889609948832	1
113543222767527816344	0.00045289646128143096	1
110194591557779214958	0.000452317345395949	1
108442844427459883217	0.0004521503028140137	1
113291877927689138297	0.0004517417408781701	1
106552720667762384664	0.0004513032634286395	1
116451180069460019713	0.0004512511173351175	1
116285826386419620082	0.0004510376154367213	1
106601620373148244289	0.0004505833460790196	1
110433465871086860393	0.0004504610733306273	1
106569322839607148261	0.0004501690066090875	2
111041348042293541079	0.0004497436878047808	1
109584101159595963470	0.0004490324298496929	1
101395858239228243237	0.00044902478909181946	1
106758052988790148381	0.00044900155673056647	2
115621155798768741582	0.0004487044551995499	2
109738929068234243981	0.0004486034305855953	1
101528829299984679904	0.00044756034278843235	1
107382971911415711178	0.0004475368774990508	1
104746312113716977552	0.00044753232375833356	1
106361799150888036264	0.0004473143352410705	1
116498901793877512719	0.0004471848443108802	1
110453493066024590173	0.0004469778629584756	1
112304797015972025460	0.0004469765084942755	1
103102049696003032377	0.0004466516522775091	1
105678730193466810150	0.0004464301433109146	1
116032490611047283168	0.00044572726406802676	2
111789849226621844437	0.00044567350633065915	1
115923918179371973262	0.0004454339687514987	1
110996700795632163715	0.0004450009037591878	2
116746256066987365153	0.00044434410896710595	1
110306109330997347334	0.00044434186758199253	2
112756859469531650254	0.00044423941010228083	2
116307911956851384448	0.00044403475968082877	1
115666220350944366974	0.0004439743504976552	1
104470581700601992271	0.00044387618566504004	1
101412392825967585473	0.0004438381075601461	1
103542932221648621661	0.0004437629515517823	1
116272754688583808397	0.0004430320456651959	1
107299322418106180108	0.0004428440516897219	1
115647033908194984232	0.0004428196288048969	1
102754383312092096579	0.0004426358828838012	3
108106866986930288892	0.0004422382750623674	1
112938065332180786366	0.0004410546906651816	1
104855279082223684308	0.0004410326789814693	1
117456113289518689355	0.00044009829364446805	1
111919768120748204416	0.0004399912321911754	1
117753963652056964179	0.00043989323249365536	1
111038932652846926815	0.0004398381523560215	1
104782715498420592002	0.0004394502197592067	1
106424364209867766581	0.00043930197446076107	1
112137071107919749628	0.00043882538330573085	1
101539944791091194585	0.00043873710485367357	1
112965608024184180683	0.00043839228934324913	1
114699113735978841366	0.00043829325891387794	2
118143056296471581579	0.00043826496150886976	1
108187313492122620620	0.00043801284288013157	1
117720859528939537832	0.00043755319535949695	2
113815496175227038563	0.00043738412153279134	1
101124453746807544956	0.0004372114244725222	1
102346998741296007344	0.00043661665835692493	1
111789696120701217069	0.00043618880585264753	1
105621403584928506108	0.00043605559694283866	1
116733450618775758965	0.00043600689087652344	1
101463124757921533894	0.0004359216556803319	2
102125950139128626032	0.0004353521772851864	2
104806058479940851108	0.0004349769409515969	1
103148648942780813459	0.0004346463732977508	1
108169649974588976835	0.0004344833512234504	3
116098329946547517089	0.0004340744124362786	1
117638939655346687228	0.0004334282579838915	1
104547122294871942949	0.00043263925824179206	1
107837782714454419480	0.0004321386244587321	1
104927293172660676732	0.0004320083914749538	1
106597407209533990026	0.00043177395230447853	1
105474322833740648426	0.0004315787984879983	1
116474011754795363421	0.00043076849146082445	1
101429616110119376422	0.0004300959720791474	1
107197977811728548604	0.00042986773181563273	2
108628946684172970453	0.0004298202694111476	1
102006165030088401333	0.00042952272173822637	1
116668669488646834910	0.00042950357781140514	1
107018384079212893430	0.00042940351361545466	1
111397820434550800684	0.0004282503652087346	1
115409898802129186473	0.0004281243439887885	1
116488068558092164985	0.00042780205088377985	1
109171940951775811050	0.0004275517887657195	1
112802031539318458586	0.0004271215947025241	1
111073641048817393213	0.0004270458841385769	1
103350718269700384071	0.0004256410402929409	1
107805525759756719543	0.0004253596653728081	1
116579397951422142937	0.00042523766227645044	1
109765582399090635945	0.0004245226648606867	1
114101886544566828847	0.00042408903068134527	1
115160497821128243979	0.0004234321743054629	1
117580704288376500422	0.00042261981331726326	1
101548703550770422239	0.0004225310355856132	1
106028569665227723037	0.0004224185231390984	1
115781772724214159797	0.0004212403230084153	1
104738780138410413149	0.0004211131306828762	2
114199195197059337302	0.0004209582153545204	1
114693772828500324009	0.00042092026692026993	1
114522811866073303399	0.0004205095153286359	1
109294320651051585195	0.0004200269364544099	1
116426588077226975868	0.0004196024758090455	1
109270989906083658087	0.0004195677798383032	1
117281994409815890787	0.00041942048378023125	1
115950459566444630295	0.0004183433279173745	2
112075476058819393084	0.00041736233396251585	1
114750927985208119278	0.0004172059492428811	1
104710652529614103134	0.0004166008733526657	1
115638855134204943806	0.0004163781068711065	1
116519710819167843881	0.00041599208261233766	1
110870708532087340707	0.0004159517428021266	1
104901259127297133612	0.00041554567722977727	1
117167548070648911899	0.000415111727476145	1
108044554855018652985	0.00041459207621868455	1
101244385396893203684	0.00041459194362983184	1
111827264205417690154	0.0004135394057913905	1
107280459342776292862	0.0004127680184681057	1
111723730151133168293	0.00041191165910076024	2
110868669668213024446	0.0004117305572449586	2
114860539802931145872	0.00041143727646487737	1
104023113964276937206	0.00041114878702621846	2
108300342282582267865	0.0004111385203150332	2
112342248775237115466	0.00041103908448371097	1
101905360432375075769	0.00041044674006027355	1
113877972545027162214	0.00041038185525567046	1
106341940861791413643	0.00040984968327868103	1
103412799513223968104	0.00040960267059915044	1
102781023276216396608	0.0004086619050202441	1
100677014976835983130	0.00040814982614981784	1
116914049218317559978	0.00040811047651079246	1
104216250754098287625	0.00040771043163970595	2
111142884289817620371	0.0004076643507674457	1
109918631905002824833	0.0004076340502326654	2
113672206467745156500	0.00040718391969001374	1
116927591687006554468	0.00040699473469349076	1
110987915208098080410	0.0004067884415189068	1
113393119735348911805	0.00040625948679150897	1
105642645167793475150	0.0004060629199486588	1
102626129336565123728	0.0004060522333989259	1
105115979121734412207	0.0004058280807217613	1
115104790963351298656	0.00040574457852942314	2
104910994267986225979	0.00040559248101102385	1
103600848384812805784	0.0004047004941217643	1
108307660370285174924	0.00040368030315877967	1
100591432527680980242	0.00040351906024259593	1
117230458394250799679	0.00040311470657211125	1
106339384611543090021	0.00040295642911726353	1
109285121542513818964	0.0004028381985134805	1
102447211520650111820	0.00040280171558339435	2
111163557023441462482	0.0004026442177634294	1
100934704827451571980	0.00040110874706526795	1
103106165883489884859	0.00040110366527603634	1
109045366876404424354	0.0004006371342316515	2
103773187364999636378	0.0004004633785111112	2
103173354168732536146	0.00039963706741614666	1
111919025779338772190	0.00039945066073878327	1
103704408367470504603	0.00039911452997445945	1
107743243961862129539	0.00039891614148725196	1
106228584043531639037	0.00039859702198485387	2
116808175552897654760	0.0003985341602506542	1
116265221343633571593	0.0003980076630640928	1
106794050967212554888	0.0003973350402444283	1
115830652341476226973	0.00039692116284201684	1
107149275488314472275	0.00039677456793457374	1
109928491957846113803	0.0003967114507957459	1
100212806422158954977	0.00039619934518751835	1
118263748203701079950	0.00039611628969468313	1
105560957738158903208	0.00039610433493984624	1
109520258037772485474	0.00039556596757788626	1
104353550565462760438	0.000394954326248699	1
111649113316871573342	0.00039482214857679683	2
108295359544090724611	0.00039465154885316597	1
106749254706410187997	0.00039459593195122927	1
111090312889436335447	0.00039360651104309056	2
111726459705245415071	0.00039360129569926156	1
107048639637773171045	0.00039357045933691615	1
105602558213766353371	0.00039350611128037707	1
115396639452469509832	0.00039336004248103544	1
115616918416685751736	0.00039276247817088836	1
101097684007749760584	0.00039261048821906527	1
117031220123914359984	0.0003924363666377164	1
102340957096120356053	0.00039212769396126316	1
106653678649405633861	0.0003918111400461198	1
116504379908550540268	0.0003916880461839396	1
114726437699826270800	0.00039154978476183054	1
109289998233467576352	0.00039124097261621614	1
106321154878807835082	0.00039104646665265384	2
107455392897059137525	0.0003910424777995992	1
100968895948385844883	0.00039099646021486097	1
111997354028512311437	0.0003907121272400741	1
114716246797148882736	0.0003898343823316185	1
117122165783749287103	0.00038972862772656533	1
106166623138751182431	0.00038963328256185116	1
107322537767043048537	0.0003894593892834104	1
112299699581796579119	0.000389355769691395	2
102607543471499269623	0.00038911306101042887	1
116646564934661550006	0.0003884242661871326	1
103136145247599975892	0.0003882967200916425	1
117280301082168371727	0.000387829489512105	1
116729063043238476394	0.0003875824279032707	1
108383956403285120748	0.00038735510319895256	1
105207566742462647185	0.0003867541609705648	1
108633099657919433565	0.00038584966438400784	1
102472204830503422684	0.0003854350780491938	1
116011252490222413570	0.0003844347141692399	1
114612078931983704841	0.00038428533575051186	1
100008774185148523093	0.00038406546690691304	1
112869984859418386620	0.0003838814464564685	1
100217651363651256688	0.0003828343624175022	2
112253341310474505065	0.00038205464685233564	1
113247206900697518499	0.00038155924919639806	1
103908448964312073643	0.00038086383930786827	1
111713122651009400300	0.0003804577960879674	2
102972598897337251032	0.00038030279729724814	1
114733225186768122927	0.0003795928674866102	1
103678326165851692934	0.0003795173959732444	1
110040221785656868352	0.0003794554804544226	1
107953134676454924317	0.0003785334911986103	1
101564208190134437985	0.0003782517330708626	2
114125781899580900020	0.000377876229017326	1
110344015634844167543	0.000377698604583388	1
106594741903694904203	0.00037705589797684165	1
104705221992769343704	0.00037661210135472937	1
111904293388989897800	0.00037638847053177605	1
113390965252711459929	0.0003761100929230333	1
103894564127460853405	0.0003757402884332302	1
106641576811513429422	0.0003755598665806905	1
104785745976388509718	0.0003752811738766431	1
102466574310924737700	0.00037409675270310425	1
107995619131918290344	0.0003739073830590914	1
104274435572172788174	0.00037289354428115715	1
110192912711569207284	0.00037283379973660836	2
107318560116827837391	0.00037262127751163846	1
106356759097003589235	0.0003725946364810138	2
101163341054929669293	0.0003723707458416848	1
115549686154160672777	0.00037203630828890164	1
108524497857686445360	0.00037141710233360575	1
103998343691669548929	0.00037075413522752877	1
112747446779139488257	0.00037072308246371115	1
115444397586807741395	0.0003701354659869909	1
112923782783591735024	0.00037004513633903804	1
111021603543152144942	0.0003696230715907343	1
114721857336019906486	0.0003695810831204266	1
114956127731908159731	0.0003693993056700677	1
101479300778946617019	0.0003693211924665473	1
111952642093556825738	0.00036843338193316656	2
100791908226424744328	0.00036692023181779637	1
115189217690184894864	0.00036649072291373595	1
110149093910208964388	0.00036638932184121015	1
108134635607404104532	0.00036628586154240013	1
100963294451681702573	0.00036606068244675484	3
103197063675476736032	0.00036606068244675484	1
104147579146693408500	0.0003656973413214502	1
116533908718360487745	0.00036455934125894415	1
103507156313945781379	0.00036414284075223717	1
102245888971117032337	0.0003640790354532792	1
109010889495678536605	0.000364032444198663	1
102358811584144006348	0.0003637131640942898	1
102205351564655533957	0.0003636596316218754	1
111467732620114456012	0.000363562933353088	1
104504770053990537443	0.0003634724810789875	1
117801279671656900736	0.00036258334443160735	1
112339398829923748475	0.00036248297121494784	2
112690789212906427038	0.00036244670581588625	1
104434061381417659836	0.0003616246494075854	1
117731151863953390196	0.00036128815563187346	2
107584062358067275826	0.00036114191234600787	3
108966629546523589747	0.00036029123104733653	1
104757773721421063628	0.0003602745262913918	1
101505182822122506063	0.0003601746169829	1
113894473300127215452	0.0003598851592442223	1
113957548316681707085	0.00035974613984135625	1
118248968414699246281	0.00035965745753668637	1
102247170216524289057	0.00035940046713902273	1
115354832901118784461	0.0003592091205901908	1
117503370035998183206	0.0003589396590332129	1
109860757678246731344	0.00035842564993481826	1
110186878337161915931	0.00035838624822290114	2
113459685861268793423	0.00035827113769922904	1
106438273488476549200	0.00035827113769922904	1
102785478968851572984	0.00035827113769922904	1
101861561376201676163	0.00035827113769922904	1
109308524770948540943	0.00035811292460754206	1
103797639261563845346	0.0003576711296415807	2
110658216165047531539	0.00035722386517216513	1
100473244509062237147	0.0003566118238434803	1
117865945859719231324	0.00035516902724023596	1
110250614197455245208	0.0003548404959425621	1
108322543021146059132	0.0003547167374738898	1
104582350838362428477	0.0003540101323916995	1
112557754128497428807	0.0003536910144773035	1
114229914437092592268	0.00035367252136646473	1
111327506183687294290	0.00035356305017037105	1
104843899094905044019	0.00035253739126324326	2
106910143833194933835	0.0003519688786025218	1
112082369952650810011	0.0003519113729926794	1
112176635193131346874	0.00035153080743001534	1
102720066861426936837	0.00035111997068242246	1
114365061169325452330	0.0003507632594751837	1
111546015237763952744	0.00035068031684846887	1
112769795953721878986	0.0003498282915813245	1
103334611312899628087	0.00034917436429092994	1
118094233569925092205	0.0003480957806290514	1
115447057978004727477	0.00034789254096990134	1
114546438999296253947	0.0003477501070421916	1
105215035242275636790	0.00034744337150576757	1
102883487477558888028	0.00034646102060025685	1
112153539236015197255	0.00034623732975162244	1
109209076849316929782	0.0003461533970837643	1
116625003680865867015	0.00034608219943136053	1
107206538097288220274	0.0003458418675197642	1
107107204147787639472	0.0003452947573634029	1
100280993748400666665	0.0003447253115560455	1
100620732971603495982	0.0003440914252880768	1
101812976245192927574	0.000343775337725602	1
107843138055382338341	0.0003437613978997497	1
105238375095065362068	0.00034353077190199944	1
115798648165298845606	0.0003434518420636012	1
100942164056134446104	0.0003427265218408206	1
113005942174468296298	0.0003427265218408206	1
112740449839569050744	0.00034129567158869495	1
100730322098403304221	0.000341248360585422	1
117473522560448408747	0.0003407478830408377	2
116296999841773505349	0.00034041542439406573	2
108609403584472597266	0.0003403486596866889	1
105486396665818994238	0.00033999279462117166	1
108523616474888085988	0.000339945539894554	1
106000990854603957798	0.000339945539894554	1
114821316248063145186	0.00033937993164209426	1
100789550912276592952	0.0003387063347018011	2
107378108324888703641	0.00033847111663502035	1
100712897463075952326	0.0003378906213508375	1
100575864266024938936	0.00033785958878170203	2
108629799648187143945	0.0003368984924217761	1
101876422656497953468	0.00033688961224425935	1
117804421782554134376	0.00033506838145514275	1
105283966202809632415	0.00033501206919259077	1
105927249124251610554	0.00033485877957399954	1
107963240817176476443	0.00033435851004909116	1
103783133564029752998	0.0003337010047641032	1
105995209551902511185	0.00033302293926794026	1
115935141513442668442	0.00033297568454132266	1
111802754925114763101	0.00033293236855799085	1
105412310357466966462	0.0003328736940157874	2
118048299155630451248	0.00033284941174489574	1
105359417364553945236	0.0003326696311654731	1
112600662033003673344	0.0003319024577557572	1
108909410092090333142	0.0003315031036714919	1
110534772386621878014	0.00033108041812737087	1
115128638716184485740	0.00033020197221998385	1
101240195219702258672	0.0003298490569715912	1
111207119461058636641	0.00032968029873981744	1
105366931322030665383	0.00032958417526898607	2
111530259800162540229	0.0003295166370988931	1
118058781781901150394	0.00032944826236238364	1
116164717430356367649	0.0003293407218020531	1
117420902843114332382	0.00032932609767961544	2
114007453160694958987	0.00032866551986456135	1
116633403880378927341	0.00032853312604245636	1
110318536620774935735	0.00032815047235973323	1
103758229628480280827	0.00032761250404247445	1
110981606601695697173	0.00032731173644787967	1
111961464973554286254	0.0003272999036643014	1
105162415753732103955	0.0003267927489364106	1
112070836331526481588	0.0003259442971230317	2
115693868628307363664	0.00032570387222994614	1
109171839766516854227	0.00032553924994403906	1
115023008208626768459	0.0003254037867644303	1
104312209588581499572	0.00032535289964178126	1
100781044931339799732	0.0003252595604381566	1
103646849727268048875	0.0003250732977647601	2
102999681352424159104	0.0003242744573246366	1
101806232442709918526	0.0003242744573246366	1
106051298324143935457	0.0003242744573246366	1
103680155318130716071	0.00032424329760297156	1
101344082733752863106	0.000323939796866803	2
117725990383363850813	0.00032302599891692195	2
113830882183891636773	0.0003225424712269226	1
116217476749222049928	0.0003221056856473216	1
115297726864841716363	0.0003217976682894002	1
101431269501913774935	0.00032114316597059265	1
116258650604912007683	0.0003208712345042174	1
103546981939364425829	0.00032078957244357657	1
102048647312760768333	0.00032070221945585607	1
103966286576633329615	0.0003195560458057006	1
101477969101730691304	0.0003189918370284617	1
108827924070698120188	0.0003185111537592848	1
104126812781499672289	0.0003185111537592848	1
103237245020768290155	0.0003185111537592848	1
117350544879346914182	0.0003181324759728951	2
104608835265566242667	0.0003178559926787938	2
113311572945995083557	0.0003173818243194912	1
101849510083241705372	0.0003173818243194912	1
110167958764078863962	0.0003173818243194912	1
102084868861345752741	0.0003173818243194912	1
110920766054098332134	0.0003173818243194912	1
116916067691948954094	0.0003173818243194912	2
107651854905175100032	0.0003162573400160479	1
114369638062967205491	0.0003157579904013104	2
115801986383089722924	0.00031554549952262035	2
116929257654323562412	0.00031328525127868954	2
115320430908458127519	0.0003128270324696869	2
115171909284870068699	0.0003116095789447466	1
114096147267346228174	0.0003093125102507512	2
111581970208756049987	0.0003084356531785531	1
106363387832888695080	0.0003082931268087665	2
115986231570313123707	0.0003082746441186584	1
100778660287081084062	0.0003071290993983299	1
103127201376531395186	0.0003068362167767551	1
118303245777999095791	0.0003068116427774795	2
102366655585860589479	0.00030616824428670935	1
106273291651216195340	0.0003058621221158309	1
112048051829469157251	0.0003058438122488683	2
103370308241935002349	0.0003054257823499869	1
103384136848628795515	0.00030505797711389415	1
104918394760661258938	0.00030415250231842505	1
102563214233116807996	0.0003038679334683085	2
100362719753000939534	0.0003035572817355039	1
107160080854947463827	0.00030301108985523426	1
108477207247254245192	0.0003029858735642973	1
100738104820868071597	0.0003024020465054571	2
107517758363923142017	0.00030157033205165465	2
114322636795851396640	0.00030088818529748116	1
102487434424483480687	0.00030077267940186266	1
111664869364341251340	0.00030077267940186266	1
105857147097895520566	0.00030077267940186266	2
117229018594189940785	0.00030043277754940914	1
102520561267052330216	0.0002987583770909898	1
113771179144299432086	0.0002986424668857953	2
101584719861013948170	0.0002985585034164179	2
105383037354229128509	0.0002981107859955047	2
103054616523979211707	0.000297981582642166	1
111877761685156609704	0.0002973561410451531	2
113346041708415187662	0.0002951370598067654	1
110573295367613665005	0.0002951370598067654	1
105398921091904998940	0.0002951370598067654	3
