#node_label	#score	#gender
116214152295449083654	0.005847905819654722	1
109342148209917802565	0.0044369961438873425	1
100974258168375166691	0.004332066450053293	2
104342332919011169588	0.003988009306671231	1
107982618909749811163	0.0038220030041128937	2
116805285176805120365	0.0037477864127288584	1
105421360534824524100	0.00354472128818972	1
100786474988648206258	0.0034235292455417083	1
113882113745075873153	0.0034044293216125084	1
104672614700283598130	0.003348712576362744	2
113455290791279442483	0.0033204100235546697	1
110933278795835298751	0.0032712291589937228	1
114618043230336563405	0.003261740020093197	2
115121555137256496805	0.003172698985566164	1
113785487409272749451	0.0030296981850316015	1
101338044461334104072	0.0030284661752899835	1
106717946845088683921	0.0029191212437439064	1
110701307803962595019	0.0029175464409742307	1
109596373340495798827	0.0028739349689914677	1
102377882249382281108	0.002845609936004039	1
101465854435804471513	0.002829620781542135	1
108187577207608337534	0.0027041954526727347	1
108152252385291870699	0.0025951135496508335	2
118153620117483606520	0.002589160396367815	1
113524274477709961865	0.0025869691737498714	2
107771181372242547518	0.002580043890436299	1
101287835307087762724	0.00255635851381841	1
108952536790629690817	0.002551310140968775	1
105216491640488683417	0.002545821606619687	2
110899709105002539146	0.0024825636011126073	1
100188557028585168265	0.002476283344844815	2
111048918866742956374	0.002471750536237681	1
102533732658641069172	0.002439978469752818	2
115832511083802586044	0.002432684614936731	1
106393478695568433143	0.0023743203983325107	1
111164095920889813531	0.0023513935082631484	1
116646994957748914305	0.0023190511822450645	2
114989358912013434555	0.002268159190855561	1
117790924192019549248	0.002238058412404226	2
103791037442392463390	0.0022139428921928075	1
117191648454201725530	0.002208915563179586	1
102105018058519284080	0.002175320850141572	1
113899310637703974412	0.0021642341844143502	1
112353210404102902472	0.0021609530003264587	1
103712594076999967123	0.002135324412858711	1
107379489464447013340	0.0021066314619329414	2
109602109099036550366	0.002102931984877202	1
107707592416977920764	0.002091397663476164	1
100634143534259564893	0.002079558095224977	1
116640923223897011110	0.0020760445381720234	2
102917274719634969815	0.0020726579620054184	1
115455024457484679647	0.002052797437255921	2
115564782916890552732	0.0020201832202975034	3
104833564316573420990	0.0019609293122998615	1
108541235642523883716	0.0019470631664324051	1
116354326277822099288	0.0019292547975297027	1
107066609145001672622	0.001922887896453329	2
103958441795544241153	0.0019225835191603161	1
112606245625434996241	0.0019106617837223207	1
112619607812322373700	0.0019101188360972341	1
105489064367742025310	0.0018934432522616394	2
107291158434082397409	0.0018844351122933132	1
101996713571292202616	0.0018842685059274557	1
114122960748905067938	0.0018818005068143152	1
116653006196738616962	0.0018466017091070864	1
108543083581582161607	0.0018406155943663275	1
101988176907964463574	0.001837886585972733	1
117596712775912423303	0.0018318095617514852	1
100212687970266715319	0.0018283625393255862	1
117603418437094018321	0.0018253825078712001	1
114407290472947588380	0.0018173553832089749	1
101252271355699391585	0.0018148507545558076	1
108381946171530737687	0.001813277810064716	1
102784256721052975175	0.0017962643221833678	3
103038287804535196503	0.0017915738409172415	2
111666959095947698908	0.0017765651439910878	1
112102764670724799986	0.0017611977175734446	1
114038417810070550462	0.0017596373843670448	3
114424163811716070551	0.0017532162211564206	1
105106933285642983536	0.0017413466984722546	2
115759821747220395406	0.0017328478303347676	1
107508521599986467304	0.0017321223488708725	1
108588076582379537686	0.0017151476706363739	2
104857406109954440836	0.001712787281963862	1
113391394505904411092	0.0017108021432118902	1
111948878041168186917	0.001708634619026815	2
118301801570268856235	0.001672213561287916	1
115655034901162574758	0.00165653078019433	2
115610610698130567149	0.0016557255646187838	1
101087661630872953963	0.0016450110727046327	1
111421560595122767483	0.0016394264583276873	1
114092052797730247075	0.001626895333994897	1
114924205158387502434	0.0016268405236247725	1
101903302385928765115	0.0016162940849952542	1
111766875191585976345	0.0016095681875566877	1
102216120753865908784	0.0016040050610326548	3
117412175333096244275	0.0016035766760693717	1
103842724268637996133	0.0015964979806973314	1
102218502614021519543	0.0015950446070674693	1
117285792439228987098	0.0015878935711930906	1
115109992097717930094	0.0015870203491357496	2
102341992037398887685	0.0015847735877450224	1
111438939693866356563	0.0015774132287206808	2
100651621769656849775	0.001571579430061658	2
117968638813711182943	0.0015649243356746095	2
111058843129764709244	0.0015611202995276078	1
104577357381178665210	0.001557840808043306	2
107296660002634487593	0.00154877795175793	1
101890919344829308838	0.0015425702620143198	1
100521486713004391374	0.001536374351489291	1
113413259377846414756	0.0015353909359894433	1
107742059751171695340	0.0015252424333641514	2
115780925498881394226	0.0015192525447084537	1
107882182212772175014	0.0015097467939754418	1
102010353130079040444	0.0015033685693210388	1
113096993341203159664	0.0015008259979740054	2
113367609333589754250	0.0014975750324816182	1
107682737271137866530	0.001492598494024657	2
112011605270017123101	0.0014899753136016188	2
114228869493885222559	0.0014852823982666515	2
108855200241623204226	0.0014815173340380849	2
105275638908165446414	0.0014803793157832546	1
114718380011770565988	0.0014794949910471517	1
103222059923542490202	0.0014754981707180946	1
114927768184056549683	0.0014739815363231088	2
102813831043289740662	0.0014624594427740394	1
103159555629815965457	0.0014617080001265276	1
116230670162704925147	0.0014605235730556017	1
104004159535366455141	0.0014573458119317606	1
108246157440293603595	0.0014544674871758646	1
106215718640234782825	0.0014514405528774402	2
107677895455342575962	0.0014269061375062721	1
111507749653162846507	0.0014214179528083159	2
104073592757502377917	0.0014079974514422916	1
117697399358826098478	0.0014078232874017117	2
116655261233473161214	0.001405393488202687	1
115327711033579345613	0.0013953187657643506	1
109190416967634949315	0.0013749498314595719	1
102660989953964708409	0.0013730468921136702	1
110090436517825414026	0.0013650086158444297	1
103272086464849313300	0.0013591569412540348	1
105806145150627795477	0.001356010730003243	1
111215626086255858123	0.0013529993169510122	1
102604554618567108175	0.0013498824599547077	1
102314486331710415915	0.0013486839669033753	2
106123026171763346651	0.0013464852055110163	2
113030150464930628758	0.0013420345656295692	1
101432770709896418691	0.001338311938440138	2
110758194832789039653	0.0013304494109161163	3
100521671383026672718	0.0013253632921639625	2
114853458007065354930	0.00132038768907002	1
100152754393360938972	0.001315019518389974	1
102001774674190160714	0.0013074652786177982	1
108361769884418874336	0.001307259759193621	1
116697067427905381650	0.0013048352777145708	1
102538905206519918173	0.0013024188998104432	1
108519759685616227897	0.0012998837016772007	1
109345865429707844168	0.0012989612159145115	1
115126222761735927257	0.0012984824339049728	1
116166660014087779586	0.0012936695622364346	2
108440958693295511265	0.0012852445260676188	2
102618047349606277909	0.0012816842267674871	1
115045465856038711729	0.0012787598807337622	1
115361482895735340450	0.001278178294995907	1
103359523952381432959	0.0012748169508488907	1
107675007177217809408	0.0012631149815304594	1
104119608064940163872	0.0012607120194057984	1
110662214952613664562	0.001252573936992536	1
109734221326849566494	0.0012478939178854548	1
117149101099765677901	0.0012425187380610606	1
102173349122411290580	0.001239468924738414	2
116975016782920723480	0.0012394386591295802	2
109099193717756236849	0.0012334706433625542	2
100679131071077043250	0.0012327926252629698	1
116665406215435288977	0.0012147559839522375	2
115969268962696967613	0.0012092537950005033	1
115085828077786850700	0.0012075611942203453	1
111146953986154224164	0.0011994958494188014	1
112512115434413182964	0.0011908757361665519	1
115957092291818573863	0.0011839150785534546	1
101918735546727045779	0.001181716610031768	1
107795754164557092472	0.0011793027850730033	3
112855886072993423409	0.0011765037199455248	2
112239399119140369569	0.0011712447071116979	1
118169619896432248910	0.0011674946205105954	3
104358117048008820228	0.0011586222144803673	2
114993217248667259534	0.001156845670855919	1
109938202835872364257	0.0011566694979795223	1
104328553869453938019	0.0011565680963771348	2
101347844182145690369	0.00115217832035407	1
116713643251733216891	0.0011414743148645543	1
117958363368979774542	0.0011398129962638156	2
102668364885894493476	0.001138179785272397	1
108411166958581169071	0.0011336864882101323	1
107728698888290164055	0.0011320997009003583	1
110266579951623807413	0.0011311565300475505	1
100415345527134852246	0.0011246200429035381	1
114310785470589297363	0.0011244793536928973	1
109742317120338281749	0.0011142918621407426	1
102370347732140106252	0.0011135651748444982	1
101485755033831804725	0.0011134083258326685	1
108014509161911463231	0.0011097350812947254	1
112301524665122217484	0.001108967104325593	1
100441636853062947278	0.0011067065518370093	1
107285941492398194363	0.0011008551469105926	1
100980249131752784318	0.0010950760393554308	1
111162211978765064881	0.0010918166662997725	1
107503942976029957889	0.001083779873626788	1
103246883219045288169	0.00108288126623087	3
116665417191671711571	0.0010817144658644123	1
106471529425184452230	0.0010809800709425635	1
106147886942787948585	0.0010772895091711813	1
118174047967293905944	0.0010746153879136943	1
108367169365977316485	0.001070744120576051	1
112931539494181042672	0.001068853990878337	2
116638958379604473194	0.0010657704725067592	1
116523738590549290523	0.0010616985571501648	1
114928838526474627986	0.001056355895914483	1
115037154077533697543	0.001050891379571808	1
113553990186994535872	0.0010508481454573415	1
116113014152499702246	0.001034301137489903	1
103150328351925153314	0.0010296271898756681	2
118117334978421992071	0.0010295905021416596	2
116315897040732668413	0.0010257291787201792	1
104109276791574356880	0.0010245227525234797	1
102545931374877663876	0.0010226988012366433	2
105390485883966445268	0.0010212633398668201	1
111742562190411471360	0.001020096905954522	1
100978271419186491396	0.001014097930657968	1
108205494538593608490	0.0010098213606806927	3
116249696419282354768	0.001008426562404542	1
100264010813126229552	0.0010080982123076795	1
117997454598890656184	0.0010064294946990442	1
115630981073246713951	0.0010053050918233152	1
116775861213316603720	0.0010027634228094533	3
104027218792812194992	0.0009979345428072735	1
118237490980518891915	0.0009949862817420334	1
107342445128902420647	0.0009916477176589427	1
110255737428907780217	0.000985538761770106	1
105611889600461566935	0.0009824921827345963	2
105400736676917752271	0.0009754692126340272	1
113189215959398939528	0.000973075314581864	2
100636264482556397704	0.0009703740841607609	1
113887194610920348131	0.0009701264617885288	2
112092488761167023855	0.0009692858758952398	2
105270350786155726525	0.0009627860937212798	2
112558830650398635855	0.0009556078151429598	1
115829854934725647908	0.0009552351754978356	1
109518110142768834500	0.0009526867459245588	1
115251549002389410980	0.0009474531621312614	1
107126665887970596868	0.0009378287214531764	2
108007903544513887227	0.0009347578129040091	1
112366735963271550830	0.000934583914914966	2
116979537911597592349	0.0009315278749161534	1
108064662472810927125	0.0009294404350800577	2
109886504130820190430	0.0009269198637852189	1
111427031083594076148	0.0009233276603870632	1
113547977706786126949	0.0009189917358542255	1
116199991307865176347	0.0009183649274477563	3
101357840317619011246	0.000916683839057303	3
105189467370080635363	0.0009138104291066702	1
103857459148999991693	0.0009134623820034397	1
116186189237238523381	0.0009121371588409999	1
110077141419510454119	0.0009115662247842925	1
117847265991358523564	0.0009089285008990488	1
101178444450047562597	0.0009044875810423328	3
107969203682472439133	0.0009023739979193899	1
104280330207014428264	0.0008996597904293977	1
111651489894039101268	0.0008948713391767851	1
105725514403789628547	0.0008918327838760937	1
110102974322821393391	0.0008903786845353569	2
110765037159669773691	0.0008848251022855242	1
106408524982991953673	0.0008791645362791487	1
112333944070832643201	0.0008785386479853747	1
109998599748459946319	0.0008768043839605671	1
101980248985173800831	0.0008761915119102861	1
104441415299714065572	0.0008761362591885617	1
103697774730216910679	0.0008666128025935068	2
115174505928179409417	0.0008652659550371664	1
109667384864782087641	0.00086490380124886	1
104487487665734079924	0.0008646684882088568	1
115493909535611008593	0.0008634449088201037	1
115360504592641443999	0.0008633434909919243	1
117668392750579292609	0.0008610875360731328	1
100235333671543015371	0.0008601605446700572	1
105570046493985805741	0.0008599228078947601	3
104045385596388934221	0.0008577415476908923	1
118141566739575068041	0.0008570539720966425	1
102302151627868466991	0.0008560859496354579	1
118429379385137260948	0.0008556606928913009	1
117198237302447279931	0.0008528799856039262	1
107932282174453409254	0.0008521188056143928	1
117423428306382994757	0.0008515630222312093	1
117961703146201862098	0.0008405954600316501	1
105362730138809047462	0.0008402628303483993	1
101028761244286045194	0.0008399030375976343	1
111228800246566895111	0.0008290923661877813	1
108376085312377399512	0.0008260046793351156	1
105532240323325694141	0.0008247813783549599	1
100822674460181863531	0.000823835919462344	1
109043804130056015419	0.0008225687972215042	1
107761973757947916613	0.0008208732303791845	1
113814761131013903983	0.0008199686813949546	1
116791480936620866975	0.0008181965305413632	1
104055526251235310168	0.0008137387963040887	2
116071275946594200077	0.0008116826217956573	2
113640366362186154437	0.0008089428213452937	1
117484352468587338564	0.0008084013536508448	1
106677933862286361195	0.0008075053858905762	1
113619286206637523955	0.0008061255575603866	1
115482512449576423446	0.0008042848649326734	1
110888233400853224635	0.0008030477214210969	1
100382758901355515850	0.0008023655545662335	1
108416436354072307825	0.00080186853952974	1
102811154058342710526	0.000801540972033111	1
117663015413546257905	0.000799832980925046	1
100254540977147179100	0.00079631143857999	1
105210542937530862663	0.0007956390557338834	1
107938424762613608051	0.0007930810274533584	1
108535257401961732732	0.0007911636820513583	1
100583643768601491449	0.0007908493756543869	1
115473744607929446722	0.0007908072419751829	1
116217543656262200291	0.0007905853062705027	1
100127051850112740555	0.0007852872062733701	1
112346228140774744518	0.0007810792737855717	2
111409617808305551136	0.0007809077044231011	1
112031903148635467531	0.0007799587988753402	1
104645014316393878962	0.0007794298175877814	1
104765077374858078640	0.0007773244736478597	1
103459242825304486817	0.000777299399697821	1
109220869057914441352	0.0007760550319628953	1
109909927818559448183	0.0007757628593731396	1
113824933661370885764	0.0007710176752834628	1
110351006045593232796	0.0007688700707083934	1
100013398040943792328	0.0007675783812575979	1
106223510202759145604	0.0007669532249191418	2
105985315670642953070	0.0007666925827838939	1
107665939201638457855	0.0007657149323546184	1
107155666869509300116	0.0007645898800376456	2
117461194055148258465	0.0007640288806818024	1
107492210045200874805	0.00076010512766727	1
115713657106864475930	0.0007588391959892321	2
116690254018721718695	0.0007564054350907865	1
107660875906928406568	0.0007559475115706559	2
100201301601263371349	0.0007555986345833888	1
109305233329647420960	0.0007538559072474064	1
107531802950961520923	0.0007530063024742582	1
115785601687445616629	0.0007525950291043259	1
104864271686093564504	0.0007495540675240816	1
104856209159750047199	0.0007476473162611194	1
114581482843827283581	0.0007472788834613794	1
118321805108297242652	0.0007453354955605538	1
100999873184081513278	0.0007451711169139028	1
117580925821727692155	0.0007440805761296077	2
115029186078239273995	0.0007438284143235524	2
105171127503275688570	0.0007424215430373928	2
113234362691196511996	0.0007424193441389892	1
107266360833541073085	0.0007415903586493534	1
101583086855612674114	0.0007401520684456233	1
109351566851431429800	0.0007394941349927974	2
112659399561175810227	0.000739364796198391	1
110807482166400328009	0.0007385998286090242	1
110523976020310823394	0.0007379173965945717	1
102221445169419687784	0.0007328033137146155	2
114434477865772491516	0.0007324282634449033	1
106618920313023122735	0.0007321563989702909	1
111993317164904084662	0.0007318206145465027	1
105228937789154416960	0.000731520661881936	1
100302545000114361337	0.0007314008501983613	1
104362714663952593421	0.0007305528450716978	1
115539565742556267111	0.0007283596541830127	1
113134732777458915240	0.0007274746371780554	1
113851156770815563493	0.0007255724208913109	2
116581478643467215892	0.0007241581480747286	2
112649031229724852246	0.0007233313340991162	1
111297842265944061121	0.0007230482957269768	2
110260890556821654420	0.0007228960541882589	2
106990629754929211946	0.0007192403063754697	1
117191795300697051948	0.0007177684025812337	1
101161895797466267779	0.0007142546082836373	1
113739554377189246907	0.0007136010290875566	1
113616379875900294555	0.0007117068523020736	1
117570997424193022129	0.0007100758869758778	1
107878513207797715624	0.000709051977805112	2
100374967481882974010	0.0007074684123654141	1
107242706723168914421	0.0007072617287051634	1
114752870863000007466	0.0007061414831861377	1
105113697106120341012	0.0007041907398117737	1
109805387238713046860	0.0007038971551256146	2
110640210813191719249	0.0007011246981078684	1
117347298389053452046	0.0007009476192516358	1
105022859353320454997	0.0006942461657646877	1
115596395815211678440	0.0006940973917776093	1
108256953812993004168	0.0006903074439506263	1
114416712179897474386	0.0006896689271523907	1
100622502206917250723	0.0006872685205468983	1
115277057789088603107	0.0006870949328978253	1
115981891654314432186	0.0006868875733815284	1
102778030018789539280	0.0006863827505372136	1
115569196122019221551	0.0006859468489521041	1
106428481154949064306	0.000685820779723228	1
108544008482166257714	0.0006857757434936228	2
115052192048851909414	0.0006840780926618224	1
113204619907190737614	0.0006796673091801232	1
104994838109992159534	0.0006794307268534793	1
116238754246766861197	0.0006782567571096574	1
101148994512867725557	0.000677781729484722	1
111067835557989474082	0.0006761140302909709	1
117154594439362014480	0.0006755821294221029	1
101927752951125284877	0.0006749345625211599	2
111899272101870509760	0.0006741986001892063	1
102880704819923280576	0.0006735225276999237	1
114744510189908480227	0.0006734032754337452	1
115739112096228507174	0.0006729820881185421	1
114448778456864384063	0.0006696660576730135	2
116264690689625875167	0.0006683447550978681	1
109991327970036907247	0.0006680730785153018	1
110793846994571360940	0.0006666559075295909	1
102094083859699445842	0.0006661094062967748	1
118089545241069128950	0.0006646493251993195	1
105933370793992913359	0.0006646343754685264	1
102788545466749675750	0.0006639260549166755	1
117533149009594069336	0.000660884165189135	2
107360993311566660432	0.0006607186438203074	1
113974531233755744330	0.0006602634578947896	1
100920434329630513012	0.0006597750360997172	1
112172345891153656421	0.0006574188200726494	1
115143221847216992108	0.0006548519977496404	1
103673601952617127321	0.0006519894235682717	3
110996700795632163715	0.0006517400225209188	2
116140667830053789784	0.0006515739281973054	1
111246222621577046613	0.0006504468901574083	2
102199478709507160958	0.0006495543624642003	1
114442190016430492189	0.0006477950233539746	1
106186407539128840569	0.0006474798892274793	1
101817732309915049788	0.0006467458628101181	1
115805019254844191689	0.000643752567931781	1
117888860379667170672	0.0006404439384403535	1
111519370533500517356	0.0006394437123839489	1
117433457428214008247	0.0006375589873834293	2
114436448042516160610	0.0006344472034523045	1
116941330319027747519	0.0006342014266828971	2
101179789645615020006	0.0006326442559459824	1
114037378284666972036	0.0006311936332701088	1
102194051907705792288	0.0006311875183795341	1
111741735957509349724	0.0006301622034802705	1
104107302831472573592	0.0006295362754269456	1
117635994103248658464	0.000628305879328418	1
110097167949323324728	0.0006278281910024607	2
108564774959534277266	0.0006262008022311718	2
117753963652056964179	0.0006250152061956736	1
110485247188890318034	0.0006243213638363137	1
116092804461502859309	0.0006241375646472339	1
115389971856894286101	0.0006241018994156426	1
107587687879128613513	0.0006220748172660699	2
104648679066882186186	0.0006214937580275766	3
103490014051577974992	0.0006211950315771164	1
107040353898400532534	0.000621155620015305	1
115125560263829197471	0.0006206286097355738	1
117211684265062177782	0.0006200618587422873	2
118415028458509382182	0.0006199777200974289	1
103948723845752555481	0.0006191890084943059	1
104886023756959655164	0.000617392532298387	1
110662267657699806914	0.0006163087930939298	1
105074383113814583840	0.0006158486847332731	1
109157746459549869495	0.00061479469164525	2
116931448464482193148	0.0006143297677455488	1
108015257634911079794	0.0006136254218810427	1
106660584659892866650	0.0006125367034273023	2
111366164936189851916	0.0006119365660553577	1
107728981484346651383	0.0006117487053937026	2
114459654738061491522	0.0006094755880485343	2
110500855676490471130	0.0006092419474130336	1
110773497680585030813	0.0006086155724444578	1
110980858757137478851	0.000608398774196247	1
102699891454549217247	0.0006071054192547518	1
107505007518380028872	0.0006067967594112106	1
103355828447574595701	0.0006064981918896051	1
115460594433844109370	0.0006061014160450208	2
103206605407547059039	0.0006049702337080584	1
101049947965788778727	0.0006043469374187242	1
115923918179371973262	0.0006028094259543269	1
103008963082975341976	0.0006027869863920459	1
102666479786555819559	0.0006027322762907391	1
110605494538998769090	0.0006018948955553412	1
104461270372989098596	0.0006014565178595942	2
105728724002183346652	0.0006011913058933031	2
113971262429675416836	0.0005997194858025402	2
116599331662269985445	0.0005993388239262099	1
106777383482946175314	0.0005984495788826606	1
117622113688699518147	0.0005959991741904523	1
112477381832788364129	0.000594323735497288	1
113356364521839061717	0.0005941277304127189	1
118309335059215853130	0.0005935306544178405	1
111418328223012307210	0.000593168669888809	1
100222118576022071221	0.0005926424161205763	1
104344017060836574568	0.0005925251520687385	1
107855400061191706587	0.0005923911699768792	2
113962282053842882070	0.0005921731844073472	1
105101974938696025483	0.0005908568243175854	1
116052312205661322001	0.000590078248662332	2
111899586937721296786	0.0005897113794838236	1
113859970559545588569	0.0005874854245587819	1
102279730966351396904	0.0005870388354846165	1
105080657488926892600	0.0005857851059526839	1
114246229347349388834	0.0005855484965557101	2
105905539377582135477	0.0005854267101365294	1
115314883913773500000	0.0005852683714878238	1
115741377891108073675	0.0005851731969220195	1
102812616443955722161	0.0005832802727596126	1
100034081581427776311	0.0005827312652406085	1
109925450421274121160	0.0005823531638336963	1
106134143661739231412	0.0005807035018945058	1
104408971224491390678	0.0005805139767898471	1
108259747680008662411	0.0005793322516034166	1
113718343049546470841	0.0005782049068338961	2
102033926695346762483	0.0005778896152314318	1
113581031532186206041	0.0005774799247646422	1
114681628007518013862	0.0005774730972094339	1
115730807221904022645	0.0005745120548556208	2
117298410055998935548	0.0005742032045832717	2
114420560945258744261	0.000574047944549568	1
107927265746146461039	0.0005736833994285783	3
105039940492574351973	0.0005728924450975479	1
106741247342869779476	0.0005712943367596165	1
107217429537442593474	0.0005710857089980168	1
102867608171969317061	0.0005709693097074417	1
104383394630991718492	0.0005700379408505735	1
113368350050440545798	0.0005693804713605972	1
106538899819981974257	0.0005691984335276052	2
114603433594339332733	0.0005682184200046232	1
115926872257398421558	0.0005675476074092755	1
116319627715742877481	0.0005665169467897541	1
106407937501626051299	0.0005659381376282542	2
110229942269904135432	0.0005643706282185447	1
108730413722442439004	0.0005643179776270803	1
114748865875982745948	0.0005632463701697871	1
112654241124569984889	0.0005627690044566606	2
114043638225438662692	0.0005622920253168524	1
113155803557968243580	0.000562252427266377	1
110678621384626297081	0.0005611572368842369	1
110380328336765009742	0.0005611439736501647	1
104967117723655367701	0.0005609846505266923	1
115568671238456643311	0.0005607329268348228	1
109874174385539915810	0.0005606843426573362	1
114499032537341401608	0.0005606530283632922	1
104329105945099326407	0.00055983537891984	1
109439043264827989246	0.0005578884334047785	1
102769820396448751578	0.0005578528543909213	1
101900299178799457829	0.0005576080089234009	1
112617167375743378920	0.0005570816990306967	1
116267384604818495277	0.000556189659459235	1
101412392825967585473	0.0005559281786165912	1
107665185205744357709	0.0005550875560247916	2
114300712185217966793	0.0005543524985848263	3
106696669059059026665	0.0005541923546177644	1
104370793020795937521	0.0005528824212856168	1
108201808427293854810	0.0005521353609861931	1
117032113600154455464	0.0005519445525831756	1
114628807398367672972	0.0005506147536569926	1
105662435854962708902	0.0005506107142872285	2
112066735171359813329	0.0005503244419266804	1
105833178155049686572	0.0005502281586992996	1
115411258006762716767	0.0005501392063921291	2
102748160753634096755	0.0005500727243941042	1
109149744410665088420	0.0005500260052928517	1
111972311379491101006	0.0005499309934389491	1
114433175893636519764	0.0005490426114981306	1
105213991914461740211	0.0005490024351174338	2
100060924616628474778	0.0005485223902790318	1
116773926891074537094	0.0005468177217973966	1
106637456504654964261	0.0005467608408838972	1
104651642736561709298	0.0005467291686060337	1
104750041678566059477	0.0005465181071665074	1
111817088441696761347	0.0005459298131589452	1
117174193243418253301	0.0005448999350118985	2
116764082219010092642	0.0005442786430487033	2
101719328049755411736	0.0005434637804138959	1
116407216369529269929	0.000543429971283641	1
101131051147225066286	0.0005432635638852281	1
107505982233194733111	0.0005423498679444064	1
103800283639647199299	0.000542022972401254	3
100341205520161359173	0.0005413799121951155	1
109611870475725745476	0.0005413063243878927	1
106797124370878777699	0.0005412946523427767	1
114610716882275957667	0.0005412473420476377	1
106148224768857074690	0.0005412140710414303	1
114888170519467908870	0.0005405307008160254	1
114894421225845723637	0.0005404208726508719	1
101467830378124924213	0.0005398195771376712	1
106220600090297128338	0.0005390399699844473	1
102149142961377112039	0.0005389590809587667	1
117153464390780030650	0.000537740926811062	1
115858612877723984178	0.0005376797144756581	1
117331968241546061644	0.0005374277124048561	1
110116618456227138818	0.000537421195349152	1
102559472847227632254	0.0005371416339185291	1
115079348703259273523	0.000536817873054212	1
104839755327692362056	0.000536582732949619	1
116451180069460019713	0.0005364091890684567	1
102881052914977050318	0.0005363628280133515	1
103281495032168492125	0.0005359899012354284	1
105713223960534386075	0.0005347949596872805	1
114110682354036220476	0.0005336826983750562	2
108091327114614335688	0.0005334792353737368	2
109038711147248292913	0.0005334285914514264	1
112696040255531645442	0.0005333245241510855	1
109652597471903432595	0.0005321649080293994	1
117348320407023229988	0.0005311204457733025	1
108814740443144160153	0.0005304884754087098	1
111930704383522733011	0.000530362839828231	1
102109249304509988688	0.0005302338177482485	2
106502900605986291024	0.000529509766764863	1
105847644542845269566	0.0005292327535709728	1
101489513569033060531	0.0005292327535709728	1
104660347417549189534	0.0005290285559416982	1
113644106503391560802	0.0005282017278324966	1
110457379123667659219	0.0005279457041240204	1
113394325474345850645	0.0005279457041240204	1
117307137141568538723	0.0005279457041240204	1
104618780712707421389	0.0005279457041240204	1
112333531673086356445	0.0005279457041240204	1
110385399973090519138	0.0005276726792592919	1
114542752454519869265	0.0005275671460205854	2
114477631683184565590	0.0005271809951945981	1
106249356480589138528	0.0005269320744704728	1
101892402888184910332	0.0005269075754011935	1
109270989906083658087	0.0005266212997961574	1
100726096104661727011	0.0005266035089707046	3
113571469749900391835	0.0005262385591354122	1
102486945194370892350	0.0005261280645957092	1
116372132903710758091	0.0005255653802478775	1
105267160531072639404	0.0005254275608063112	1
111415429126255847869	0.0005253164595237522	1
109338506352915880511	0.0005252919604544729	1
101816897201819301816	0.0005252919604544729	1
107032629973417803043	0.0005252919604544729	1
108180316500281054085	0.0005252919604544729	1
114340027694294424780	0.0005252919604544729	1
105416475244874554281	0.0005240251981820489	1
117308354844474615587	0.0005237874467903113	1
106030116597984223568	0.0005237192867456166	1
111965238124790250008	0.0005234301524779362	1
105650740041901033048	0.0005233755240624252	1
100456632748341588029	0.0005227779330471654	1
100922335333661911226	0.0005223513435040363	1
111901425213768112631	0.0005222602156979518	1
103695338046813009900	0.0005222247354918835	1
101430592264255580126	0.0005215895823958958	1
112242663554702021781	0.000521356698563768	1
117456113289518689355	0.0005207902777452041	1
115982047784351676092	0.0005188335052688823	1
109127646442855066383	0.0005186810345055262	1
108914143571823356358	0.0005184026804015702	1
105539986834758470073	0.0005182604376558052	1
113632480025459313650	0.0005181171679362784	1
101932856754565021444	0.0005175862057181506	1
115847549063530782340	0.0005175482176604972	1
110422080214945443369	0.0005173429619795566	1
112424660786025465813	0.0005171396823353494	2
113014985491592672748	0.0005171234956775374	1
105699527508121484553	0.0005147979737923934	1
113043325852920330133	0.0005139024048731712	2
107867166553992776628	0.000513540435387741	1
100128408479887846383	0.000512523476403232	1
111063482896672361310	0.0005123095586916298	1
112042761169587640425	0.0005114248382988014	1
114080274520744617675	0.0005112791326910074	1
113511279752012786991	0.0005109808635214874	1
104881553641886797564	0.0005104149433020638	1
110120975055412232275	0.000510215557558136	1
109886901283528651599	0.0005098681330241857	2
100273919916226062360	0.0005097836316363708	1
113233389612985967769	0.0005086441073449575	1
106602468028995520726	0.0005079806171742956	1
107324780896985004532	0.0005079669232091116	2
106160836972670064867	0.0005075395690711656	1
114035377152238611412	0.0005073689783023164	1
116592860302637560237	0.0005068831904901673	1
106454147602673625382	0.0005068459943368175	1
111427269484642699888	0.0005065530312186317	1
111080934614023736200	0.0005057134986867385	1
106987477257819795476	0.0005054913772669054	1
115560244228171198314	0.0005049858940054029	1
102373364108737199198	0.0005046144907180237	1
111071268551800734278	0.0005039570376297056	2
107556483367244107618	0.0005039126718841729	1
117967601237571578773	0.0005038512972567093	1
111323897579126907221	0.0005038197432022679	2
100202437969531520213	0.0005035125604367511	1
103994645848469784736	0.0005033481353253374	1
116441713907360191529	0.0005033175995685344	1
114656640898398997321	0.0005011512459238035	1
116321062558724680412	0.0005005317271331273	1
107493004576979736762	0.0004996721945571812	1
113307280901253177004	0.0004982499240679261	1
105507369854704950468	0.0004982432307118786	1
113751831138079026475	0.0004979765042745215	1
110925700892828612630	0.0004979765042745215	1
100882748766575527949	0.0004979765042745215	1
109234097802997483626	0.000497969788706759	1
104891597569772632744	0.0004978378801572612	1
115471857729026053203	0.0004977218040653566	1
118339144532043870869	0.0004974838726007083	1
113707929913799480697	0.0004972907137547292	1
108282315407758854735	0.0004972117953450991	2
103982276111713522941	0.0004969628746209738	1
106628486735146488642	0.0004969383755516944	1
110926302442846943126	0.0004969383755516944	1
103963091773971563837	0.0004968094862548086	1
109854933960149094021	0.0004966343091212056	1
104218119898275995467	0.0004966098100519262	1
109950783724926387710	0.0004966098100519262	1
111771138774108603628	0.0004966098100519262	1
117180480830995674717	0.0004965400550565068	1
101074725491059204464	0.0004964845440698682	1
106225589495610761186	0.0004964719906103598	1
110815860148252551938	0.0004963519037251782	1
118382595302850562424	0.0004959247458981468	1
104271310293021298363	0.0004959247458981468	1
102443987244138087863	0.0004957427694581446	1
100131512114705745001	0.0004955961803983786	1
100128505142304166932	0.0004953472596742532	1
107429504853356308401	0.0004953227606049738	1
113198024970456346294	0.0004953227606049738	1
103944960759793039431	0.0004953227606049738	1
107119633868971421301	0.0004953227606049738	1
107153020119028659636	0.0004953227606049738	1
112311678024009719769	0.0004953227606049738	1
114574705773380764394	0.0004950003275460031	1
100201324298046097539	0.0004947480020753895	1
110405104422759913614	0.0004947480020753895	1
117023152189269912551	0.0004946508943811553	1
105611619287846241008	0.0004938427460100916	1
114315952169786123029	0.0004935252664322396	1
113417741923337769739	0.0004934711676973775	1
110840397725980462833	0.0004934609526284371	1
103897220774015362696	0.0004934419643191105	2
110250373188579164817	0.0004933748752659242	1
113041693148251706037	0.0004911400825528391	1
102337057577849659656	0.0004899246176407817	1
114153751957666679224	0.0004899024707803455	1
101905360432375075769	0.0004886054709184373	1
110749797245734628255	0.00048786517548027135	1
101486204454724257393	0.0004875144262305553	1
112540210466581067571	0.0004872062143985769	1
103154767864398131776	0.00048568125047738684	1
112229038245526202136	0.0004849704915726856	1
118264100149097421474	0.00048432478288651983	1
114142528070147926514	0.0004829039803719182	1
111280154241395663746	0.0004823704981712799	1
115708174332375617872	0.00048210766765232	2
116946114542400263523	0.0004814643238699561	1
112185778861152121759	0.00048139401671067094	1
108966629546523589747	0.00048102708282694856	1
114962394313485969991	0.00048063471369929803	1
110535419491586737904	0.00047999672926831425	1
103173354168732536146	0.000479881892152886	1
105731699847174230340	0.0004789187968334412	1
112416945907493718478	0.000478810293600904	1
116729063043238476394	0.0004778328972328249	1
107734850847395085659	0.0004769872443715662	1
106629032953218862076	0.00047693939926654583	1
100897823726154408005	0.00047657057106339834	1
102621822503935788417	0.0004754637419481282	1
107001865386452525493	0.0004751478246245184	2
108322543021146059132	0.00047478210519653907	1
104843043996476977347	0.00047444184988824857	1
101791425974855482711	0.0004733968118038049	1
117320186769634272355	0.0004731649297565954	1
112306395963035726911	0.0004728550202383617	1
108543151681912562199	0.0004724206665202352	1
107780173459297083925	0.000472115389520737	2
114085939943834183247	0.00047200955180847274	1
107659606256961933291	0.0004716707845992575	2
106022862453109273401	0.00047165287851904866	1
113847981119703395206	0.0004716378380543738	1
107646449530941379603	0.000471446331136777	1
106508608497897914664	0.0004707184735452311	1
114854541066929539078	0.0004705274003074554	1
115912014509582860095	0.0004701579218136521	1
109817611100376235885	0.00046989941881969916	1
110414002328246477699	0.00046983276899595486	1
115038223178148625406	0.0004696548946544895	1
108420494279166084795	0.0004691192108537632	2
103340037695702538182	0.00046896949239118703	1
118240055279947960144	0.00046887154755573886	1
101231528613060213149	0.00046884753892844684	2
114415525171286193415	0.0004688134454671519	1
116298207273891385223	0.0004687573750212309	1
115528920667041487793	0.0004679432489993094	2
116751098506900298523	0.0004677853501727693	1
109907447383307087458	0.00046775667069654783	1
115851624241515709426	0.0004674716547595127	1
107840978289262359823	0.0004670108427560323	1
100202609332472891769	0.0004654046990627438	1
104035123936872887517	0.0004653859289598767	1
109213976373756733110	0.00046458670950639733	1
111293703111615229109	0.0004640140776639764	1
115690810845062432413	0.00046391625512313527	1
117265236882380184775	0.0004636675657384464	1
113612299346961500171	0.00046351365405668656	1
108023284968633852843	0.00046305686371247653	1
105518467693654116370	0.00046288652927594254	1
105745543515055969267	0.0004628845529015153	1
103876954353524260486	0.00046220268102962033	1
112093848685120274298	0.0004614607412134227	1
114810151217987216853	0.00046128339014567135	2
116618014990257646045	0.00046045983370815544	1
107484261818025698576	0.00046027356408519536	1
109429069553227228792	0.00046025029152041387	1
110877871709290597487	0.0004591007468792305	2
112346973770603291950	0.00045887760602739483	1
108141110098021829094	0.0004588689970880898	1
103352505633175885924	0.00045799397292186836	1
103041149543955283681	0.00045769270900009474	1
110602986152108949421	0.00045741528885801473	1
110576272562952027973	0.0004573544575464846	1
116587706417674222489	0.0004567223080306881	1
106779512870994415471	0.00045495521526486984	1
114983252637433706962	0.0004546709171432186	1
116454674646702389167	0.0004546430889764611	1
103172489883046873551	0.00045439077011792846	2
112472063587247013272	0.0004534743860950994	1
116022862177174373461	0.00045287010151662905	1
114975395101514335516	0.00045256422986219587	1
101525505437106940075	0.00045246682197378494	1
108243727919973470519	0.0004522802042120046	1
118261655089849796295	0.0004522107408242756	1
104637146082595468733	0.0004520261185038606	1
109296185210191545499	0.000451940498522628	1
109765582399090635945	0.00045078640130959857	1
100275461827190613538	0.0004505907384219259	1
102336964471657376523	0.00045035065289131824	2
105314487090804777390	0.00045019296454318315	1
113122052219315460838	0.00044976576119468836	2
111838309151768931339	0.00044973354800005463	1
115265988466116767511	0.0004496931278721508	1
115132590766468005772	0.0004481670634909462	1
112531001372732316528	0.00044779858351876283	1
109213052653037315302	0.0004471803370119722	2
105773781211679853353	0.0004466413422443287	1
109984516011724369655	0.0004464594654119371	1
104410428565848158883	0.00044572151791845947	2
109348097815277817681	0.00044569555317491535	1
116256723253368590453	0.00044563246357907775	1
108546641577521750667	0.0004450371223384505	1
114607325397686929768	0.0004447397343720838	1
110864697406421557832	0.00044449708175174076	1
118069908322068438795	0.0004443070365569824	1
114412664782260609019	0.0004437427674981254	1
116150648915115517660	0.0004435286544447343	2
102498742375011074777	0.00044173756570939056	1
103000428814326899358	0.00044171880745972854	1
113658761915460713485	0.00044122745226405	1
112440238339188423924	0.00044092609393146294	1
105261505658161301209	0.000440902872877632	1
108612370441345260503	0.0004408629566513357	1
110488549098207563278	0.0004408017203216461	1
110399185565600323230	0.00044079194531723015	1
101179305091815209891	0.0004389654256776796	1
114337606913650576428	0.0004383328389682521	2
118175515740251550869	0.0004381640093769447	1
116591324985774809223	0.00043803302699492355	1
117919489124812743004	0.0004378511751491988	1
101329911725818815648	0.00043779489450580583	1
106466500118578904124	0.0004376662674531632	2
113377287720238707111	0.00043701592186727264	1
117227223410553236894	0.00043699207193053605	2
102754667971286358855	0.0004368628313639513	1
107267575074518402029	0.0004363547189369315	1
103020802233930940029	0.0004354722959790255	2
109990170444434475022	0.0004352484842069424	1
110549085924578635258	0.0004352168259003842	1
108822999141156741725	0.0004350674787250007	1
112547381334151121538	0.00043486715659164137	2
101841421780149979246	0.00043468807769813023	1
116580466718962022382	0.0004342288739509678	1
101047809996269228974	0.0004338302428258062	1
117033421772248657862	0.00043379978683064167	1
107978337278998783466	0.00043359827950483084	2
103142652240531048666	0.00043309149575657547	1
113272089205540715298	0.0004327504907777203	1
116344314121481618649	0.0004318426764745163	1
115993155958620671742	0.0004311459526156056	1
103913720865826427899	0.0004308056982275555	1
103288093714925527714	0.0004300907182165477	1
109023389884312980308	0.00042995337357572093	2
115633038132191385679	0.0004299265521380324	1
104166717181118994586	0.00042978394258039637	1
113350284030565935755	0.0004297592429308669	1
117949995032425385476	0.0004292224155976788	1
102255986016613110352	0.0004292015174800621	1
104710942500744812587	0.00042901639113497277	1
111191474352938436934	0.0004290106688354595	2
100029528211512931370	0.000428165356603678	1
105656267264865899971	0.00042788780928748024	1
113808875758581497084	0.000427861098504643	1
114719104604682870594	0.00042772274269819543	1
117222880710522814010	0.00042713239946220343	1
100714308975866520106	0.00042668495596568073	1
110402966082739534484	0.00042654876931154167	1
104620190434702153709	0.00042626142780397144	1
115078873843502210957	0.000426173807713415	1
114376843832826921514	0.0004260620130140529	1
111003269571421285363	0.00042603462745281133	1
101097684007749760584	0.0004257668469681175	1
112838502596906088209	0.00042576482007389076	1
104504770053990537443	0.0004253229162215212	1
118066697268210624090	0.0004235372166344741	1
104504981805192333775	0.0004234027696077663	1
111380590802067046747	0.0004229857792159956	1
112941576498848328757	0.00042297462154900135	1
110702495322695589877	0.00042254931397108246	1
111774564947668198280	0.0004221685962681823	1
104881851753267819275	0.0004219870897849315	1
113049814348257158907	0.0004219291227018765	1
100929609720714016785	0.00042164959831214523	1
103810957475669183104	0.00042084385167190266	1
103121992479748624596	0.0004202847719447442	1
112768678825253579365	0.00041988181515314994	1
110526373600182303490	0.00041943982020447386	1
118406947175698431098	0.0004193761872993297	1
103913337832532831291	0.00041937104453453175	1
106606884526473887461	0.0004188784692067967	1
112737020367584939345	0.0004184416532058546	1
114717833907014197668	0.00041834869760036194	1
102084488057801958038	0.0004175400142146585	1
110846410886522908410	0.00041713873873477377	1
104757860243835583747	0.0004162949398775048	1
103253155729844034205	0.00041612063143013	2
105020503671181573352	0.0004160253811291203	1
111453457332332024748	0.00041601008547348134	1
115648252536935354124	0.0004156909138006697	1
113593203112351252307	0.00041532291512886546	1
115352602850836259449	0.00041498773409996237	1
103047633612936386778	0.00041478024646446614	1
101341716829353760937	0.0004136302804663164	1
106129703344859067339	0.000413462295981602	1
115652004521466262445	0.0004134050856415961	1
102841245170487819912	0.0004133988239022949	1
102857824121129353712	0.0004126532982753322	2
116395662268142915722	0.00041243572447860276	1
102475577627906425451	0.0004119456066343858	1
106639476955301294330	0.00041163546094720834	3
107573540328970591227	0.000411152499350204	1
107742068186422614716	0.00041110118287075986	2
108737772845276198949	0.00041103551595625507	2
100777210624696599602	0.00041098888070654284	1
101247606323956500887	0.00041079835526436397	1
101356208640425726020	0.0004105481660926304	1
111168495721795504132	0.0004105353428228274	1
108732759044273843695	0.00041042429119837563	1
117531553216036296696	0.00041015091854525973	1
114085190748679588261	0.0004099944917540634	1
105496364843932469797	0.0004095380485528441	1
116310884281530210848	0.0004093111417633579	1
115537425275356192528	0.0004092352502904937	2
115862585937259981666	0.00040920911906717453	1
105645854458683725897	0.0004090241892954282	1
102245888971117032337	0.00040893383349919994	1
103841115375788268033	0.0004084058350313819	1
101969322318189405709	0.0004080535254823318	1
116369541533844338110	0.00040762080305607425	1
105846498744689940028	0.0004072417119748212	1
104855439389611810825	0.00040713600193319953	1
105831197196958272995	0.00040705675419281463	1
109411406785201484035	0.0004070538543365748	1
112118394842973990959	0.00040692288820936163	1
113046540892898756171	0.00040671757337889006	1
115445679410397084722	0.00040614912279420733	1
106831612299895007473	0.00040491399802915245	1
102897240567784529874	0.00040406347258491	1
116507390602031515271	0.0004040144764268544	1
104421821504341708067	0.0004036757514870414	1
104567898096252169075	0.0004036440442938356	1
117827939372490176950	0.0004034874481050239	1
112238198032992146816	0.0004034517673550963	1
115924787547381310437	0.0004033346235097972	1
106640510412906590548	0.00040310437424695644	2
116022107685933803189	0.0004025550992434873	1
113868724708557157025	0.0004024644110274695	1
112579807018599531078	0.00040219680367477816	1
107958974853839226336	0.00040211290525204546	1
106587963903888665919	0.0004020538292130093	1
103378646574928855349	0.0004007165911232477	1
116197676595017109235	0.0004006537587298905	1
109693112888850382744	0.000400185398195332	1
103957683132551937169	0.0004000462279661536	2
111789293865876066075	0.0003983792130548969	1
109165423394231478282	0.00039834535072027095	1
112452767475521492944	0.00039828212664429067	1
108682967345230372130	0.0003981069602522623	1
114395270484267152282	0.00039759380685458186	1
115767881439123079191	0.0003974016024852486	1
105348319473887192896	0.0003966996540220087	1
106663069953484072813	0.00039648660686920553	2
105364771173133781528	0.00039595173306442976	1
104582350838362428477	0.0003958422858332659	1
100304707154952267096	0.00039578969630788165	1
106518498149043460383	0.0003954439277551612	1
116706057786217993524	0.00039492254546082627	1
107709523210339030857	0.0003944056026115767	1
110770432481759175921	0.00039435902413182734	1
117145340125249110923	0.0003943512523845871	1
111345125248252182822	0.0003941697812914287	1
111114876289023443125	0.000393578456750691	1
108798853537183937826	0.00039325885134496675	1
118055335891923950494	0.00039325239148903495	1
103486440512019109887	0.00039321513447283985	1
107176073754977513315	0.00039296266859195227	1
100969960384821570642	0.000392814336553887	1
100644338456964460622	0.00039275849018620304	1
103520499645965287622	0.00039259753087300003	3
105473168488586416970	0.00039240471397699504	2
108665305290205798238	0.0003920935958746566	1
113638882901059396959	0.0003917655998435396	1
105206631609641166886	0.0003917013942196443	1
110932865812902245569	0.0003909765861020019	1
114007453160694958987	0.0003905775264934693	1
105318725217810641855	0.00039046143176676816	1
100207936441421485565	0.00039011118051831	1
102624264212801608398	0.00038993910605823544	2
112036530896424605833	0.00038963983256605207	1
115050712138081170125	0.0003893178593138845	1
117608739020419875973	0.0003890895439160988	1
104639572306556887714	0.0003886734966854283	1
103046039519355433778	0.00038864368646232826	1
118058190656544363387	0.0003884024274493997	1
108251050367746905998	0.00038717926722937277	1
110005893915814979352	0.0003871592969760648	1
108167448597336850406	0.00038666075740426185	1
116778965056048167853	0.0003866044408614107	1
105768540942748761224	0.000386408932085288	1
104313782265210957801	0.00038626820672680326	1
117246185220018140996	0.0003851635370741576	1
102970007293376301648	0.0003851616020974823	1
100586402234681764932	0.0003850025245395686	1
116184117715055174006	0.0003849323758392732	1
112974228395919730853	0.00038472701428671403	2
116628485078475399351	0.0003846793927639073	1
113012691270611270350	0.00038462111310618715	1
105506027542572188283	0.0003845920130949036	1
115225748791639525191	0.00038388229192414875	1
103020087355939742123	0.0003838482148691042	1
100027760591732857140	0.00038359428813536384	1
116111104669712747441	0.00038345459939208206	1
117532894439968154241	0.0003832599439384382	1
103138411474262540023	0.00038230719718847055	1
111348249768466654382	0.0003820917509345263	1
106275081470874250475	0.0003818639869396996	1
113958172040097221887	0.0003818155681591511	1
115077161315553387738	0.00038155922071611987	1
110886205754204493799	0.00038140309670755385	1
110827519231685608354	0.00038139202382073785	1
106746808249727340309	0.0003812771718187123	1
109997921573366922481	0.00038121734406632783	1
118193249800054400993	0.00038081359656971233	1
116385405469850788367	0.00038068257455707853	1
109182098772480269321	0.0003806599657848237	1
106983560342099473732	0.0003803753955821708	3
111490501922014302296	0.0003803640475707966	1
101686035140206326762	0.00038020852969841674	1
118104982054097728858	0.0003798697397074631	1
108828558750746245168	0.0003798151502839123	1
113745961783275476381	0.0003797491356090187	1
104409385669127955897	0.00037917429499133325	1
107932844154820046213	0.000379137989066156	1
104624303335777136776	0.00037899185295850316	1
113958783752555055006	0.0003789487185180639	1
106270641934415252013	0.0003788240801508656	2
106728156090867192572	0.000378744971112672	1
115520136170289208812	0.0003786373403761095	1
115559179710405509109	0.0003786207085272275	1
116207338822985637238	0.00037826182595173926	1
107676463685366770978	0.00037794794020820096	1
117122552609146194637	0.0003777481252509123	1
100958161133657762299	0.00037771150485109374	1
107592897049624988996	0.0003776365032744719	1
114112239178118174584	0.0003775219980365778	1
109569752209143183731	0.0003772145397775013	2
108138868752170586315	0.0003769561295492195	1
103474863841074087541	0.0003769167360263074	1
101768336755145080002	0.0003767706039016734	3
104885425865662974211	0.0003767079517781515	1
109181377092560074295	0.0003761477099598296	1
114988732986975429922	0.00037576926151952064	3
115973868157880246583	0.0003755545066030538	1
113893251621666038627	0.0003755331759870043	1
105939148031523355640	0.00037536082609036976	1
116662631621472692574	0.0003747796471351736	1
102452242106567377625	0.000374160761399608	2
110273540218887172071	0.00037368101173168626	1
113350576208693546753	0.000373588288912165	1
111411219078746581402	0.00037321949443478103	3
113020456268567114431	0.00037304142630105826	1
104291062041892114921	0.0003727592765394089	1
116979606530523917334	0.0003725319617883417	1
111770352771993848859	0.00037146935261039805	2
102677360507146038290	0.00037107933770778433	2
109177954366701463472	0.00037026171301204934	1
105383377727627292546	0.000370033178339842	1
105556252939234738828	0.00036979205535358963	1
117662333587584711633	0.00036904421556611467	1
112158079036657912505	0.00036856744389837757	1
107666903391422351877	0.00036842818750318146	1
114131816770145606882	0.00036793034449785985	1
112304826046424606984	0.00036789950887989567	1
105306109051629642988	0.0003677729880864092	1
102485867896910847028	0.00036750915983509505	1
104156842835409730719	0.0003673545341815879	1
112769597659219110092	0.00036735448352789293	1
111094075863963545154	0.00036725070565438834	1
100016899877318096903	0.00036709832211079507	1
107425603003008592938	0.0003662577766142754	1
108508335595072412810	0.00036623308889503667	1
111375935063312190019	0.000366148439897657	1
111653235450133676491	0.0003658740292390085	1
106662834751463242875	0.00036582244121365477	1
103773187364999636378	0.00036517468435540244	2
101527152725020476244	0.00036508834381906844	1
105894950446770733639	0.00036508166153325516	1
107384659943257218595	0.00036491819095363186	1
117980372573453722374	0.00036445188718080154	1
100957473527387130470	0.00036441446193957434	1
115140572170241511038	0.00036421313444095544	1
107125220938042233263	0.00036415317456297246	2
117864588276805184974	0.00036408824002565033	1
114279655123260403031	0.00036401864521907974	1
102355676647092630576	0.00036395210234067436	1
114633204553940455590	0.0003637775868817112	1
104507594516381640826	0.0003637444100994286	1
114023905519201765329	0.00036369883750420507	1
100821824997509915975	0.00036362040603808005	3
115488240065207727853	0.00036343339394194696	1
106445153975201413026	0.00036337912494254523	1
115831312508853333169	0.00036333148959069806	1
110219035988164937216	0.00036265544400015514	1
102737455471113799991	0.0003625582752880762	1
105713446857040409656	0.00036247632354809714	2
108507580223257846985	0.000362450235052018	1
110630495306964512428	0.0003622630662685672	2
100773676343502297089	0.0003621583283917038	2
116637155382770925675	0.00036175016188675767	1
108583921701807283353	0.0003616133205597645	1
101073783299646509233	0.0003616055042587257	1
118189913328679405273	0.00036150082367493127	1
105105030779206109022	0.0003609136695688343	1
112114595495269921191	0.00036079948390099694	1
111930605031058385109	0.0003606957736451351	1
102096455004923297765	0.00036065554690866086	1
103824093595801736698	0.00036062014156916446	1
115950405130837773092	0.0003605668691161869	2
114249656986617681304	0.0003603186365652854	1
116858601014341137552	0.0003602515476082769	1
111417902015545708883	0.0003601400550816408	1
113954809720810772170	0.00036008506734631495	1
115594823959230554551	0.0003595368256995792	1
104816063143339558329	0.00035913048880846824	1
117721173555291749040	0.0003588232677224562	1
116608861655093292686	0.0003586981065969128	1
110573945039951702518	0.00035858255718429336	1
114645879992809942208	0.00035728132469700874	1
106009340246810160307	0.00035708643215974517	1
115485270607728527879	0.0003562219076735772	1
101956665600312612797	0.0003560997049949694	2
118036350484185061335	0.0003560281552083022	1
100267766347237553771	0.00035601500413359375	1
107184984973003971042	0.0003559844510539676	1
117520418486969073602	0.0003553990888821767	1
116685479464071757942	0.0003552072527634273	2
102704802701623701292	0.0003551158399308023	1
117088308792308433067	0.00035501000055254727	2
117735165786240967051	0.00035476842327544496	1
116260364971056541451	0.00035374096893903736	1
112344753792271887765	0.0003536865652516714	1
101265884758629745514	0.00035304992926488864	1
115011024281410050939	0.0003530106469952708	1
113149291223192361716	0.0003529025522544248	1
108315325492732431783	0.0003521928165944407	1
105379210704223074864	0.0003519527572244167	1
103523215264617394465	0.0003516760521844418	1
101603130119361865625	0.0003515419457268047	1
110853472983526182624	0.00035116570894860925	1
110756161012524842343	0.00035076231945701516	1
108884846483132218885	0.0003505631871841319	2
110640019141676982623	0.00034988904277630565	1
104432544782259080728	0.0003498889511001711	1
110935853654119328337	0.0003497694259838914	2
111368042859973171925	0.00034963364067328755	1
101487149394328612777	0.0003494956177674852	1
106959938069947388279	0.0003491571757129971	1
115927351968293245364	0.00034906973108794856	2
105189866627762310036	0.0003489705111049933	1
113680912002516722253	0.00034843049808377935	1
105459550536348114145	0.0003481372894943291	1
116077109239205793775	0.0003480973463927088	1
110722017830631452076	0.0003480437791293269	2
104082403440320780429	0.00034799781924553074	1
109417977445311854187	0.0003476525067260984	1
104516960568883756126	0.0003470685239011344	1
108772630479900043184	0.0003464051436513694	1
112516477661444892568	0.0003463648996265021	1
113690781585587071998	0.00034627277037147354	1
100066493310937980219	0.00034570984140098126	1
109405112908023286208	0.0003456258988875305	1
113669395404980745511	0.00034560831673706763	1
109978646666633937292	0.00034521719160394347	1
115398832744470313607	0.00034502984600758924	1
116425943879968487755	0.0003449045112850739	1
116844212074990688257	0.00034482438661130577	1
115813634661274194648	0.000344312966372167	1
117619722765198432201	0.0003441513131837576	1
109173587518715541180	0.00034405358126434214	1
100821288659076872001	0.0003437978198166	1
116186220137864298770	0.0003434946963010603	1
111794586806164562373	0.00034349300071132705	1
117726531816657582547	0.00034305746156086957	1
117509748056623279944	0.0003419982494496461	1
111710453248662183881	0.000341892888363995	2
111388121109189220476	0.00034183374338388526	1
112449122382707822409	0.0003417857859100045	1
102401634839921826138	0.0003415612461748198	3
114095058036005655247	0.0003412766910906803	1
106264805392397718380	0.0003412604078934388	1
104805634423734074539	0.000341193272298215	1
112341461147733716608	0.0003406505644754116	1
114534210608898605704	0.00034025238546557513	1
107935469610488588481	0.00034015588106024475	1
115117547192876619817	0.0003399824009093833	1
100133923401924105856	0.0003399212763877054	1
111257644908753847959	0.0003392381849446516	1
116997619679901382557	0.0003392341287560303	1
101065600585133486158	0.00033894341413965326	1
101800804650521978029	0.00033858431114331685	1
109899262882563170651	0.0003385724796136548	2
111956865348625630656	0.000338507846336548	1
115654165624607454262	0.0003383636236659651	1
105305777433611851982	0.0003377538235010173	2
114685125982127664031	0.0003373776840353438	1
108196080252499606192	0.0003373613977219579	1
105099136448017686894	0.000337298901532888	1
114569721078006758219	0.0003371978414809944	1
107963910103570991506	0.00033698009917217597	2
108504691771563496154	0.0003369363794550959	1
105504448953264947749	0.00033651264117291497	1
111586022743140172728	0.0003363549726886641	2
112446518646932524769	0.0003354207875484909	1
109849426383263826665	0.00033529977589371923	2
112102249712294179018	0.00033515824326421113	1
114935435173320717405	0.00033513302323460515	1
104816788933873714602	0.00033498457060480806	1
116407111455466646142	0.00033485577242722044	1
102346411293580971210	0.0003347184840596054	1
103759578696872315142	0.00033447179122489027	1
104949387173642794963	0.0003342830053964552	1
101900698096670949248	0.00033416076500680217	1
111465806299006144338	0.0003341128098024965	1
103053896471087213206	0.0003340728498074897	1
101775378004698597747	0.00033384160989704967	1
109678617063618996333	0.00033372754893296486	1
108560841711398917840	0.00033371559815446644	1
104765703153439286258	0.0003337122092179352	1
112850594189039158382	0.00033361649716785713	1
103210404988674446982	0.0003335156680798787	1
103156428832750340164	0.00033350619243508963	1
117742535228777659559	0.000333421738018159	1
108975556368164119372	0.0003333263868854914	2
101484682165850864002	0.0003332472020085627	1
108101528350258336209	0.0003332113828797839	1
102208734708187568650	0.000332900822602546	3
103329819264141117732	0.0003328928435001202	1
111130648511494923931	0.00033281820581401776	1
117873143383609078400	0.000332668065074446	1
101317414999081805935	0.00033264681153047235	1
102465515005511523873	0.00033243457952477165	1
118159939444926293060	0.00033196081665848786	1
115067830653640757489	0.00033143946695585267	1
114999243141151456242	0.0003311079864053695	1
102432582281089909145	0.00033108258464835166	2
100573379791346515098	0.00033086205781037955	1
106339553906422423499	0.0003307140230907297	2
113626483652811890994	0.0003306962828622384	1
113937143484071416626	0.0003304104909613533	1
106352554410262753150	0.0003297333449135617	1
102846324622182065313	0.00032940211698428864	1
115491093799377939497	0.000328563073037237	1
110886027936863089022	0.0003284836093767072	2
112413962906535524922	0.0003284814488209737	1
109853584793684826708	0.0003284085983345074	1
104641029345835159141	0.00032826140001935216	1
101896915525351208408	0.00032781180526332554	2
101808311050639810167	0.000327573860236368	1
117446847889149862257	0.0003270699950849726	2
114470714310930629006	0.00032682208808918297	1
114561609827685054260	0.0003267970280476901	1
110195477360832707560	0.0003264784586490022	1
111020557395308871614	0.0003262788226095259	1
105624042228625744287	0.00032578294563802025	1
100763173681966066754	0.0003255758548632374	1
106552486256183372493	0.0003252725661630078	1
117255559113742613530	0.00032494212640778164	1
118404804372996978994	0.0003248582298745706	2
113886589662733503074	0.0003244822139707509	1
107369757200940556004	0.00032443327594805407	1
118132829457625280969	0.00032443219695047864	1
114435957548318701124	0.0003242866845519939	1
105367087860074993734	0.0003241888854540017	1
103510152831813607376	0.00032398306473801174	1
117340736128901153548	0.0003238635105184572	1
106664988427685603407	0.00032347049793100634	1
109183076211573712367	0.0003234315582034751	3
111866374187735677793	0.0003230708022094196	1
115706471517464245816	0.00032280492562730353	2
106713367699203758525	0.00032258397299392153	1
112662621005561293664	0.00032220493037711306	1
100522882332140288095	0.0003221639955888865	2
112996322247073613075	0.0003221273535330116	1
117946739460713940142	0.0003220950773698401	1
106179756786317411709	0.00032208214573978754	1
106817896320216236499	0.0003219883137707945	1
109892902258932944186	0.0003219271520844009	1
101907050652697077494	0.00032187665187132566	1
110987122726818254657	0.00032186880779340655	1
100439448667156401123	0.00032181912107282894	1
107427021837361378314	0.00032168901100905657	1
103658443174578801624	0.0003213510449563412	1
107595859204711287063	0.00032134815480509886	1
118128003544790798119	0.00032091317594656465	2
112954212653764894020	0.00032084198939992016	1
114180549339604434611	0.00032047356099131963	1
114563183850002243139	0.0003199845921854216	1
117503256303811314683	0.00031974733923217973	1
100252889263681109712	0.0003192618736147392	2
102052370209354426168	0.0003192404715793762	1
104526224647060739642	0.0003191552306145623	1
104472890352051674723	0.0003188342371564094	3
111528361650742579912	0.0003187345135882481	1
112181736401126233966	0.0003181507493807775	2
112481657885737196362	0.0003181289915924066	1
103028459671171670815	0.00031811580515934105	1
110460883269646543871	0.0003181076870179017	3
115039112804619781585	0.00031806475665758626	1
100587453435728071910	0.00031798803250825467	1
109761954957966850121	0.00031792219759204916	1
100650838733438352768	0.00031791642735383825	1
107418123829203850755	0.00031787923422977666	2
108348593036465562152	0.00031768459593266686	1
109751196984360065943	0.00031751335072808146	3
101170921864934134760	0.00031723644555982236	1
107092781208664603732	0.0003171560065653238	1
114022026108829061930	0.00031698688285696993	1
106874252458072363166	0.0003166479996231666	1
103782533357065638909	0.00031649944855378703	1
101245710246581490295	0.00031641434683106083	1
104125494778252367010	0.0003161747327379415	1
117655549106635025383	0.0003160376475512289	1
114561525149589566017	0.00031578970616108633	1
106359289049257177729	0.00031570988991772985	1
114806850096330437383	0.0003156201238518372	1
115856864612363622674	0.0003155741839300649	1
103744756814592671898	0.00031549382648853107	1
104055569544634787250	0.000315157647221965	1
113738778212075149930	0.0003148443725065199	1
110503269680373003722	0.00031484058566005424	1
105256272101444169231	0.000314833589474508	3
115840782130902471055	0.00031469679013408495	1
108488188399754425149	0.0003144651529082555	1
108005511632749909585	0.0003140571746229823	1
115497240043542572861	0.0003139697872567847	1
115362432232547193242	0.0003135055191435693	1
111608158273951206785	0.00031344691725451745	1
116577081281423382697	0.0003132029262384709	3
100108326835469412539	0.00031284997413166484	2
117044097837812823444	0.0003128303629661915	2
105506161349096949376	0.0003122453352137223	1
102049653344545522654	0.0003122447415030364	2
100829201198975437119	0.00031168541075472984	1
100817377525577129961	0.0003114210517347396	3
116978605979778656413	0.0003114210517347396	1
103751553217540452535	0.0003113748712710166	1
112817508161462624146	0.00031112937955208453	1
111829459087404877489	0.00031109248623497135	1
104420345460673630932	0.00031109248623497135	1
102812197966704601316	0.0003108965235815293	2
116338814724449809871	0.0003107744679916165	1
104551169240087337754	0.0003107545036792025	2
113282561387998657257	0.0003106283763338327	1
102542760878258549485	0.00031047430329940543	1
100903439012963877459	0.000310472617921752	1
111317577362559531398	0.000309990492803416	1
113433310574439250466	0.000309805436788019	2
113639529338283077797	0.000309805436788019	1
102059080969046880171	0.00030967357658827474	1
106728653891215454437	0.0003095457286682558	1
110379010891045840631	0.00030941885380560727	1
104960573058155652836	0.0003091549837859033	1
115054159596168502577	0.00030908307842677027	1
103810979230792404975	0.00030893473072329667	1
118178092354059207825	0.00030882398078272647	1
115928791373617220090	0.0003085691263116708	1
105812992286562595698	0.000308358647227084	1
100389146813642172198	0.000308289058273878	1
100328997990624481885	0.0003075175856028684	1
105642459569108798593	0.00030741133282537837	1
113822404300317662186	0.0003074105796183542	1
109225273031019687404	0.00030708718434651293	1
102123480049022788840	0.0003068498292232399	1
118272030982387039153	0.00030669189838177294	2
106086102964676630220	0.0003065115173860562	1
104773809417133392403	0.00030640005504272496	1
114846896441713703328	0.00030626957251837973	1
102559470393874199190	0.000306026550448614	1
103818369747756077965	0.0003058628781701805	1
101469535519901779879	0.00030562007033293006	1
115193548632403015131	0.00030501437364666227	1
110748332974148473395	0.00030466751186150495	1
111631574105754806254	0.00030425560672464857	1
104610722186372187488	0.00030425560672464857	1
106552681458157529939	0.0003035055679091737	1
109227060227159208082	0.00030342435825048353	1
104113580567929456569	0.0003033215947703064	1
103763807903648594146	0.0003029869642438109	1
110421682386442506360	0.0003028349412145846	1
111912211812394423906	0.0003024427807602269	1
116562267896285458996	0.00030199559625676455	1
101196947534496578712	0.0003019504521619852	2
116911143259490971544	0.0003017369222071301	1
116459936013894520699	0.00030151178576077515	1
107447628709212341110	0.0003007582748230924	1
106090161884984187258	0.0003003503522648312	1
112915623361562411747	0.0003000667048231889	1
117593997242445752125	0.0002992303433348181	1
118197194190467870441	0.0002992303433348181	1
111110025657705765081	0.0002992303433348181	1
109096937507780712688	0.0002992303433348181	1
106076857365912577923	0.00029890306745336055	1
112037042304485555658	0.0002987056869028294	1
106396305685395276275	0.000298224919410188	1
117893623378590346430	0.000298224919410188	1
107081690676952282548	0.000298224919410188	1
110336417742585811860	0.0002977261246329589	1
106979109780331461698	0.00029757118030414705	2
100013630049144015753	0.00029709621919550984	2
116287091627154125640	0.00029688308102998725	1
111173094803703952148	0.0002965504300785278	1
103643488615348054708	0.00029644901720618	1
102612994712772585467	0.0002961921337768771	2
112704520070524590766	0.00029541083264721243	1
114455812587677181067	0.0002950191664760919	1
102075122620500125363	0.0002947053187439221	1
111495219260996792059	0.00029428180125794847	1
112435636178117200207	0.0002937821254089018	1
116485215333909412214	0.0002934839488875609	2
111332747678303149156	0.00029204868084841285	1
107292410506393279704	0.00029204868084841285	1
109484230477274074838	0.00029204868084841285	1
108602901889554226019	0.00029204868084841285	2
116286148422024495842	0.00029204868084841285	1
111289820216404533208	0.00029204868084841285	1
116405000540771693152	0.00029204868084841285	1
113945041411228109207	0.00029204868084841285	1
106324684210698496058	0.00029204868084841285	1
105795616733095374505	0.00029204868084841285	1
111171277507992628640	0.00029204868084841285	1
112420328937145919865	0.00029204868084841285	2
102113032292854184368	0.00029204868084841285	1
116182840462320085003	0.00029204868084841285	1
100811664767161171279	0.00029204868084841285	1
