#node_label	#score	#gender
105237212888595777019	0.004345861860517498	1
111091089527727420853	0.004050848677585113	1
104987932455782713675	0.003529490016456161	1
118418436905562612953	0.003352648558310368	2
106189723444098348646	0.003269716915997361	1
112063946124358686266	0.002922117271697897	1
105256156026694816333	0.0028602028367827066	1
101261243957067319422	0.002824070320829366	1
116440942480280633315	0.0027558057234917167	2
103617443261375624134	0.0027014934060240773	2
109813896768294978296	0.0026919292848173243	1
113455290791279442483	0.002666684459035912	1
109895887909967698705	0.0026152679428977006	2
109412257237874861202	0.0025873198156565426	1
113686253941057080055	0.002463729025971654	1
102476152658204495450	0.0024155390313115267	2
100962871525684315897	0.002414263397880347	1
101849747879612982297	0.0024121125069560202	3
114536133164105123829	0.0022959546011591335	2
112374836634096795698	0.0022687133252519307	1
109330684746468207713	0.0022569998344053595	1
107117483540235115863	0.0022325526183852463	1
113116318008017777871	0.002220940836739796	1
118207880179234484610	0.002166101576610055	2
113097851206100618060	0.0021509842061666127	2
115530776534617554663	0.0021263267253960163	1
111873853137122484021	0.002109262684331474	1
112726038360301567381	0.002106488009777132	1
108705174211639807508	0.002054994955581767	1
117757565120070816446	0.001976390443893522	2
102377882249382281108	0.0019402393873020915	1
108527329601014444443	0.001937048682360708	2
105943946099362806788	0.00193537815940408	1
102865263115020893218	0.001898614264951365	1
101035196437264488455	0.0018506164768776869	1
107459220492917008623	0.001848269492901546	1
116594199576805510790	0.001840427495826749	1
115360471097759949621	0.0018281841597064868	1
103486150650858067282	0.0018098530056084717	1
102871123574468799566	0.0017963509461717641	1
102373191596205712937	0.0017916622854044773	1
115105647022907007398	0.0017884595755000075	2
102518365620075109973	0.0017820878901053773	1
114369704013100203178	0.0017769760917904342	1
105336425684208963598	0.0017571178565476096	2
109187026428012507334	0.0017349592039125317	1
101396087935203987162	0.0017154691279025812	1
101145980349117737014	0.0016949921296217031	1
107362628080904735459	0.001691012313509735	1
112661262066626464523	0.0016848054113111786	1
113117251731252114390	0.0016763595434373414	1
118320665823821681206	0.0016705267089752842	1
114056084994793924628	0.001663089874055675	1
112775759305765347433	0.0016367911194560174	1
111962077049890418486	0.0016289560230348522	1
101059049290567215584	0.0016121055575311822	1
109447323719942836871	0.0015955513131744405	1
108805430409141907975	0.0015907860483583797	1
116369071500456395369	0.0015733712321578076	1
113464569897311842405	0.0015722766181528642	1
105547060999578080024	0.001569331589202551	2
116247667398036716276	0.00156810394554512	1
115204805503581947511	0.0015574990600897094	1
113522167310199103094	0.001557347341341473	1
103216887847401478447	0.0015482560207507091	1
112617127041903537004	0.001536646395289309	1
106289562822644692555	0.001536401065794657	1
101793532287583914396	0.001528755503084242	1
116040565882702717981	0.0014946842672482678	1
100892612779426154375	0.0014938397185876031	1
112957708071337353347	0.0014899988526995492	1
108470782772821648496	0.0014825238535066136	2
103761326311610249621	0.0014813421391090447	1
105318217552727882571	0.0014749950313349778	1
108189587050871927619	0.0014655967716063045	1
110258598415939907971	0.0014639509189619544	2
115143234371607892983	0.0014625937906492493	1
100535338638690515335	0.0014615999672247023	1
111943154038712688786	0.0014520968289902755	1
103275414019940070295	0.001446197201691688	1
105551989431666449555	0.001444798199845159	1
116696943168863559388	0.0014140065454088483	1
100936611936552412031	0.0014137259775449842	1
102873175118305865375	0.0014081175222614016	1
109220060006128553211	0.0013985404424635374	1
107494834634231938072	0.0013973590906031174	2
116799045993451756042	0.0013971716812561912	1
115961021629090154025	0.001393320066801845	1
108924136210249299218	0.0013932612977444548	1
104414006889440330710	0.0013886511354897898	1
100646334382638139241	0.00138277058614181	1
114229157887417365950	0.001379490879710779	1
108981679893410895534	0.001375922660702604	1
102554407414282880001	0.0013624526508711262	1
116197193480724162859	0.0013595357219917726	1
113920526057233976680	0.0013579201014688202	2
105390077271236874234	0.001342910129804121	1
112750091316252656625	0.0013415257042152368	1
117681034834791918293	0.0013371667873941875	2
104522833443181754677	0.0013239268009165252	2
117429320390907645600	0.0013229388604209804	1
102349305007676725479	0.0013058985542098757	1
106133480923323663427	0.0013010369008448147	1
114051322401103919567	0.0012939410725830093	1
102034052532213921839	0.0012923884285141773	1
100968313568314999910	0.0012892021184160592	1
104102743248207705784	0.0012845898647839034	2
104833564316573420990	0.0012802658209289653	1
116214152295449083654	0.001278544515710309	1
103200491340117663153	0.0012728388742509424	1
114764567692252908296	0.0012722932689184648	2
105706178492556563330	0.0012704869589509568	1
106020745084647886919	0.0012692447258154595	2
109549749746353031555	0.0012691782376085946	2
102409541521880756024	0.0012670323430312386	1
108215644829092784557	0.0012650618740144563	1
108542426628002931624	0.0012646546625876551	1
114092052797730247075	0.0012632836930105546	1
117697399358826098478	0.0012625494385118004	2
116303122205999176427	0.0012557060808021069	2
113409086302056667844	0.0012502416581238747	1
109031486518632696635	0.001249915127414644	1
106567570642614609073	0.0012378180180758682	1
108439032486286528947	0.0012356088369849224	1
106717946845088683921	0.0012312948760003157	1
115582623750221438794	0.0012311208160572676	1
106831762557971378854	0.0012260998400940584	1
101962829696981365403	0.0012121226928551447	1
110945896776944314708	0.0012073749576796298	1
115571998474046088312	0.0012056243952770203	2
100974258168375166691	0.001190114307310768	2
116008246625614132322	0.0011860587985947292	1
110260043240685719403	0.001183574414049559	1
106711803105103787711	0.0011832602261408868	1
102384669117825357195	0.0011826754257505381	2
117058794763073546749	0.0011813378486773747	1
113158814439512755352	0.0011808864407923552	2
104282453580753584553	0.0011780062766759505	2
113027287369712034675	0.001176985669089712	1
107771181372242547518	0.0011760536541117245	1
108629717769018996477	0.001170769514932552	1
104112700502285331526	0.001158751643074488	2
104672614700283598130	0.0011574926199161798	2
106758488395906535821	0.0011560397296043125	2
104316443417435189825	0.0011554494668683964	1
102528718122061029071	0.0011550868509433022	1
107982618909749811163	0.001149542749017996	2
110492963926129353210	0.0011488243264625446	1
117937415022745482256	0.0011479590588511235	1
115058384974405026221	0.001144475926597214	1
113625462103500841369	0.0011379725132044528	2
113859540036726448291	0.0011374999731816838	2
114045800510530461940	0.001136299832067589	2
118036378782834084572	0.0011361772828006784	1
116043947632177598920	0.0011343636495808045	1
104081052260915687825	0.0011230377857176412	1
109268388872941447574	0.0011174625064140722	1
107489144252174167638	0.0011166233483008755	1
114125900939049731990	0.0011157780179080195	1
103389452828130864950	0.0011038590220842426	1
100472608497932134515	0.0011026505378946836	1
105216491640488683417	0.0011024068350959358	2
103698889037599783920	0.0011004651075512727	2
101484020753179036782	0.001098267630212978	1
108032623298499022371	0.0010922832356255938	1
107542632252660344559	0.0010889446231997838	1
105046530334806680420	0.0010857314310348243	1
109123727761757726835	0.0010829039316272138	2
113847951893881070422	0.0010819006024552235	2
114025996339678208608	0.0010797079050411907	1
113190229460560085138	0.0010795994374319016	1
115404182941170857382	0.0010785223432177163	1
114634469290344215480	0.0010732650304047242	1
107902791674095682080	0.0010730894657895746	1
112798516308771746920	0.0010689348405545289	1
103875258484706784219	0.001068831752441773	1
102920063140431683002	0.0010658526908527588	1
110806949181190360839	0.0010596259164533212	2
107383157816966336384	0.001057085425321118	1
114288572990229558524	0.0010520749341631206	1
116805285176805120365	0.0010495859927891452	1
100185707560478368490	0.0010491302183540318	2
116992221479414639679	0.0010465760599558378	2
104241567849916091297	0.0010462066814633513	2
108904364100929057342	0.0010412565911409525	1
106724435919605472652	0.001038373318091931	1
113543880726286626830	0.0010357418810242288	1
110036682383342142442	0.0010346604077814165	1
111832530347449196055	0.001033906360438219	1
106792630639449031994	0.001032637788032521	2
111112809838472063992	0.0010290603956601974	1
102245160667846222465	0.0010285092070048728	2
100377493270775536948	0.0010276347271261197	1
116947923643606285942	0.0010275609740182743	1
109174551750397653742	0.0010272332747560228	1
109489575895255638957	0.001019954152175747	1
100989405473280437703	0.0010191342326989913	1
116947906726568301788	0.0010155294054698108	2
118255645714452180374	0.0010134981510155267	2
115978949584209885559	0.001012122295046272	1
106359487807208915036	0.0010115133577377965	1
115924865466302265389	0.0010096725440096907	1
104548627795526843775	0.001008177187250492	1
102762278318790381974	0.0010061293904357902	1
109774951215877430341	0.001004866566861447	1
108584805279585306962	0.0010047575948362547	2
106073502505833617615	0.0010027946224813683	2
100733334063966339322	0.0010025876899427911	2
111065108889012087599	0.0010016757844173983	1
115653522232867695783	0.0009946508502806839	1
113186623583029971455	0.0009933879146799167	2
110899709105002539146	0.0009916888456297864	1
117728611187295597769	0.0009906005301771276	1
111699855306814304937	0.0009886642192013626	2
107390515497901191392	0.0009884283193827403	1
114989358912013434555	0.0009861583665222182	1
111794880075712844485	0.0009790106598561684	1
103519655975029093996	0.0009776020313410356	1
114820480752300993890	0.000976973454521876	2
107786777834250014923	0.0009719788984507657	1
104591893998825912318	0.0009704992814735139	2
113438256900303213931	0.0009675347308336854	1
103850326109556474629	0.0009643786891956048	1
102227359845636175866	0.0009641880453196837	1
117884476143887009277	0.0009613943023197475	1
109944522594844042343	0.0009597664728052072	1
108202989932786461870	0.0009595068271488309	1
111718830236077991058	0.000958794161887874	1
108096298177137829845	0.0009568068560423806	3
113339552992922631802	0.0009558281900103537	1
108189481625587435470	0.0009548274690195358	1
105248484118148978714	0.0009545514190677849	1
106539835304510344813	0.0009542229336078536	2
106467956464026331029	0.0009524644248373709	1
115614791007645952267	0.0009511525187645416	2
105040001333571511595	0.0009502497445913111	1
103236949470535942612	0.0009477180384766051	1
109876915588291208505	0.0009471506101358974	1
117075503202449801357	0.0009469003751439006	1
111709710017308986916	0.0009427005543559243	1
111413155182039517335	0.0009412028499142383	1
102755548808767411605	0.0009387572539687999	2
116056482297838775754	0.0009377046123777537	2
100193529331792590881	0.0009367078726308308	1
103878892760050193072	0.0009363252403298598	2
103652441454188509895	0.0009360387604028923	1
114729740472671073461	0.0009358846138001705	1
118274547296450170219	0.0009353402682935499	1
102150693225130002912	0.0009342123482623844	1
109342148209917802565	0.000933378875476003	1
103541694080221120019	0.0009284186997883324	1
100124389520659251191	0.0009242129153521227	1
106983800549406471589	0.0009218712363848929	1
108384201920217141722	0.000921833628015623	1
111349868439224262161	0.0009207751981779658	1
108099300904077351421	0.0009201488938223848	1
115430526592747192094	0.0009133474646072326	2
114127684466692817416	0.0009132372320159352	2
104384618198413714249	0.0009129338516133763	1
111562638514922412630	0.0009117029340972764	1
110054750107833929512	0.0009069135822686602	1
102615863344410467759	0.0009068922430578183	2
112369916221417513808	0.0009056823184333815	1
104541959256591361052	0.000903520756394347	1
115603501102777898212	0.0009029206948823702	2
103855721758679327070	0.0009016829401759419	2
109596219054914376350	0.0009010174533570703	1
101828183984777718546	0.0009005818505667409	1
105044049419763533097	0.000896827271767649	1
117783113906561198831	0.0008950759054279923	1
102533732658641069172	0.0008919899693052586	2
107483714191607682955	0.0008914600645865971	1
110600546748211156466	0.0008899515307001552	2
115899601830613537531	0.0008896284149234222	1
114153859732710523651	0.0008894512330044992	2
108809238871290369247	0.0008886653240174987	1
116219534929662479848	0.0008883037023055822	1
101006001190131292549	0.0008871819471065274	1
106356302054336184712	0.0008865059852695889	2
101670592154326222488	0.0008858375374636508	2
107185271908509011656	0.0008835345591041402	1
103784452522248646050	0.0008834828373392887	1
104605946488794124557	0.000881635952053767	1
105421360534824524100	0.0008796699825039656	1
116631329713205553508	0.0008791899335893693	2
110563351377427897709	0.0008760991644761545	1
113367609333589754250	0.0008730564364300688	1
117388252776312694644	0.0008718284032994204	1
114785407040665700728	0.0008700942472980881	1
113654461547690050667	0.000869516246253056	1
101174951617223562800	0.0008689836175294543	1
114835618008913240560	0.0008683502242753699	1
111213696402662884531	0.0008675676528751828	1
109678206263874497523	0.0008673566590974124	1
100771715351072186974	0.0008663592567069276	1
114231305708772868829	0.0008661638232655487	1
107550335129662216109	0.0008652427808341096	1
106719979779567208605	0.0008651106419400381	1
111204757488124368395	0.0008649641016199856	1
104045511944341391917	0.0008632930278674388	1
105209854925481789028	0.0008625274469325971	1
108729164162563480433	0.0008602232015510545	2
101384112455887732241	0.0008601895687245667	1
115919766952475225499	0.0008579695788599399	1
109556244641607065276	0.0008557493338758786	2
110025177084709634671	0.0008547948056759685	1
113621734687034433968	0.0008536427666158276	1
109602109099036550366	0.0008527584842042417	1
104109881446393419681	0.0008516699881453934	1
114391345252268389899	0.0008508626996131623	2
115514397255079403751	0.0008481291277511766	1
105779560824580764120	0.0008478266205888809	1
115890818529847454494	0.0008464623993736824	1
111862324534985995584	0.000846118280144378	2
103483946223213592002	0.0008454817389414702	1
113890545538451545819	0.0008427155189850142	2
100824715802751519764	0.0008396507289581019	1
110136818693267034218	0.0008392246552638438	1
103097764320602190090	0.0008390772656550716	1
113330053950020592701	0.0008379616511986218	1
114979733565079457374	0.0008378187927251285	2
111518627657059019573	0.0008377770281785529	1
114703714445331612880	0.0008358929772488142	1
107784212140893392732	0.0008355372420484335	1
111048918866742956374	0.0008351850025323999	1
111433926516886244464	0.0008351160028156768	1
101901560303275458765	0.0008337168996579898	1
118116012134541220798	0.000833458828385928	1
104401462206426890612	0.0008319625534262069	1
113107253403679023320	0.0008311661985373894	2
101259445219481496562	0.0008297192381837603	1
107408720924877751027	0.0008296995440027881	2
112960723772418803264	0.000828671777236163	1
107379489464447013340	0.00082517309237825	2
105390485883966445268	0.0008239535107229163	1
105161232143858721168	0.0008221272076164392	1
101955218540476497502	0.0008206871970211367	1
117951052831974893962	0.0008203595332919715	2
101114516910832196188	0.0008189694801087647	2
101248054507015265353	0.0008182451200135419	1
116166660014087779586	0.0008181471062628737	2
115455024457484679647	0.0008158430623540038	2
115970197492058000536	0.0008139498971962927	1
104405539079062799451	0.0008134146615196665	1
101313088594783802183	0.0008096447906640169	1
115391090911429381573	0.0008089056140379427	2
114559845119114226260	0.00080804589638221	1
107066609145001672622	0.0008080311718314153	2
110971010308065250763	0.0008071674342687434	1
100013234150524277230	0.0008064480864571973	1
103147347309732225253	0.0008064357721489855	1
101080167733770848150	0.0008057462715280622	1
117000139571713536948	0.000804277235628838	1
114765095157367281222	0.0008021151760755905	1
117574356623680867920	0.0008020639622792021	1
101916731326740171496	0.0008018662631021496	1
110573952887886961621	0.0008014621779748889	1
111267975895881595717	0.0008014398052831406	2
115304232819929344853	0.0008009883890868681	1
109117683049682245427	0.0008002377234059539	2
103293516438378653921	0.0007955624866103983	1
104723167398398004122	0.0007948731132531702	1
104973761519912571719	0.0007948673816263489	2
107308460013033893888	0.0007882034393330236	1
101465854435804471513	0.0007868193342875987	1
106896834505928192955	0.0007862861501398578	2
113312804462990112705	0.0007802871502782906	2
100048100630151349283	0.0007798846460979545	2
111240230493422963077	0.0007795685483539632	2
118107045405823607895	0.0007780972930271481	1
118351515323229708433	0.0007779683831045329	1
114885089013928404743	0.0007776944434479088	1
102456777374003067692	0.0007762345183254163	1
111124838372075709293	0.0007748742561501994	2
101140516949313637221	0.0007739558696036254	2
102029505169101002492	0.000773065160335235	1
113977984500465768287	0.0007685770468533709	2
114894373995529057283	0.0007684384826406399	1
103697821787469756035	0.0007677231332231101	1
111988916680313318873	0.0007674585279092579	2
112801448828869860546	0.0007666451810156827	1
116507162463328305307	0.0007659621376875888	1
105186369823013844219	0.0007641237513085108	1
107475835798405892541	0.0007638523336553095	1
108437871879281403721	0.000763764025101716	2
109592634059397506775	0.0007631217052613034	1
111856427400498745265	0.00076281319993377	2
100730931531762511307	0.0007619410822774846	2
117628681291628194488	0.0007610589190865137	2
108187577207608337534	0.000760527559627168	1
102456090968735240209	0.000758821661811251	1
118029848541356213863	0.0007585898120138317	1
108851026326071355993	0.00075826821155625	1
102991700177087923792	0.0007567365480541875	2
100512649718649402368	0.0007561577171466946	1
105354532715798223299	0.0007561023324012322	2
109682939969680363210	0.0007560217365216605	2
111766875191585976345	0.0007549022856496888	1
108543083581582161607	0.0007540193146979355	1
103157838382139356964	0.0007523590236622212	2
109876318275533969777	0.0007501194487148538	2
106075926887576280408	0.0007500563834325284	1
116610527104514904972	0.0007487106349259908	2
102510959683814539027	0.0007477495570426332	1
111144451219356446211	0.0007450680574495132	1
116416314233992548280	0.0007448530742347886	1
116272870812037282078	0.0007423848623734409	1
105785197801929483800	0.000741104250571646	2
100425739170055690781	0.0007401417762085115	1
113472184832544483745	0.0007395097294791954	1
107707592416977920764	0.00073937033130749	1
108002490988800333787	0.0007392147436120556	1
112292414198276054098	0.0007383125234768581	2
105459830584243636071	0.0007366765923960564	1
115121555137256496805	0.0007364009538041545	1
111852119488463725230	0.0007358862920113599	1
108360574989017497426	0.0007321693963002901	1
100458759797322732511	0.0007315290883129419	1
109128179703780508212	0.0007309981869393126	1
118249659762501201824	0.0007299183938552112	2
113944846007907559686	0.0007297956339741998	1
114951153220032017716	0.0007278037459952837	1
112708194574821912619	0.0007273556297092165	2
117302873158452325530	0.0007249808809126363	1
102143577107646910352	0.0007245483308860449	2
110913165455688349197	0.0007242990055784703	2
108281923609340751312	0.0007234479375342346	1
100519245975462538531	0.0007223939144779339	2
118007019733262675418	0.0007223774173059016	1
117876399076277118155	0.0007212941517922465	2
104770776614693816879	0.0007207460965097253	1
101437802758827481019	0.0007176662262224716	2
115588307990520146154	0.0007170728400564264	1
100661648032094165691	0.0007166767062436657	1
103274398541354707265	0.0007149034544265289	2
107979724997299395580	0.0007143381189939288	1
101347844182145690369	0.000712851022560128	1
115892016102825426276	0.0007090107775526294	1
108177381721794114207	0.0007077430222238635	1
118229828410918651716	0.0007075549529631583	1
104920733213047887355	0.000706592003413897	1
102076033841555832518	0.000702442377906141	1
111742562190411471360	0.000701456081788451	1
110008116244179984313	0.0007013112180557011	2
117843617175570491498	0.0007011765757248366	1
101081302875324360817	0.0007011553580702034	1
105389364748387891649	0.0007002646059587961	1
111299245834134954469	0.0006985544904323821	1
113179124197886505119	0.0006966956460595054	1
116640923223897011110	0.0006947666174384032	2
113456203738507213575	0.0006927400517981787	2
102170431816592344972	0.0006908392113291492	1
115481103967401468109	0.0006881467232710858	1
114955415628566000965	0.000687078166252383	1
113490041785449486666	0.0006868156723076244	2
108152252385291870699	0.0006861996742270933	2
112353210404102902472	0.0006855345186257605	1
107737400023695101758	0.0006850343657326878	1
106499409180130178424	0.0006833710131559159	1
117561536843314919073	0.0006817191399759607	1
108770653757133854006	0.0006811761117550155	1
116532796765106918781	0.0006811616962370919	2
106123026171763346651	0.0006788919106074902	2
107490600889040777735	0.0006788855545138238	2
118208834515255752193	0.0006787051704970372	2
108687319983977794208	0.0006781998564143119	1
101240786246366714589	0.000677686020191203	1
114789800183078016840	0.0006769957188526481	2
105670280103726644454	0.0006768340265405147	2
104755336394155711931	0.0006753337126003407	1
114482821185152912812	0.0006752925311773373	1
116483744752939586910	0.000675171525074536	2
115188225931820970468	0.0006748442001018906	2
101958328416568661251	0.0006729561776426453	1
115128808368924712465	0.0006727672098428561	2
112317819390625199896	0.0006722674146953686	2
104244566720530687874	0.0006718715280618692	1
113216425001363110392	0.000670977345612735	1
118076746298952458510	0.000670860019587678	1
111402735079180150346	0.0006705408803165686	1
106206424594758074492	0.0006704630506224164	1
115868797658348406026	0.0006702451894190817	1
103901861766003806291	0.0006698693271672519	1
115120856388820348736	0.0006693311316541426	1
115145459232977220050	0.0006692056660592461	2
101500353301932666956	0.0006690979410903903	1
114428750997696634020	0.0006682366055212935	2
108541235642523883716	0.0006663468317405971	1
109740230946554980921	0.0006661863319901865	2
105665080337389619151	0.0006661057913245799	1
104792719356592263558	0.0006652043625294301	1
105248358908992136650	0.000663876826841576	1
106269556673463382281	0.0006636463542627361	2
107296660002634487593	0.0006633398971989859	1
111907009595057957530	0.0006631559438874544	1
108246157440293603595	0.0006630684066963818	1
105001226804902733960	0.0006630145145393351	2
104618664838382110366	0.000662163169516293	1
117408889341288914294	0.0006618480968097174	1
101016488549547001886	0.0006604737888498444	1
103503784030163121732	0.0006600484787384494	1
111799058807207334437	0.0006592634453169727	1
108349993144739467020	0.0006588676798790626	1
112709496574544965957	0.0006586592080393311	1
115319136089718062451	0.0006574932569513459	2
109523302262898329619	0.0006573351490416351	1
102604554618567108175	0.0006564139918160598	1
109059323985123972456	0.000655076967622871	1
117942605302461709656	0.0006543642209673531	1
100513454716900546707	0.0006539126183353189	1
104866519156997639676	0.0006525258555516117	1
110217867677589593536	0.0006522951951215826	2
100904865892153488706	0.0006515246595633974	1
114853458007065354930	0.0006505907963756781	1
111983961140937248134	0.0006497290931814462	2
108480599252932396008	0.0006486688748840162	1
112838793483606070770	0.0006477916034427196	1
102725109790365996602	0.0006476856039714002	1
109679615340983028948	0.0006475815396421724	1
117125550255177987857	0.0006475267021854181	1
117059593834355077199	0.0006473258710633729	1
115831773236070302803	0.0006471161482346662	1
116682290311789132796	0.0006461540885530449	2
107189810823071706764	0.0006460818442658756	1
118346814263658561696	0.000645852327663165	2
106772544387169323774	0.0006455553252297889	1
103222059923542490202	0.0006453102283196308	1
102485721261724622399	0.0006449382180955249	1
116268124700162834377	0.0006448439244866127	2
114326598742556205027	0.0006433793426900607	2
115564782916890552732	0.0006428787610650885	3
111376872709029407490	0.0006428247331994522	1
111419564832268061657	0.0006424809729823459	1
100132612879660965860	0.0006422393736004246	1
104857406109954440836	0.0006420926894308741	1
115249860954021772424	0.000641070863142527	2
118369314436085435945	0.0006410322488864697	2
103310002187772520535	0.0006405879183988057	1
102027569173802121272	0.0006404210734800702	1
100477468779103147764	0.0006377692731134004	2
116755139777604884366	0.0006374649117013744	2
112761340428079841885	0.0006370481205627988	2
117807705400441218332	0.0006364009128168519	2
106992323093389636048	0.0006361792628217814	1
102312649610103790540	0.0006360691539410912	2
106031648912799473605	0.0006358812178895582	1
103045146129358694642	0.0006356100485221969	2
114390577443742844389	0.000635546570934237	2
118164441818555589158	0.0006350969579388062	1
100350314821436897497	0.000634459988090569	1
113795961594472514455	0.0006344060549743169	2
111584384391407513657	0.0006340055434058574	1
117184181258526632678	0.0006330259918714586	1
115728458120419023779	0.0006329290085560408	1
108347134468694009774	0.0006319986950084158	2
110528202096810721992	0.000630831359780255	2
108306073756639379939	0.0006306152300125157	1
108643489696799455633	0.0006305130542822737	1
115127686578942145136	0.000630196219936038	3
108562908057958673728	0.0006297473763784958	1
107396656126703375612	0.0006294794604501338	1
111553887229728062170	0.0006290361537698518	1
111005570197962924384	0.0006287080291289807	1
107120385844936556531	0.0006282483485893471	2
108525367100035374786	0.0006276476031635194	1
109970338579215706051	0.000627362855538533	1
106035570729285450613	0.0006268468301970807	2
106885694610758162435	0.0006263660587012638	2
115560798821543443948	0.0006247128806878492	2
110839411749298049815	0.000624222029340005	1
112311470127292513285	0.0006235347293950819	2
103719067712188912978	0.0006234157007311983	2
108901237855028365685	0.0006231317171482962	2
115635783790203857600	0.0006230073270924522	1
110083467573773561712	0.0006229900181769362	1
116350850471110345426	0.000622487683535397	1
117624867943351457090	0.0006219749487404035	1
118170059441102440825	0.000621708381817627	1
103547101416445539717	0.0006215908627133396	2
114238848179918960497	0.0006213363203799428	1
117829180598920486765	0.0006208712729954048	1
112298538154248260258	0.0006206154949536407	2
111986746929163950657	0.0006201311466957678	1
106764351587377041357	0.0006201133509313233	2
106658849511427440492	0.0006197132418571567	1
110435582822209082831	0.0006194453227936676	1
107562684952021749097	0.0006193201727210645	2
101062806117760486151	0.0006191933860759291	2
113973458554656282296	0.0006186854719558383	2
114733221311854027249	0.0006185688719010053	2
110677399908549124400	0.0006177617873840355	1
100961385622810058361	0.0006169267307005949	2
102928259944836419922	0.0006167116536146645	1
100616009114067625121	0.0006152737945629298	2
105271498619135161075	0.0006152697293387504	2
106131533046921693069	0.0006148154414986681	2
102366211018261594737	0.000614183308389115	2
114424163811716070551	0.0006138837226907208	1
109106843297496158611	0.0006135029509742374	2
107867604773686247488	0.0006131206945743117	2
104279107049574225556	0.0006114216354331831	2
114858496219143473247	0.0006111957947333422	2
100668872320235339612	0.0006102408684883291	2
113250691524784561414	0.0006100371832109167	1
109445694594960760956	0.0006095930408386062	2
112879207422835329028	0.0006090918678492006	2
109812154559522809355	0.0006080917841142718	2
110394599356932147330	0.0006072804154745397	1
107742059751171695340	0.0006063801076172687	2
106309146993207525382	0.0006047026681670279	1
107872453590280383097	0.0006045428233696334	1
105170424168673410729	0.0006006618021747946	2
100764366777854207244	0.0005994550430275833	2
105440794443460562007	0.000599407365135341	2
108093196978439295882	0.0005992905292234189	1
101517640605056528235	0.0005990845461925983	2
103847694130383487380	0.0005987202860538309	1
107980702132412632948	0.0005985919080820305	1
115590741447197562412	0.0005984898602433418	2
112732938301956933096	0.0005981699608660488	2
102784256721052975175	0.000597497748966153	3
112483478278653569632	0.000596510130260142	2
100319197841789445348	0.0005962543974557308	1
100267777884892163462	0.0005962542791080421	1
104232333688560515077	0.0005941759449329708	1
112307283830146683885	0.000594022721463607	1
112930364932290387951	0.0005924689732342313	1
114804209965724781514	0.000591761234732826	1
106237174356318230057	0.0005915650092916297	2
105508660898837488930	0.0005911171792119263	2
112887471725868554772	0.0005907548298030409	1
111346029664121783189	0.0005902648584679851	2
113096993341203159664	0.0005890758546058259	2
108602149449027340564	0.0005886632744078346	2
102390118349128083852	0.0005885621377583396	2
107235139478887256327	0.0005863927238407448	1
106641334116207071223	0.0005859258160063096	1
106472137404451336877	0.0005857334722627807	2
114937159104437904637	0.0005849214569183695	1
117884196056085122905	0.0005840246358589419	1
103914809547503560483	0.0005838896557577849	1
108588076582379537686	0.0005833745044977153	2
103650951579527262798	0.000583242798867878	3
107542742799095073899	0.0005830456597509803	1
109372974572557264826	0.0005828973524898992	2
105754002562827402350	0.0005827069947387791	1
109501436364165187027	0.0005826602153924709	2
105489064367742025310	0.0005825561726203393	2
106255898978966943774	0.0005823735726586844	1
117285792439228987098	0.0005823575014230461	1
107901567859451189933	0.0005822869524255074	2
117690673854187012438	0.0005818948961428216	1
105806145150627795477	0.0005814905018352242	1
102372138128446934562	0.0005808954879912849	1
113102854369709041551	0.000579959184002016	1
105629715514672156567	0.0005799299823443986	1
112567058389379897606	0.0005797729615318036	2
116127033078839124702	0.0005782504338288517	2
107591129378326850277	0.0005776404388278123	1
109279067119146991381	0.0005770565857923985	1
113424222789153728067	0.0005769178996798614	1
107998653347447314576	0.000576895259338988	1
106393478695568433143	0.0005761548137532524	1
112955170148517351887	0.0005758662652582526	2
101957725892036154972	0.0005751382364850607	1
107078434366023179737	0.0005748730403502122	1
115750528894734726151	0.0005743027481947777	2
108276017039691136956	0.0005733087198935252	1
104474402194287396870	0.0005731786377771208	1
116203063268554516602	0.0005724607861957544	1
103791037442392463390	0.0005724344150388305	1
113434799782645457166	0.000572405479036109	1
116202726148928256666	0.0005723013573212218	1
105804664540125819976	0.0005715662432690134	2
104277202662943073951	0.0005713787278635411	1
105438216157712951149	0.0005709629998954522	1
110592217550794732321	0.0005706125873655749	1
101367799604091052665	0.0005703133875371036	1
112582061365461975085	0.000570032741071552	1
101789011227801183737	0.0005696067230374281	2
108693140064226726422	0.0005690052519908158	2
113104944605785201866	0.0005688689988194557	1
104799160568450312846	0.0005683970668757762	1
114279948781058412123	0.0005681728230694772	1
115067134776135480365	0.0005679434704933856	1
105423010364729238500	0.0005677425964888414	2
113595722144466261201	0.0005675565871894947	1
102932986213331794453	0.0005675189709469447	2
111747381273060022672	0.0005670999395878656	2
103950094023645163151	0.0005669242679843642	2
118007706416783694636	0.0005665098457925196	1
106915458430369636793	0.0005658353070680372	2
102040763864961338414	0.0005656335044201043	1
102314486331710415915	0.0005655799893640888	2
110213257974797510242	0.0005653823588216661	2
111083657677685307379	0.0005652437691400044	1
114205886464523850911	0.0005649275793505696	1
115936804176235600319	0.0005645765104000179	1
118306516911843051370	0.0005636700771274523	1
110123942613836183623	0.0005635731033519929	1
101265429413963140460	0.0005631481920522257	1
103011191893676285908	0.0005622077959633494	1
104644705068936006621	0.0005620973390044605	1
107625658878407076244	0.0005620859883765794	1
110508446117310549309	0.0005611971384089434	1
115655034901162574758	0.0005606762968849628	2
112917540183250234327	0.0005598998901936605	1
108572627333958532747	0.0005597784028265123	1
103272086464849313300	0.0005595022021962135	1
116969930454143715987	0.0005586735437078054	2
114023941350334024054	0.0005586547660940814	1
109364225972033274255	0.0005586202934813721	2
113102179663329232861	0.0005582312492427531	1
100398188574403174312	0.000558124925068832	1
115066738984259235636	0.0005580063888689403	1
117752558300472675930	0.0005568878561716593	1
100679131071077043250	0.000556502422272123	1
100464702037351657177	0.0005563060289241914	1
103604782822125275634	0.0005558679128973138	1
110798258135890723173	0.0005555419935130372	1
103678929192213568672	0.0005554320397914427	1
111347373455607606946	0.0005552000469228333	2
107342445128902420647	0.0005549326988681655	1
117599181480696978620	0.0005549221537791331	1
103102581616407808980	0.0005544206215044056	2
109079753818826549254	0.0005536771269913512	1
106962901393110437619	0.0005536132578382239	1
110106586947414476573	0.0005534636474102623	1
112349335732307259423	0.0005533777672599656	1
117139337839412508538	0.0005532939602464284	2
109711721158856077787	0.0005525138283691555	2
100188557028585168265	0.0005524170360003175	2
106756633331481645467	0.0005520028867596423	2
107718413955878443270	0.0005514566480435564	2
110889597904569758528	0.0005509938444960315	2
109654360331158943231	0.0005504153393481398	1
107021386578061403393	0.0005502294670645157	1
109782743775362085383	0.0005499211724373737	2
115857447698995870356	0.0005492253544514658	2
108855274112594118541	0.0005487971268633112	1
101035826385641005690	0.0005487590690069302	1
117603418437094018321	0.0005477184610899787	1
115088395571975402329	0.000547289786096614	2
114530703093564359827	0.0005469306309060047	1
113732407960988166259	0.0005461006131986748	2
107868844306369312882	0.000545963193798561	2
118217464013850604733	0.0005453029104154052	1
111627219638715165418	0.0005450135230426457	1
102837097678487480685	0.0005431889303668492	1
101965232098049360563	0.0005430798566472538	2
102255720890649514668	0.0005427880097598657	1
100372135633760991915	0.0005427778857858399	1
111005826307581852443	0.0005425840026296259	1
101988524032513457125	0.0005415974949376978	1
100987418482959610835	0.0005412731888802712	1
105502659434999281505	0.0005412065863391642	1
114214235443991955439	0.0005400715940347961	1
114516047414042281846	0.0005399525221925903	1
106908582141791358504	0.0005396385248335601	2
118376303525124349504	0.0005393011295022822	2
115417864038557557353	0.0005392551412831755	3
104195596535276000851	0.0005388860429513293	1
109911419351912426588	0.0005386734191492203	1
115260307850276266872	0.0005385431195109275	1
108710095010646545899	0.0005383475174201443	1
102947087668557993074	0.000537736598708135	1
109964959136982994865	0.0005376747238098217	2
112042014201468594771	0.0005375711403782565	1
104877931759093166358	0.0005372113680053794	1
100203083680599645929	0.0005364211899022695	1
108889193619527620927	0.0005364091016828178	2
116111409898168592074	0.0005363158582822902	2
117933248848152566378	0.0005353555834419119	1
103497375962504727564	0.0005346999319401839	2
108361769884418874336	0.0005345349045442051	1
111579213361980117031	0.0005345206982086471	1
115969268962696967613	0.0005340477639680923	1
118075896681547272580	0.0005337187700822877	1
107561275736053026558	0.0005334817667597355	1
101087661630872953963	0.0005332140942653381	1
114786600820799802034	0.0005328385928437936	1
100475561456657224558	0.0005328195754790046	1
117330206560237476823	0.0005317516856034213	2
113900916043107022029	0.0005298538211394586	2
100258933461856349896	0.0005294581921520316	1
113048604335341521429	0.0005289221992777033	1
110051435860595155587	0.0005283839043319826	2
117341108419076839731	0.0005282583741815012	2
115759821747220395406	0.0005282089568280717	1
111144389496315143142	0.0005279208445537044	2
105461498993551154531	0.0005277731856606059	1
114790124739400437749	0.0005276685324836352	2
103413026854903721037	0.0005275013978886893	1
117608643645928114645	0.0005271402781307387	2
115527615316927235156	0.00052696068209621	2
117042430101993837427	0.0005268011719876593	1
106678801573617130538	0.0005267685229422931	1
117596712775912423303	0.0005265932235822656	1
115031186148141783321	0.0005262363791871871	1
109371009787047031940	0.0005257801374703064	2
111215626086255858123	0.0005257357862709091	1
109821038180443243017	0.0005255296857739001	2
109879692651335695102	0.0005254881599298558	1
115060278409766341143	0.0005249939759891223	1
114941970336144889986	0.0005249877143144756	1
107932282174453409254	0.0005248938268235023	1
107478042154956538631	0.000524548411276032	1
117639700323467566828	0.0005245048410691383	2
116867368573175665922	0.0005244362524498765	1
108598077692133439544	0.0005238796231287301	2
114924205158387502434	0.0005234620766550862	1
108527703036413440160	0.000522884879397147	2
106753117115727098582	0.0005225679852409684	2
101479786945601747027	0.0005220545024132105	1
108583549213384762507	0.0005218941655280619	1
101035537131610855906	0.0005215805671842128	2
117614470593378431513	0.0005213228252847905	2
109557059779760536529	0.00052102582565299	1
114718380011770565988	0.00052073596988947	1
108034523287579313156	0.0005205656293197988	1
110974772585842612281	0.0005204712463628657	2
112055653843373622145	0.0005194603637190627	2
101943035898572565380	0.0005189153858779724	1
117720859528939537832	0.0005181672752541392	2
108381946171530737687	0.0005179650960565666	1
111905796037369659608	0.0005179166340404148	2
116849898264385705839	0.0005179021192144453	1
110275700940996733061	0.0005175402731472533	1
112081582311024489617	0.000517199500944616	1
114942600285702701682	0.0005167052917801838	2
110109050164240978800	0.0005165679121794334	2
103495900583414791676	0.0005157081051144237	1
107101215197232285494	0.0005152758670182384	1
105933969669785529812	0.0005150486426417585	1
111838196581764013350	0.0005139256392065299	2
103011091457132318020	0.0005134423274342704	1
104572208149483055701	0.0005129421532807846	1
107825480915810491568	0.0005113424542487287	1
112374665739066603956	0.0005111720103677433	2
100612911577625090744	0.0005104598846240509	2
108990610107970137958	0.0005094012411821527	1
104428652661915452732	0.000509313649683634	2
101220763711015957928	0.0005087215658166493	1
102538905206519918173	0.0005086739728653931	1
109775681132504389824	0.0005081385056766778	1
103477821462069969842	0.0005068628118489677	1
117906512707037000118	0.0005066629635584076	1
104932441955983306721	0.0005065480254807801	1
116135708035009047731	0.0005054534722846939	2
107826059696278341352	0.0005053379261293369	1
104657888072535219107	0.0005049150801484281	1
107386502152174751016	0.0005048729215091635	2
108077530448434441501	0.0005044210915203947	1
108925095650421163240	0.0005040578644150053	1
109429236594408016618	0.000503211670079256	1
113219234233002030280	0.0005030812893128025	1
104763480255337902487	0.0005020284634744616	1
110306109330997347334	0.0005015984396847309	2
102629283495814186588	0.0005012003763165047	1
117856703419806322061	0.0005006425811280433	1
116395157933882773759	0.0005003832274569952	1
114465081195625970268	0.0005003575761991992	2
107988063062924494316	0.0005003552099316819	1
111099835542235293080	0.0005003287074914192	1
111655402802831199860	0.0005003230580915006	1
110912055212888170698	0.0004999090827453995	1
117667127854309405610	0.0004998335764254812	1
117988961081154574738	0.0004991935117806975	2
116008682241717968930	0.0004990844358347459	2
109969779660139278806	0.0004987426493367119	2
103423896242493726696	0.0004983378219093334	1
105574566053602019710	0.0004983325534781773	1
110502833538176908275	0.0004980474401609133	1
108153298436385586584	0.0004978101846857283	1
113506158551051150184	0.0004977585180420858	1
100264010813126229552	0.0004976809347499775	1
116887436546769375688	0.0004976723427278285	2
103052947271067730624	0.0004971893378588534	1
108105990957250238326	0.0004971846619297436	1
106928066647458178022	0.000496682089633964	2
103838513499909284349	0.0004965343906574266	1
103799690473238344994	0.0004963815598547179	1
117734822558943142123	0.000495506736816028	2
112380861379242468878	0.0004952207656081795	2
109558101300738560330	0.0004951541830187271	1
110736470473535126070	0.0004948836744590458	1
106639816695336343746	0.0004947581245280052	1
106956977736353271405	0.0004944812606085495	2
117821188733502731056	0.0004943145570598692	1
104773114435400845358	0.0004943036712809636	1
111654988216301084265	0.0004942881978025903	1
112849417691659712948	0.0004941106093891774	1
114739558093601487367	0.0004939436871827862	2
105298519448418630579	0.000492609218859319	1
106215718640234782825	0.0004926086124736177	2
104635208492390994067	0.0004922391007405258	2
117055729266754416915	0.0004922094313137547	1
102450415382144556678	0.0004920188860810386	2
100584443531788315896	0.0004920131121263856	1
108191133737836097923	0.0004919512497594796	1
118163822095608736409	0.0004918659791042805	2
110679139153805343729	0.0004915177950009927	2
113058977308932716504	0.0004913817429143568	2
112050047245724905079	0.0004911436565456902	2
113121873571555520751	0.0004908807511118892	2
108519759685616227897	0.0004906887933043694	1
113628787636315115995	0.0004904473175820366	1
108853501738089315294	0.0004904244672122671	1
107644002962094403888	0.0004897762363244649	1
103668714482917553215	0.0004887008558467603	2
111621508968310608742	0.0004883333554054437	1
101390318003858590278	0.0004879684058970375	2
113616415514109228464	0.0004875707507169667	2
102365048688944919376	0.0004874728615991763	2
115380981948224185206	0.00048708547864134515	1
105976690877361609078	0.0004870452243846769	2
107432579405738142143	0.00048703007973632557	1
104903624377148575182	0.00048677810270925657	2
117235019552933435852	0.000486720129735974	2
115185449105972818666	0.0004866220200686162	1
112971045758474660173	0.00048571752396719156	2
104894006540398879413	0.0004855423907210103	2
104100048721044197927	0.00048530871483883976	2
103159555629815965457	0.0004848432756753539	1
101388018903852140490	0.0004844862598417233	2
116638958379604473194	0.0004844117348628425	1
110953639273542670640	0.00048358655294066563	1
105767106146604047284	0.000483375337418907	2
105380757076586578977	0.0004831145188833243	1
109991831337346806782	0.0004827991587182856	1
116307911956851384448	0.0004823107559724935	1
100042103285281335447	0.00048229932011082446	2
116726656419067738394	0.00048228970478777166	1
109403702254529528210	0.00048219586256274924	2
100454739783658783958	0.00048156467220668986	1
102905992807889697391	0.0004810578431658707	1
106543260195129228161	0.0004807117919586154	1
103185870819487425439	0.00048067816460810076	1
104323674441008487802	0.0004805840429806227	1
106898788320996747381	0.0004805215711379679	1
101482551400747213086	0.00048004580748831993	2
102473755409030010293	0.00048002748038527746	1
114408733617743313108	0.0004800049312067749	1
107960447712389929333	0.0004795218103903983	1
118066818975852193948	0.0004792530524357926	1
110308504049793867883	0.0004788534724723795	2
115891696950731235305	0.00047877717422365764	2
113991330141699293513	0.00047831858495831273	1
111392114550347821558	0.0004774652972382986	2
109122539496160679247	0.0004770423300967146	2
115781772724214159797	0.0004769121097634672	1
107164311860815549291	0.0004765896912015398	1
100379345990767507644	0.0004765494102814668	1
118118349987811516739	0.0004763827639276372	1
111270516343042952713	0.00047585506964232464	1
103399149369474669101	0.0004755365744195983	1
116795588896205305639	0.00047490516714369165	2
105474322833740648426	0.00047485410173116074	1
105716329127556664968	0.00047477091144756847	2
115647033908194984232	0.0004746549822243224	1
117439726142720584478	0.0004734991938069614	1
107982259028221552619	0.00047338373389954375	1
108935448716838275234	0.0004730664226025869	1
108954545438706507635	0.00047293032260698083	2
101249926870736682397	0.00047275400804152305	1
109294320651051585195	0.0004716045355552267	1
115313918520629129044	0.00047150643348939315	2
103300251675957426298	0.0004710241632577464	1
111996742089007071200	0.0004708702099276514	1
110527094571018831478	0.0004705034864722936	1
112999005004480372636	0.00046942265842494314	1
100309650424237078484	0.00046940829301973254	2
115820788059179744265	0.00046922822162167845	2
108997691220733289568	0.0004690829719384578	1
116523738590549290523	0.0004689065425784873	1
100918044514429497479	0.0004686791633810913	1
103385680316204614182	0.0004679645892944084	2
108628946684172970453	0.00046778164077369	1
111229932257230301946	0.0004671077883507895	2
101594994894172024242	0.0004667812891354874	1
116916940622399669871	0.0004661422177462107	1
115644140961688148645	0.00046433254058470355	2
108742841816580780267	0.0004638753143777872	1
101265287919160637317	0.00046343980085917016	2
100979083303194896664	0.00046333300321549646	1
106639396424392100255	0.0004625772221179324	1
108464819424870648074	0.00046238283408414475	2
116019679624630088478	0.0004619743068533463	1
104027218792812194992	0.0004619706871529711	1
108730891819413525439	0.0004618143447214705	1
117810670330594453912	0.00046153172258137846	1
115085828077786850700	0.00046136926221147453	1
102353406400546786856	0.00046115865045600116	2
108539408842832063454	0.0004608812153655063	1
112548541403272545854	0.0004606806498867978	1
108227766059398780608	0.000459938773852281	2
100996052305795888056	0.0004599038793834936	2
109462948655854300805	0.0004597623102858082	1
107054441882391722914	0.000459620486558878	2
104328553869453938019	0.0004594829832638243	2
111721050801656598782	0.00045932394292195165	2
112596973929133983413	0.0004592723223606466	2
100435311988307080376	0.0004592390511632006	2
108494543072985022907	0.0004591723519468498	1
117087180594749809131	0.0004584552218665397	1
101432770709896418691	0.00045827194713223267	2
103618862132298404107	0.0004581284506658222	1
101023776512660753777	0.00045791563928116504	1
100136527797675794868	0.0004577995559467492	1
109918631905002824833	0.00045763449604523294	2
116224141183993298084	0.00045758729358423464	2
116961301915403381264	0.00045735059714221266	1
102479713175050730556	0.00045714487184661653	2
117194213012691113543	0.00045703584535420954	1
112756859469531650254	0.0004564507126120423	2
116634741790401617299	0.00045601975773133834	2
115440213129297896810	0.0004555783490444307	1
100536994357365794981	0.0004552641657591791	1
101884585568919816868	0.00045478963820542046	1
110816132992861649933	0.0004547561013559051	1
102132208040210086853	0.00045469365880562956	3
100964697179613756830	0.00045458880386046	1
113240255242422536778	0.00045457693970096276	1
101136821588323538805	0.00045454632270519135	2
113477263173666842886	0.0004543051932354355	1
104873145996437055631	0.0004542434413368976	1
104958774037586091146	0.0004537961005659224	1
115999105574077328889	0.0004529088777600076	1
102361210546794892202	0.0004528023013142137	2
112263011542748815172	0.0004527260484535751	2
105635031252803626892	0.00045203277528390467	1
104075949870616365732	0.0004519824895134854	1
100081688755411201393	0.00045173772868645776	1
111595222939363138724	0.0004506288678473621	2
113030150464930628758	0.0004503461952614728	1
112507990251148189537	0.00045026503055692026	2
117453423214170501228	0.00044995681480358045	1
105574658238411076580	0.0004499338819332184	2
117908990679728978748	0.00044939688868995877	1
107944050637158587585	0.00044925853086637453	2
102586288232625495291	0.0004485717733931413	1
108417129586581977230	0.00044822289365271364	1
100741797558437727880	0.00044763482423680926	1
104216250754098287625	0.00044720881168332216	2
109640485316880454144	0.00044692829679770824	1
105400736676917752271	0.00044686210041295314	1
110223460047500171986	0.00044674750881210096	2
107188644308200975786	0.00044668531022834697	1
101722794413056181717	0.0004465334647153226	2
100963294451681702573	0.00044614999013331156	3
101218371689622128361	0.0004453535603515634	1
102176681597746495007	0.0004451806398575478	1
100415345527134852246	0.000444121047111249	1
115045465856038711729	0.00044411041922940895	1
114608978230857086565	0.0004434079830052342	1
116450813054809304103	0.00044335758085486986	2
103811404006133144900	0.00044295536288890743	1
104547122294871942949	0.00044281388132515014	1
101494140056866451800	0.0004427259502794767	2
106056053470710703420	0.00044258811291879367	2
105065317973590246539	0.0004425621089798848	2
104982132039828039809	0.00044176708484767937	1
115895618107840963551	0.00044132288241591016	1
103554966970432387589	0.0004409528172013996	2
104109276791574356880	0.0004408347594446188	1
114892500991414846925	0.00044052066994378574	1
106677933862286361195	0.00043986564187702983	1
106545119499149519545	0.000439532899768827	1
108062915397530291442	0.00043944671859273785	2
110791260170772171960	0.00043885206905524545	2
107005847245951907687	0.0004387571619026636	2
109599264104287783896	0.00043869947845719793	1
108916370128981093895	0.0004385624309199526	1
103072529277586365615	0.00043813622049077787	3
110367850779921090576	0.00043800000812436557	1
106792757187551462333	0.00043784046277715486	1
108212748463061367877	0.00043780617325565006	1
111159658956629309030	0.000437678905807321	1
117877432795779055982	0.0004373234279505595	1
116971095029701257834	0.0004373181847643942	2
103734744231746372683	0.0004371764756376871	2
104299069067050790227	0.0004369814933783543	1
107071279348085883078	0.00043579927769235745	1
117434823609267409508	0.0004357227579144165	1
109851037140005639446	0.0004356947688134973	1
113112256846010263985	0.00043510278336261787	1
106148235067079427902	0.00043474206524656917	1
112016758168531084450	0.0004344635140466945	1
107187725863982533993	0.0004344477102574724	2
112239399119140369569	0.0004343998686170477	1
115213992828326539397	0.0004339388379079299	2
110874793512578864685	0.0004338515616328188	2
103890729645166628689	0.0004336816713212305	1
111306716939512863437	0.00043364635591612696	1
108740570618849247850	0.00043351797534802063	2
104727620425010883027	0.00043248786909260025	2
100521891736669088194	0.00043222504054268374	2
117412175333096244275	0.0004315823669133796	1
109752393704998577721	0.00043147238113475594	2
117193081810922236287	0.00043133194127422997	1
103754097164328193776	0.0004312881134777073	2
116858411518207742762	0.0004312422968419263	1
112999253285147253060	0.0004311973781841839	2
110926044103685392009	0.000431164183207084	2
115680523443701125305	0.00043103325446390713	1
116935226633911874035	0.00043084387764083575	1
104247640051669568745	0.0004306130384718144	1
114996040064692233406	0.00043052003593177225	1
106592760751584388238	0.00043023159968265146	2
112392691104944143764	0.00042992335120458063	1
114551199693334565912	0.00042969376309010964	1
101260642389146169174	0.00042924450520422124	1
104671567585541913784	0.0004291613650669149	1
108123506134776646550	0.00042874861208373787	1
104576727759037345785	0.0004286407347077161	1
116356914028810962343	0.0004284576958863896	2
103745869527930210628	0.0004283842525896596	1
110477940246597348169	0.00042833351200128797	1
108814866414331647342	0.00042820779810473855	1
106227412545122780041	0.00042798992740165144	1
111582178452856649868	0.0004272506726384607	1
103986857822813239790	0.00042717375842786715	1
117286129892471389479	0.000427064520808082	2
113824933661370885764	0.0004270615024578229	1
116792628143105662851	0.00042677059545079526	2
111178132882432270750	0.00042656022330489626	2
104437636865235134368	0.00042614915182503	1
116186189237238523381	0.00042602991615135397	1
107554392786806012173	0.00042536634417298394	1
104175800083885366194	0.0004253283383372532	1
103970830134526479966	0.00042492654429694937	2
108057412341594398108	0.000424658168648653	1
113483482538827761186	0.0004240387170838624	2
109502062797751080516	0.00042314988978098413	2
103461101188673831945	0.00042301059962055745	1
114406585566054388611	0.0004229258969188363	1
100393796619588237495	0.00042291975888644	2
118232610543243748223	0.0004228697588642619	2
102618973624412901405	0.00042138457635060165	1
102200175417231899136	0.00042111390685915724	1
100113893728846123575	0.00042050088556706556	2
104595698623653863070	0.0004204312892141317	1
110801246970250123214	0.0004203971627928476	2
107104993341632204554	0.00042039078340723414	1
117538652293656395994	0.00042030608066457085	1
102313348468579132747	0.0004200321255006573	1
108440958693295511265	0.0004197619933621351	2
117440800608070428322	0.0004189476351627778	2
110692522921580153907	0.00041839965932469094	1
104023113964276937206	0.0004183792179300387	2
100743725447442502921	0.0004183792179300387	1
103197063675476736032	0.0004183792179300387	1
111365282087600317160	0.00041795285047035096	2
118225072890086333052	0.00041785241544150295	1
103729265970315886187	0.0004170992649030115	2
107938424762613608051	0.00041652497791371586	1
109795502005319949067	0.00041613676992529957	1
111580690845803972687	0.00041609046394817115	1
115783433697487191519	0.00041597877359169315	2
102358811584144006348	0.0004153088237282883	1
113082126848885774249	0.00041494894036695466	1
100682750104979237904	0.0004149181955202456	1
101325889391463889743	0.0004144249155977846	1
117811613233118718736	0.0004141606138888408	1
100254540977147179100	0.00041265467862251813	1
107367321037881705366	0.0004125222811094172	1
104707169684560224771	0.00041246370165227004	1
114473325992080135330	0.0004123121036434972	1
105307122700891838084	0.0004122632216869377	1
104135390008942230902	0.00041204874389257334	1
117115170288798542654	0.0004119297275100692	2
109879616923579051168	0.00041179900094697776	1
111764754316869949519	0.0004113892744978466	1
112803497925972506176	0.00041063950225627934	2
115950459566444630295	0.00041051287092583593	2
117223994457188027071	0.0004104629664599254	1
101802135854442797370	0.00040952564528225986	1
108965164133793342297	0.00040941387806123875	1
111682768278045432862	0.00040920132604904474	1
114109358033475557095	0.0004087681818637865	1
117847265991358523564	0.0004084427556803248	1
100078878374475798187	0.0004084098120615978	2
116360661659220925620	0.00040786553345545384	2
107952354333947445068	0.00040772543432649036	2
108172484409323965612	0.00040724350880814655	1
102503573464210184147	0.00040683304944852513	2
107804070296565459878	0.00040661780014961184	1
112745347790923628984	0.0004064001509418027	2
105389799977463075906	0.00040576164090936766	1
118014447384188316208	0.0004052856513537798	1
104657234754735818652	0.0004051965484938492	1
116848436511235870425	0.0004049384749009902	2
105740868424833330651	0.0004049268499206979	2
102567913505427533346	0.00040426670381886356	1
103265725040196114985	0.00040377331394171124	2
114116833275992871837	0.00040359111257375855	1
114206318263110605424	0.00040311396740833836	2
112713253274714848202	0.0004027605351168696	1
102902625410580020337	0.00040273925569022306	1
110403674278682288627	0.00040262760343927253	1
111255720846165115689	0.0004021609138045995	1
114518097158797553283	0.0004017474780554786	2
110872680209848450651	0.00040172370378655555	1
108958286033422167638	0.00040148271218601615	2
108145942486053400600	0.0004009036381921393	1
115334025826276681361	0.00040060498206987707	2
101739074761305730330	0.00040012477671325585	1
105842589798275587676	0.0003988659061656477	1
117750925255977689651	0.00039876049203704816	2
111509906069042272719	0.00039761280749650563	2
108186156877175709656	0.000396767378491832	1
106890632816478503353	0.0003965009721996616	2
104828307327495742132	0.0003961183662681817	1
106974494796937973389	0.0003960351214353391	2
108365517181587106756	0.00039581164736758183	2
100822674460181863531	0.00039485019218156534	1
101928220831375355212	0.0003946942081575792	1
107735463852757635702	0.0003939047850622508	1
116953101511527463831	0.00039369529500914955	2
100041278096196429823	0.0003932165172384372	1
116005508984353537141	0.0003931311075943733	2
113924468140133925897	0.00039306624187328374	1
102101676458721740056	0.00039301016539407946	2
114781733768882207731	0.0003929401015285	2
112913484150349941453	0.0003924482595778812	2
116595967470006523047	0.00039154782275498644	2
109744566135017200099	0.00039101602764916345	2
107195259403080639253	0.00039038740614648793	2
102831665227220244641	0.0003902672371405602	1
100249317670827106747	0.00039025382055368817	2
104584322313471697637	0.00039014000765374426	1
109023389884312980308	0.00038967466451362014	2
100845686758241484821	0.0003896296919464331	1
107204841083066083308	0.00038961890542695297	2
107795754164557092472	0.000389556312146609	3
108591415374085469592	0.00038952723544198294	1
113413259377846414756	0.00038854954964191176	1
110262216018743478098	0.0003884532763919564	1
109402458426797110286	0.00038800480337443486	1
105817808411979724233	0.00038770234256868145	1
100409692915143540078	0.000387699340100841	1
107100991398236552448	0.0003875271605098577	1
103934498584461808445	0.00038726580254641444	1
109435734596610253348	0.0003869533171514158	2
116224678314890192264	0.00038671514729796954	2
103452918388494679539	0.00038631201551404137	2
116635733481657432974	0.0003861047738656456	1
111802118519275235212	0.0003857128242543746	2
104172605235456337283	0.0003850962075657838	2
115558165321588976909	0.0003841476914655816	3
107244181382329628877	0.00038411402302762783	2
106465388417152903686	0.0003836795042505101	1
118331204511078835845	0.0003835883535313867	2
105149904523304597470	0.00038351073869045277	2
111467571863784432386	0.000383371054175502	1
112394073189243318795	0.0003830511609245969	2
102923542908465810060	0.00038269252845770404	1
103061751286930964606	0.0003821497744199259	2
108526869636425997920	0.0003818781345599826	2
101413984872013911017	0.0003818669182862127	1
115924787547381310437	0.0003815576322501617	1
108592492626878929409	0.00038115731511315044	2
112167619931817269636	0.00038082732776148747	2
111395336413321899601	0.0003806137849273139	2
114494415120007551811	0.0003805445025221043	2
104468325220385460810	0.00038031884271640847	2
105736363132830887409	0.0003801029595890999	2
112970980012435940193	0.000380061988667355	2
106985225777894422538	0.00038001515295790506	2
103210557789113405675	0.00037977771383059477	2
101644064684438565885	0.000379609641912753	2
117469254161260370390	0.00037916770563979234	1
109602707318554937554	0.00037850139236995375	1
111299398086174331820	0.0003784199282264033	2
116600660010359542514	0.0003784076670402748	2
108038272385419338752	0.000376691197354005	3
106519253237690493844	0.00037662969548884025	1
117572628201563148365	0.00037640265371329245	1
101279713658443982828	0.0003759331290626507	1
106145469678511903598	0.00037524180282636074	2
111785203767367841333	0.00037511650308228795	1
109071022939721915569	0.0003750909679743953	2
116706153803896610134	0.00037501540783926656	1
111154830774440434177	0.00037473172692865155	2
102299650130760903136	0.00037464175889841524	1
101188292687117521197	0.00037446725153939377	2
108841832325132447462	0.0003743572058162239	2
113702637309752822154	0.00037389271426243865	1
102257836016223453635	0.0003736420754358724	2
111623257688043413549	0.0003727859061304501	1
110733861070030030756	0.00037268239323967703	2
105920308210036883695	0.0003723382419790254	2
105647897153052672470	0.00037226386137793383	2
105090097813727726765	0.00037175837435206505	1
103975090628208208677	0.00037139701616729426	2
100981094128306703777	0.00037134666416814387	1
117895871179570276266	0.00037134666416814387	1
100404352969213892988	0.0003712909870494753	2
104959239343823460659	0.0003703874304114096	1
117989653555276812911	0.000370294281092136	1
114692534205176174033	0.000370167132758886	1
113298472630128932087	0.0003697764267128581	2
113735767187692818263	0.0003697186132333648	1
115301479188362996944	0.00036960368867947275	1
107527597142542760332	0.0003692861067919013	2
101257022865886917243	0.00036917520485036287	1
105353825031817385327	0.0003691530441789513	2
109580245554247104400	0.00036889911912681806	1
100706538401423794187	0.00036860601561585686	1
109868957506032979971	0.0003681646860195989	2
111112025676552476481	0.00036807411360946843	2
102958885594778683836	0.0003679174954395225	2
111461898615826577872	0.00036765221002386234	2
109139639454066616071	0.0003676481911305644	2
117862185251638475440	0.00036757900044794413	2
116052685905739497155	0.00036717916602404166	2
109514953772691828689	0.00036694664481093847	2
106843231388943252632	0.00036678295913851765	2
110653252938491780865	0.0003667599934029763	2
101578521156778759438	0.00036630948043646404	2
111591915134185053959	0.0003660250581617739	1
109440398756159359729	0.0003660250581617739	2
117006597120197469949	0.00036602445084241847	1
111235931132862419691	0.0003658192268770876	1
117139526704207434934	0.00036557090917326923	2
106515399960222511867	0.00036556334959346015	2
106343408208037165295	0.00036519166402005656	2
103349298830526506684	0.000365022739583169	2
103804663344631918364	0.00036499595524115897	1
107441363540562344623	0.00036490414416038403	1
103040064606340581204	0.0003648076120467848	2
116033514987434864583	0.0003643039702842575	2
117059655854597336228	0.00036407693846984824	2
102045379568573627093	0.0003640507180680974	1
101092451748723511266	0.00036402880174120117	2
102819601951340975332	0.0003639692145313373	1
110832757232205553423	0.0003638459243295348	2
111550407529980977602	0.00036379707168928023	2
106697990439321545773	0.00036353382158430865	2
107417175494677254389	0.0003634414706387745	2
117626789345166000865	0.0003632628437735955	2
115783794965589110885	0.00036274672719260783	2
100476028538979544872	0.00036272234213512936	2
100256917721000377378	0.00036265293949337967	1
106269381195811573244	0.0003624572636699903	2
100263556312049603251	0.0003624334004371905	2
117790991727782414288	0.00036233440693617905	2
111207601369830522483	0.00036233440693617905	2
108721533332320817427	0.00036217144352975107	1
110724521466741929088	0.0003621110308853574	1
112052311699854553980	0.0003621110308853574	1
103125033072979054061	0.0003620409950205697	1
114163977627053244970	0.00036197941309288066	1
117076560344374809655	0.0003616481250949153	1
104950987080776411366	0.0003616257692515497	1
111698736271993872736	0.0003615078313173881	1
103108686690862016503	0.0003611126847952795	2
111012025679849693029	0.00036072317669833096	1
116003173317666197115	0.0003606764381027712	1
101991942718893708688	0.0003606764381027712	1
100955790940479209019	0.00036058149074491325	1
110873294608206408076	0.00036058149074491325	1
115604434476479120037	0.00036007748342936695	2
104065229314342816079	0.00035994855694111347	1
113575786764459106032	0.0003598402887383605	2
102580844448507012861	0.0003598265915771144	2
105937359144973983227	0.000359614148030192	1
115744367121497635027	0.0003595603920944836	1
113466990871283459069	0.00035946998909703004	2
112264007058552411891	0.0003589892236464866	1
110914001757674084209	0.00035848772439770447	2
111206573985571880035	0.00035844860275169397	1
113520326117884248268	0.0003580754033716367	1
105849945688284580853	0.0003579187135343293	2
111394186183061959365	0.0003578679099893757	1
104687084595514519121	0.00035785780765710894	2
114128403856330399812	0.00035744390217625947	1
108850030774037828234	0.00035707247585145085	1
115753067401325872899	0.00035670519102204705	2
112838502596906088209	0.00035654620155544064	1
114174733691500372668	0.0003560972340537143	2
118256742706141559491	0.00035586108337941206	1
100585883873952386588	0.0003556539332768154	2
100438852388634452785	0.0003556539332768154	1
102068992772785531303	0.0003556539332768154	1
102588676612579097006	0.0003556539332768154	1
101477969101730691304	0.00035544828528541667	1
103319525177525643519	0.00035530936473272855	1
113385341103270852141	0.0003548165653461877	1
102599404030644248682	0.0003547565470761352	2
107937273108737007052	0.00035464889957613797	3
112893040969012292659	0.00035460353941382014	1
109700701973525815089	0.000354508008861389	1
118170100766232030233	0.00035431591096501177	2
100192177206468421799	0.0003538768544670008	2
107065336501862655756	0.0003537773854630726	1
108051021252725301009	0.0003537725528653421	2
101744616880415927118	0.00035325563030199047	2
113987248301500933670	0.00035307341607880284	1
108521220621797340420	0.00035307341607880284	2
111382451300271293204	0.0003525833485537408	1
115846431570128562213	0.0003515349902696038	2
115944395067441498798	0.0003513968076312033	1
100635257420145357600	0.0003513968076312033	1
115474770804712802102	0.00035086627574440097	1
115061995253482874549	0.00035057822916220277	1
105589337544765461860	0.00035031880067735636	1
101041324078144085298	0.00035031880067735636	1
100327017863569781027	0.00035031880067735636	2
117144433715717656565	0.00035031880067735636	1
112167537071236360448	0.0003496915481465833	2
117301273827969054249	0.000348359986364703	2
104476950632308886760	0.0003469961449168046	1
111875380892749915398	0.00034675280333214053	1
118216100126940723344	0.0003443378446024962	2
112549865623022776088	0.0003440615373776872	2
114928198262227163707	0.00034341309204390943	2
115480174184871138471	0.00034338848113809716	1
105412390488287120602	0.00034337771210047306	2
117343149105379821488	0.00034223289218598724	2
106578704499211286051	0.00034124647012233713	2
104199266395071496994	0.0003406207452231884	2
113898542716176054241	0.00033936341800284785	2
108096915458146487046	0.0003393213157291224	1
101258367571562315674	0.0003391594702064288	1
102103830956994230082	0.0003391594702064288	3
107945088178681074058	0.0003384415172284406	1
116285133182957012612	0.00033763040737045974	2
115877100247789175365	0.0003374408741757361	2
112603587814890164052	0.00033421587848651434	1
113290672035628347544	0.00033279936973396165	1
107943540329676173595	0.0003322952747710007	1
114440260197720874095	0.0003322952747710007	2
104382762618096318900	0.00033126989646249915	1
108156225708934962939	0.00033124420966793364	2
110531464097678520138	0.0003310906992239551	1
106339855245689661753	0.0003310906992239551	1
114517202259102443833	0.0003310906992239551	1
112586149667607531498	0.00033056282614461643	1
118383955317878396135	0.0003300860531452512	1
111139647925391222409	0.00032730358611324017	1
108363124137384337207	0.000326103821586453	1
101284351122630201972	0.0003251731832863101	1
102541862239609848647	0.0003251409189349675	1
117836439636811926669	0.0003248341073008962	1
103852324975670734161	0.0003244811225363547	1
114141781680337881069	0.0003243816137980891	1
115062795997278686282	0.0003243816137980891	1
113354567879028830295	0.0003243816137980891	1
107455323561998387725	0.00032362691938824824	2
118309734715241976580	0.00032362691938824824	1
114486238542003375762	0.00032362691938824824	1
