#node_label	#score	#gender
109895887909967698705	0.005004220227133407	2
111091089527727420853	0.004274622754643132	1
105237212888595777019	0.004125542467618864	1
107117483540235115863	0.003851242000349134	1
106189723444098348646	0.003793076036774228	1
112063946124358686266	0.0037283516499479	1
104987932455782713675	0.003593389529048827	1
107940613488592745009	0.0034260905487288815	1
118418436905562612953	0.0033244230542130437	2
113116318008017777871	0.0032755073323700403	1
113612142759476883204	0.0029624322709712603	2
100535338638690515335	0.0029436829921568953	1
109330684746468207713	0.00291392656707186	1
110318982509514011806	0.0028505464076683663	1
108176814619778619437	0.0028152326107756236	1
113117251731252114390	0.0027165902590835216	1
107264515902167457136	0.0026819215517238557	1
101145980349117737014	0.0026816191670097056	1
102476152658204495450	0.002605747452860986	2
114536133164105123829	0.00254901958890885	2
111873853137122484021	0.002489336267235176	1
108159551615224338529	0.002368349691779007	2
118320665823821681206	0.002337059831971629	1
114394128653474707020	0.0022957848745841633	1
107459220492917008623	0.0022188692764133397	1
105421360534824524100	0.0021860774442454176	1
102518365620075109973	0.0021756006474378895	1
107362628080904735459	0.0021146807435201524	1
102871123574468799566	0.0020960623001574333	1
102976465024742837897	0.0020890409723281077	2
108527329601014444443	0.002075178211277277	2
103216887847401478447	0.0020537184745006557	1
113217924531763968801	0.0020376624405427893	1
107982618909749811163	0.002012320248115453	2
105547060999578080024	0.0019994306997996765	2
107543460658107759808	0.0019712421206444933	1
100892612779426154375	0.0019558597435203667	1
100612175927429294541	0.001935787417038657	1
102533732658641069172	0.001909246540679617	2
113097851206100618060	0.0019076617777378706	2
108384201920217141722	0.0019074648851324756	1
108470782772821648496	0.0018678699394738942	2
103761326311610249621	0.001856449806163736	1
101373961279443806744	0.0018515553337195363	1
115204805503581947511	0.001804459530175633	1
100968313568314999910	0.0017975764939366806	1
114089069528015035598	0.001793843586466869	1
100733334063966339322	0.0017780722987312792	2
110168117080267015976	0.0017755525564707108	1
106758488395906535821	0.0017718930319688773	2
105706178492556563330	0.0017636396002324397	1
114056084994793924628	0.001763166290405131	1
112339769006469685593	0.0017620543012081217	1
111058843129764709244	0.0017320406414506793	1
103907806627406122152	0.0017297647587128906	3
115143234371607892983	0.001723334859019191	1
107383157816966336384	0.0017217020752017616	1
106176762220398854458	0.0017127354256849519	1
105336425684208963598	0.0017036839647982726	2
113067760031784364231	0.0016752192148855836	2
101765416973555767821	0.0016639345126313035	2
116247667398036716276	0.001660850586987231	1
102615863344410467759	0.0016592070851805666	2
105001226804902733960	0.001652877304449804	2
118301801570268856235	0.00164918022896518	1
114618043230336563405	0.001632200374007785	2
107013418740229269209	0.001616821098842655	1
115614791007645952267	0.0016150944981353145	2
113186623583029971455	0.0016149857222772534	2
101059049290567215584	0.0015907393558057007	1
107420422968461975442	0.0015800960486234555	2
103233967921245494760	0.0015713660774995812	2
105489064367742025310	0.001567228522898654	2
116043947632177598920	0.0015632843658471252	1
114025996339678208608	0.0015558704289306182	1
114764567692252908296	0.0015407405936817536	2
110036682383342142442	0.0015355277482379584	1
108032623298499022371	0.0015352281635027758	1
111048918866742956374	0.001524131840002236	1
115121555137256496805	0.0015234622198282814	1
118058794383720702307	0.0015143859345815856	2
106831762557971378854	0.0015121125053319548	1
115924865466302265389	0.001506892463204566	1
109610954243983229925	0.0014985677858630742	3
108112557629934458248	0.0014971440947397323	2
113859540036726448291	0.0014898700042845054	2
113027837615023628132	0.001484416279961785	1
105046530334806680420	0.0014829607119164886	1
107742059751171695340	0.0014818736463592282	2
105875140491203787369	0.0014732527758224033	1
116640923223897011110	0.001472799230992707	2
109602109099036550366	0.001466587165159113	1
105390485883966445268	0.001466006026739191	1
113027287369712034675	0.0014627034021849439	1
104316443417435189825	0.0014589945000034207	1
105248484118148978714	0.0014453840145924267	1
114153859732710523651	0.0014448392577773419	2
107958711860940415885	0.0014432503419720324	1
108541235642523883716	0.0014386054702736262	1
111562638514922412630	0.0014353579138807974	1
100715328241636136414	0.0014308245182440068	1
109774951215877430341	0.0014302051310402526	1
116825083494890429556	0.0014299851755351421	1
118274547296450170219	0.0014299848551612266	1
116834613510435630346	0.0014283485753808132	1
104672614700283598130	0.0014254094104029277	2
102221942940843100503	0.0014223774862981808	2
102618047349606277909	0.0014221835245344535	1
115653522232867695783	0.0014214313491527541	1
113881433443048137993	0.001415906826080156	2
103236949470535942612	0.0014087966772744606	1
102958145054444947691	0.0014060810101053684	1
104129971305612636060	0.0014006548547620804	1
111112809838472063992	0.0013975864372562897	1
106133480923323663427	0.001391444048828274	1
110806949181190360839	0.0013738306449214404	2
105873814765821560444	0.001371781662501709	2
107707592416977920764	0.001368843743627583	1
109447323719942836871	0.0013574349537205984	1
110486517623939606418	0.0013526816496504852	1
104016949609489688294	0.0013414669467436931	1
108924136210249299218	0.0013402216569062006	1
108719090649071657338	0.001337232287864163	1
110548244043172681974	0.001332567190133052	1
100377493270775536948	0.0013286398471086757	1
115058384974405026221	0.0013285800910744763	1
116219534929662479848	0.0013265852727017183	1
102755548808767411605	0.0013233475406509417	2
107542632252660344559	0.0013194485978126305	1
109596373340495798827	0.0013036949650640328	1
117429320390907645600	0.0013005110295367997	1
104577357381178665210	0.0013004266002522142	2
113531415437983740096	0.0012993858441236353	2
107590093667978669374	0.0012977392002604263	1
115602572254983357301	0.0012943560837179267	1
100605864222557374608	0.0012918944445672635	1
112931539494181042672	0.001288116045324871	2
114707910756425953932	0.001287437748823271	1
100651621769656849775	0.0012784683623590413	2
102541295037745440355	0.0012778305955314017	1
115655034901162574758	0.0012687125297100171	2
113654461547690050667	0.001266290296351406	1
104241567849916091297	0.0012631516146993024	2
111890945016831896743	0.001256232817297889	1
110255737428907780217	0.00125561098942825	1
114516047414042281846	0.001253660918030276	1
116071275946594200077	0.0012531069866953217	2
109514475488698891798	0.0012524779350015591	1
114051322401103919567	0.001240869325976884	1
102001774674190160714	0.0012405697436726453	1
114559845119114226260	0.0012398287870390929	1
106322266355568739242	0.0012390621252993095	1
118146622799388835070	0.0012350236402234973	1
112369916221417513808	0.0012335312597574046	1
101348397943983026449	0.0012299676052715347	1
114228869493885222559	0.0012214620501730699	2
106393478695568433143	0.0012205829850983117	1
114122960748905067938	0.001219861614556946	1
107951196831144721116	0.0012133979653296417	1
114482821185152912812	0.0012122923675833466	1
114853458007065354930	0.0012088683015540466	1
110581693083408452344	0.0012067843893069812	1
110971010308065250763	0.0012034737749118765	1
118208834515255752193	0.0011970720730742983	2
109201681846030076792	0.0011967202327551705	1
117937415022745482256	0.0011928674141020589	1
116682290311789132796	0.0011924874388425967	2
102239645172983099492	0.0011878909927955231	1
110765037159669773691	0.0011847813275001075	1
107538503004482952974	0.0011829474902542993	1
109177683659525760187	0.001182329624833183	2
111402735079180150346	0.0011777725872686988	1
115428993145818153559	0.0011775195669640583	1
111674748486766258557	0.0011765279051297879	1
111862324534985995584	0.0011757603342161143	2
114146479114949843175	0.0011734748686958653	1
107408720924877751027	0.0011696531503348946	2
113826445430709315059	0.001167038856445216	1
105474544524715065767	0.0011623948864870953	1
117884476143887009277	0.0011611360949305134	1
116119893029262153595	0.0011578762787428298	1
103984263629438381785	0.0011535287387632585	2
104166683851434520973	0.0011535269283458752	1
111718830236077991058	0.001152529686542579	1
118239708588385194858	0.001149951010209797	2
114468593663912084118	0.0011492128637696014	1
103226166584311556924	0.0011462057812334093	1
110738178351405818606	0.001144336480074537	2
107126665887970596868	0.0011428330324259326	2
101103242784230519197	0.001140605178157736	1
105209854925481789028	0.0011390149829285817	1
115135005437142391944	0.0011384935659035887	1
109940597696193991152	0.0011357418048305455	1
100519245975462538531	0.0011327169990016776	2
104723167398398004122	0.0011306862595013662	1
115603501102777898212	0.001130562643682513	2
109718346641639271496	0.0011283143372766685	1
101248054507015265353	0.001127599701998051	1
116354326277822099288	0.00112488592406325	1
118229828410918651716	0.0011189717023544854	1
100048100630151349283	0.0011179471609422064	2
114338270254521043906	0.0011174719965112722	1
116601386475273901307	0.0011118271837945509	2
103333429938529668020	0.001110974802653273	1
117344786984788205452	0.0011069721321776641	1
114579585661410116649	0.0011056235572429979	1
107490600889040777735	0.0011018225516450373	2
106687590803153376067	0.0010983633621711605	1
107185271908509011656	0.0010971050100461164	1
106772544387169323774	0.001096963722493056	1
112801448828869860546	0.0010955673068267643	1
111584384391407513657	0.0010923584891724492	1
100932195479763784248	0.001090817927192076	1
100188557028585168265	0.0010901018943317003	2
116931379084245069738	0.0010898125823305008	1
105786329165387175660	0.0010891821647206978	1
107307708524394964276	0.001088994268971874	1
106407963814165910213	0.0010866476262340063	2
115249860954021772424	0.0010861905242793846	2
112999253285147253060	0.0010857928221515544	2
107534991451098430533	0.0010844543810761224	1
102518571087840972824	0.0010785985896867288	2
115958398724943172938	0.0010736957041320803	1
101832053372535369591	0.0010702348551527416	1
117597061540365781107	0.001070148734155582	1
103175165792566231292	0.0010681402785751978	1
109397461154116413309	0.0010647119542846243	1
110287894893102510451	0.0010631273377982031	1
117136543430366556878	0.001062909253461032	2
111975224012018194892	0.0010611752102372219	2
112528443699803395789	0.0010593135948122837	1
112401605196934673030	0.0010556297148762255	1
108904607472189043979	0.0010545349047011105	2
107066609145001672622	0.0010481532910399127	2
108586778317771300452	0.001047841859080872	1
113381419568450917747	0.001047416783718547	1
103899043917116388673	0.0010471325712500142	1
103481047858421470011	0.001046128927185615	1
104441415299714065572	0.0010413770454880402	1
115403856867272859027	0.001040615730148597	1
118342749723004617709	0.0010384605898847506	1
112011605270017123101	0.0010364726844877305	2
118212287532576682853	0.0010360329502860544	1
103150328351925153314	0.0010351283874884846	2
110918518132080106257	0.0010344852528964266	1
114452583189695653393	0.0010317990609456222	1
118112346708818508960	0.001031734137883806	1
105611889600461566935	0.0010300826853650974	2
104087812869056701482	0.0010296873310481557	2
108065304398648112883	0.0010293181600154091	1
103636214904400746295	0.0010291740857470456	2
112069484480728694214	0.0010259008614708935	2
101153468639331529713	0.0010252425427688284	1
109960739367065180670	0.0010231723355108619	1
117555990096315491864	0.0010222425901559324	1
108855200241623204226	0.0010218355613902694	2
111907009595057957530	0.001020697927603758	1
104857406109954440836	0.001020501068638322	1
100584890113273950739	0.0010199648443988485	2
103094610310978659623	0.0010194309733783846	1
106445486315230745362	0.0010184094729156557	1
103293516438378653921	0.0010182801592072798	1
105662441312581584585	0.0010149063019820913	2
106002545837976723927	0.0010147100901717004	2
105670280103726644454	0.0010078811386122033	2
111124930081935539248	0.0010067311620296428	1
117880813751228693103	0.001005989049949813	2
102170431816592344972	0.0010032293889323694	1
101263615503715477581	0.001003002031043076	1
105213636585253009224	0.0009994560411941108	2
103984595971776502972	0.0009971365198905306	1
106382433884876652170	0.0009967240922248164	1
118340132086483099005	0.0009943071055561372	1
117442880245907942763	0.0009928287029217163	2
117186458716523937136	0.000983402966401237	1
117327973844438638644	0.000982910507990069	2
112444894894322397484	0.000982423639672226	2
108034523839257798935	0.0009817651088994451	1
117149101099765677901	0.000976938877357983	1
106131533046921693069	0.0009763654671462779	2
101437802758827481019	0.0009745199716218159	2
118163822095608736409	0.000973303613408569	2
109410878385939067590	0.000972935038413439	2
102365188638805021921	0.0009713864028170222	1
115275485457246100819	0.0009695125715993207	1
110807748106301476611	0.0009686365640653902	2
109876467727174291780	0.0009682018125925067	1
114991304070189283747	0.0009663576417448746	1
115687178185726009185	0.0009641290799693772	1
104304812570369572837	0.0009639037705071172	1
117105764275907696041	0.0009635325166650948	1
116318044389289937577	0.0009617907111650393	2
117251401224388113104	0.0009610195012645644	1
105804664540125819976	0.0009571566513670825	2
100458759797322732511	0.0009563441311993852	1
118224776879738188902	0.0009562137745591579	1
104265751273656254845	0.00095486599103964	1
117491021008888340305	0.0009542626211126838	2
111022243600121278114	0.000954244127906026	2
114672443824698058678	0.0009514213102022285	1
113284787225540728296	0.0009513930130057397	1
109734221326849566494	0.0009513481761360394	1
115811608074199996286	0.0009507907774408146	1
107342445128902420647	0.0009506919613859279	1
109109427803573497734	0.00094908072952492	1
111548137920489485631	0.0009467700713930922	1
101789011227801183737	0.0009453298455263147	2
106244331832224111960	0.0009445409710592894	2
103684974087620751394	0.0009442275050512352	1
102171675631622616190	0.0009433615875581852	2
113181621354351021235	0.0009428190064852224	1
104591893998825912318	0.0009421399272223609	2
106630570316122323308	0.000941395017428164	2
111060030077135962736	0.0009408630861683425	1
104426521002896211164	0.0009405908426770346	1
103197072119870191855	0.0009388996672316229	1
107773073025291449903	0.0009361642012520955	1
110260890556821654420	0.0009351548022707254	2
110335337318317731419	0.0009307694112194877	1
109485737892460402457	0.0009301501584220135	2
105966702668067411573	0.0009285157971067787	1
103090889232468301451	0.000928242436213944	1
102076033841555832518	0.0009268809052263198	1
105119763784866168573	0.0009247953570906842	2
100267777884892163462	0.0009240480543741536	1
110005870117760401605	0.0009233248928305422	1
103784452522248646050	0.0009226928459368114	1
118339706248486457324	0.0009212949566022203	1
101432770709896418691	0.0009208968326156427	2
105161232143858721168	0.0009200665361566351	1
116581478643467215892	0.0009198817971663199	2
114330674492518947055	0.0009197580589924061	2
112507886156998828584	0.0009173608788715312	2
107189810823071706764	0.0009165065460254244	1
100764366777854207244	0.0009159249918573801	2
114195458404542931606	0.0009157339614877098	1
117668392750579292609	0.0009152934216736154	1
113869720201946939140	0.0009146917571670847	2
118157552622616628536	0.0009145449302886671	1
115590741447197562412	0.0009141125516669189	2
104436379622461086947	0.000913086453889865	2
115389971856894286101	0.0009075040817456572	1
105894760755439344491	0.0009060646018798997	2
106667729510464379826	0.0009053946000137812	1
100616009114067625121	0.0009045666878450074	2
101579422741533419411	0.0009042189857749942	1
107192195569453684660	0.0009020301610289206	1
112529106092946833762	0.0008999368496477539	1
109782743775362085383	0.0008994548924749036	2
114208209189461132868	0.0008991888242038195	2
111731578349856195951	0.0008987698036813493	1
115605115857817552535	0.0008984030403145363	2
103776299476527190352	0.0008983397969123392	1
108866766699357318662	0.0008980708687121795	2
102788829471779007841	0.0008973825080624018	1
116111409898168592074	0.0008970477546284523	2
113987996740403605089	0.0008960306917181631	1
110193533410016731852	0.0008955937498287229	1
104857187449120013195	0.0008950471539969271	2
103239560454875806844	0.0008946351443711926	1
107010147434202364332	0.0008944195218462216	1
110404902994335579225	0.0008940468910023692	1
100080670028138179312	0.0008934027504524245	1
103612871313139094390	0.0008919262650515455	3
103604193838758665134	0.0008910515666521839	1
104119324947337436102	0.0008908989476091619	1
109643446607047710612	0.0008899720544582608	1
106488284533523054088	0.0008896872044456428	1
105271498619135161075	0.000888366200203614	2
112632260187323187916	0.0008849518694691604	1
111771137426879353123	0.0008847843910517639	2
111532818340136087829	0.0008843531866967182	2
100382758901355515850	0.0008827475504852783	1
111267975895881595717	0.0008815536569658047	2
111491466248379228198	0.0008815080680603239	1
101732605149957891826	0.0008809053306766926	1
108270712126515524163	0.0008805103860167261	2
104328553869453938019	0.0008799593548073147	2
110304595006233532529	0.0008795120752910243	1
110970478049227720359	0.0008790391345381331	1
116426856572060857037	0.000878816985016174	2
110949655967512985542	0.0008783041572294625	1
104083130541705011920	0.000875634122800137	2
110806755301520450833	0.0008751793092671416	2
110200115381518276083	0.0008728096199786705	1
105607680428558991633	0.0008726017566980432	2
110815228753558444774	0.0008709943522298003	1
116941330319027747519	0.0008699169256451095	2
115188225931820970468	0.0008697194394200231	2
115868797658348406026	0.0008687457675656159	1
115074742580527848126	0.0008667870113926644	2
117399283230241619463	0.0008630466616030535	2
109018224010056005635	0.0008620320296639513	1
113381483153888636532	0.0008614988484522334	2
118333009720408143699	0.0008614538682343521	2
104028329852681318179	0.0008610647558804345	2
103145406846784293020	0.0008601233906929105	2
109080723668547114837	0.0008600759602657693	1
103886753187082859922	0.0008598494772911027	1
107632017202083922980	0.0008591038418068789	1
108538588905235310311	0.0008588946576995214	2
118114557675104381720	0.0008578681345888941	2
113797508378819391794	0.0008576264926800452	1
107639567933788693074	0.0008572046046630283	2
103102581616407808980	0.0008565321014439069	2
103159555629815965457	0.0008554758519760975	1
109560997737123153381	0.0008551085417935701	2
106956977736353271405	0.000854146534156437	2
107516591509355176463	0.0008540485756902937	1
111749052209901260440	0.000852625204303882	1
115585398292418640701	0.0008519860698165747	1
117888860379667170672	0.000850680571545357	1
114335257693284472091	0.000849051542454993	1
115589129717097285211	0.0008474323197444522	1
113603343041402440854	0.0008471662304178289	1
108862391031743001286	0.0008466449111128741	1
109043804130056015419	0.0008463806231200424	1
104515053455533706984	0.0008462206761390592	2
100619767619036001799	0.0008461943108109798	1
108091327114614335688	0.0008451795990836643	2
118116012134541220798	0.0008447500608541924	1
113055030863291439319	0.0008436396819536838	1
110001339139979553061	0.0008431058656349936	1
111585581956730395692	0.0008419747132003726	2
107174603951133855584	0.0008412373596285907	1
114834647370494857382	0.0008404075621143392	1
101826850200845604590	0.0008395146361248201	1
100583643768601491449	0.0008391697817575736	1
115724883099396204735	0.0008379400362810137	1
107291158434082397409	0.0008363939306584062	1
109136095613943961344	0.0008363623397661511	1
100566894659845026162	0.0008361627214132554	2
114924205158387502434	0.0008360906517137644	1
110807482166400328009	0.0008359366956616275	1
115412313902463340881	0.0008356690068851266	1
114954712448394413847	0.0008349522470161286	2
115666311934488754009	0.0008337954236638245	1
107966083689010962220	0.0008331454815773149	1
115632939368970139294	0.0008327752909364809	1
113813534502443050477	0.0008309375163396103	1
100324134371388101482	0.0008296832624072869	1
110747746419769300628	0.0008290141921292562	1
106036588985851683922	0.000826118783673662	1
109328612626879131592	0.0008260262411647942	1
108076675731922659261	0.0008239305529586402	2
112005390393978914665	0.000823063245760775	2
108801899952694316017	0.0008227012679336665	1
104119608064940163872	0.0008217466486103155	1
103914809547503560483	0.0008216170744127767	1
104690520406213149052	0.0008209950047298863	1
113607881597695397209	0.0008206714310296751	2
111736689735286263019	0.0008191279806258993	1
103928549898366062378	0.0008162814566988492	3
111991738421750230329	0.0008150186480207433	1
104748703648593159544	0.0008136167178201879	2
114551199693334565912	0.0008133863641048069	1
117939436980939541352	0.0008125049838709062	2
103589891874297491840	0.0008116056106929048	1
113998295683387625628	0.0008112851073898426	2
110782237476873083485	0.0008097135911363453	1
115846057510297592992	0.000809443399966625	2
111531284607886845559	0.0008092898501044144	2
109129654499278135352	0.0008085390377861098	1
108006437472813923338	0.0008082310938496392	1
103462873333877980961	0.0008080514521332915	2
111947940749970154249	0.0008078416715566726	1
101170454445449447714	0.0008077144558397474	1
100882994243294441475	0.0008070944729930501	1
117611181638655435522	0.000805397596405644	2
105149372392469422435	0.0008043801568302564	1
101822180524655938027	0.0008038450197407091	1
100546319093288424712	0.0008038014743281793	1
114205886464523850911	0.0008034945441148615	1
109479560363527324813	0.0008030582131294661	2
105980354203966235008	0.0008022206465533159	1
114531070097717314226	0.0008020149975508696	2
104013835962992611989	0.0008010328203617841	1
115956363612512643809	0.0008004404778933684	1
116672392011502086691	0.0007999307470065724	1
115891230387484725858	0.0007977551931433664	2
115308712253982266050	0.0007968685680543253	1
117749865363674826272	0.0007967144721551322	2
113856006709781039744	0.0007956926974223627	1
106728288712777899597	0.0007949003207239694	2
101170858167877590028	0.0007942499949725823	1
101885535290923906476	0.0007941638835037908	1
106653678649405633861	0.0007940590895553249	1
108539654154324707715	0.0007931045079542174	2
114772370404010974598	0.0007928296603503793	2
115395854124808916911	0.0007926239108588645	1
105248358908992136650	0.000791224145338566	1
111757923159267695683	0.0007903379464826281	2
107828564012543852080	0.0007879129307943618	2
105466596306740968847	0.0007878718339620283	2
116052312205661322001	0.0007874259823814197	2
116229616134152031538	0.000787055735555236	2
103226907226789753873	0.0007864127027220832	1
101464943528130253130	0.0007862168558403432	1
100016110681991167609	0.0007857082830389544	1
108376085312377399512	0.0007837177841158503	1
114163495703494102790	0.0007812484009969356	1
107956499508732734817	0.000780141367501761	1
105109887978663844296	0.0007794373739981163	1
111815222087196377960	0.000779027138983774	1
113102854369709041551	0.0007790221292711189	1
108145942486053400600	0.0007790043241708675	1
105183263336863590364	0.0007787610020187181	1
115351123265607800199	0.0007779863851111802	1
114437821607569957251	0.0007779015208655281	1
103731219545826185431	0.0007775994663042421	2
111246222621577046613	0.000777543746202087	2
110788689115113965536	0.0007737999282042117	1
110064570672000384617	0.0007736757119855178	1
115694135638787408724	0.0007731639992078038	1
115314883913773500000	0.0007731490328051118	1
107169475135045361140	0.0007727315515358986	1
109723709937833717563	0.0007719555580019261	2
117950453145750849911	0.0007708051759811976	1
102826652809724883705	0.0007706716943142632	1
115143221847216992108	0.0007701450942208103	1
116577269515221310405	0.0007700699242618745	1
111174860133952172483	0.0007700132792589508	1
115291834251772471034	0.0007697587591891398	2
111051039748078110427	0.0007694037351123735	1
104927293172660676732	0.0007691530362952542	1
118369384868249491237	0.0007678431254351262	1
108597452361152433617	0.0007676175834978104	1
101975133966831452277	0.0007675449244694411	1
112855886072993423409	0.0007673194185082736	2
117682073377635126182	0.0007666496408223597	2
109925450421274121160	0.0007664317723039158	1
105599664704240121887	0.0007663504838480455	2
110906328246114022891	0.0007660918239450662	2
101319199068187021366	0.000764899247476299	1
114368038757570758124	0.0007640921107316524	1
112537342335864964096	0.000763844404224521	2
103618862132298404107	0.0007634877346685757	1
103903198087988193655	0.00076314903148854	1
110495386740742342449	0.0007609084456309651	1
103364024324721115547	0.0007605681788594512	1
105656572281780568085	0.000760534275315994	1
111112297042090413630	0.0007601851857669075	1
117105039195451218708	0.0007595164978967384	1
102510959683814539027	0.0007591101760428107	1
111658704299574083731	0.0007590861059348592	1
113402608391165594923	0.0007582043793510076	1
117627559431013489137	0.0007579854757095438	2
115648054840814963877	0.0007573014302731493	2
115213854582147469450	0.0007559633541630879	2
102536973315470425722	0.0007548022130710577	2
111144389496315143142	0.0007546734875395177	2
113896907556049130248	0.0007542433501767955	2
102425186530108954705	0.0007531813507433724	2
111935566152570666802	0.0007526853979322371	1
103743130668254264029	0.0007525599364192256	2
101077364858945217404	0.0007521672598520778	1
114172211069297965139	0.000750917401788205	2
106737452392271403669	0.0007506440472045562	1
111183020303927203995	0.0007506043402542968	2
116717920049025692043	0.0007494638153233177	2
106228758905254036967	0.0007487344376573917	1
117540092106869387764	0.0007482049131798433	2
101062426971907362935	0.0007481301935775398	1
102471833540021278727	0.0007471043815834048	1
115023338901292822064	0.0007438671334962751	1
106990629754929211946	0.0007430104185563366	1
107889816939032412666	0.0007416225748225922	1
108087889322682448672	0.000741551802541827	1
116131376648788686380	0.0007413076373833136	2
103838735334599733290	0.0007405601784366887	1
104922136166865782431	0.0007396364139430672	1
111919768120748204416	0.000739587916174471	1
109463927318757525515	0.0007381689380777739	1
113776708945894269091	0.0007374162592091241	1
107747666102379771298	0.000736570608158484	1
112135727624940296832	0.0007364445177059718	1
100827290280215599618	0.0007361845866469146	3
100598525921317755223	0.0007359332180695351	1
109130886479781915270	0.0007356510733547651	1
110817132422072935212	0.0007351039893382715	1
105508666909703535708	0.000734846208973921	1
112016242624005519460	0.0007340145839709871	2
100482942881898107570	0.0007339072810541159	1
109611304552390459456	0.0007328012448423063	2
101338956056712732970	0.0007325617411581319	1
105882590955173131262	0.0007317533773815873	1
112281123502975004686	0.00073107539249872	1
111178132882432270750	0.0007307913709094101	2
106250234179615025320	0.0007301273044197653	3
106777383482946175314	0.0007292323715533664	1
114318197127028344684	0.0007285285038604288	1
100889510556913995048	0.000727548169153351	1
105637423694027427561	0.000727079375678015	1
115981891654314432186	0.0007266750074200504	1
116422235088926068596	0.0007259575369602258	1
106170102981460245504	0.0007258316526981639	1
103673601952617127321	0.0007257790350610441	3
113180375618328351247	0.0007252735092556878	2
107385631008475075897	0.0007239848798086827	1
117087402937869787406	0.0007230116336147864	1
105380789526486529070	0.0007223289183103307	2
114771302128021571825	0.0007209248096366498	1
112995526873937214223	0.0007192959742638883	2
115659255952431552297	0.0007188838137850675	2
112050047245724905079	0.0007186690426085522	2
113155803557968243580	0.0007185564526308944	1
100031852932201570050	0.0007182061116800622	1
105238127119688476290	0.0007178458631630791	1
118197341263476239819	0.00071657819736947	1
116000959328274308893	0.0007162800067969557	1
104929002613057250780	0.0007154108871669894	1
104573829304008843709	0.0007153005229433831	2
115380981948224185206	0.0007150382201649171	1
113411651446816733455	0.0007149196079286795	2
101640695827845658690	0.0007145848461222969	1
108693062865444341500	0.0007137618379775346	2
113570271720733251759	0.0007132282520658302	2
104560663072173100039	0.0007124983320492815	1
109610870821967806849	0.0007115769306441412	1
111742075541654959004	0.0007099841785210858	1
118247641373061037233	0.0007099695068794244	1
112904193035852658923	0.0007074386429535434	1
118225072890086333052	0.0007058059529285756	1
112610251797631908171	0.0007048932533775965	1
116337470434095717442	0.0007045193663939288	2
108258998494605140446	0.0007033498681843545	1
103797883802077039230	0.0007027558872410705	2
108346637271615594833	0.0007024730551996037	1
110213253066194075593	0.0007022723058742273	2
111925802087694731213	0.0007020951952283398	1
106660584659892866650	0.0007018561441055891	2
108254994768513256657	0.0007012384079559712	2
115855207434019427246	0.0007000212716936351	1
113255240335204167235	0.0006997506163144351	1
102422142153712608274	0.0006995433438139105	1
103885915853832286234	0.0006989387197599004	1
112507990251148189537	0.0006986913821758671	2
104948668561035704355	0.0006984030648381183	1
112678702228711889851	0.0006977814806109774	1
101924354787768199796	0.0006975900061884788	1
113789110566197571887	0.0006964589933129301	2
118370548304204473212	0.0006953842060463483	1
115598567587429372949	0.0006953263120692241	1
115644140961688148645	0.0006946189619925536	2
105788008092694912627	0.0006942988433801692	2
100329698645326486178	0.000694275820319718	1
103637162978776725632	0.0006928315538203928	1
102517484322947859174	0.0006927313834410488	1
113859970559545588569	0.0006921227980894272	1
102812289820522889148	0.0006906223856913609	2
116087718068222355792	0.0006902934431167614	1
115940511630531767202	0.0006902908692915254	1
103773583497308984430	0.0006900430691730329	1
100940526701263911236	0.0006884170948252932	1
102588676612579097006	0.000687517742800489	1
118050849940309986243	0.0006872709945742373	1
118218413582579972776	0.0006867168737160125	1
114542752454519869265	0.0006862302538972053	2
105421057423009814548	0.0006860629107328925	2
118379821279745746467	0.000686052511750633	1
103482597835543369404	0.0006859668176106449	1
107985102860141845294	0.0006856106866049295	2
114110327402201135668	0.0006855905541890172	1
110279358252896773102	0.0006849784757846772	2
109331277868417982438	0.0006847042681103483	1
113401119478139089083	0.0006841510513808718	2
105403551499145023558	0.0006839599704892326	1
100075009354696937908	0.0006827351177492421	2
116497515893408415968	0.0006822251857389286	1
104131145417492243218	0.0006820591789717269	1
117949314904695168818	0.0006819754683456483	1
108282121506388079527	0.0006816444159214885	1
115750528894734726151	0.0006815851356390447	2
110607854570815877398	0.0006813824130439436	1
104651858239149478872	0.0006807428435580805	2
116267384604818495277	0.0006805279544521329	1
111697857700553321716	0.0006790142105963232	1
101445247481137522686	0.0006785307938243459	2
113237599575891059317	0.0006784959691674955	1
101546155389441427768	0.0006784523330865381	1
110983216869631462009	0.0006753096196286451	2
111225258941398375319	0.0006745139709351273	1
102173349122411290580	0.000674398248428922	2
102242429834511779076	0.0006737934201178631	1
109593947004281665697	0.0006737688467836714	1
106649929935339369458	0.0006735063539361043	1
101473672838996083189	0.0006732366595297908	1
116702854728559432520	0.0006726490629732875	1
110507996978242488651	0.0006723782639606502	1
111112219933154879358	0.0006709657249689804	1
115801986383089722924	0.0006704286944370153	2
102225207181125422398	0.0006702557527803068	1
101767132811999930647	0.0006702366547317151	1
106001943352945319940	0.0006694430139499549	2
103423896242493726696	0.000668244771881924	1
109708632267514741537	0.0006682012440588591	2
105065317973590246539	0.0006681424207850342	2
112761831923510245085	0.0006675131342281402	2
116817338726035926918	0.0006670210615933999	1
105646458226420473639	0.0006669934602555356	1
103426958710574056540	0.0006666232921774814	1
118359327676609567435	0.000666594086734228	1
115435548586239976642	0.0006658251572650286	1
100918125432083359583	0.0006653905328137848	1
118269717526175136537	0.0006652748923094574	2
109581009913766956324	0.0006650580513433326	1
104584322313471697637	0.0006633567802534843	1
117437841282077965369	0.0006633254160278446	1
102371306159232675813	0.0006630791975195242	2
112917458914220960884	0.000662922504860682	1
112360867913985105653	0.0006627780780397901	2
103512594611582732408	0.0006613143791336616	1
107048563193682425629	0.0006613114135298275	1
111679645452844346991	0.000660416359409038	1
113898697956458882832	0.0006599055820114175	1
105936936751913099840	0.0006595500360984298	2
106964361259992368482	0.0006595160848765023	2
105002356945204242757	0.0006592715626210186	1
103048400709642338108	0.0006585583219815606	2
109654360331158943231	0.0006585346770939004	1
105009090034947721836	0.0006573443702891492	1
106587101791064367906	0.0006572745155441889	1
102524008019896509925	0.0006565351414855916	2
106890225437412284292	0.0006558204021091112	2
109290081130683690010	0.0006558086317045393	1
102051864239245459172	0.0006557344612585874	1
101824923181156392444	0.0006554308726455916	1
112047849358415491555	0.0006553680334423158	1
111026681950760455611	0.0006552846194555936	1
110678621384626297081	0.0006547533120647722	1
113007652673980589649	0.0006540722518494032	1
109987584289589960619	0.0006536825865438548	1
118083044235891668202	0.0006534047346003294	2
103403824431405645263	0.0006523436680759638	2
102503573464210184147	0.0006514101594431105	2
100265717320622923616	0.0006510815007559841	1
110902132030779819006	0.000651022976912897	1
102393079978161767132	0.0006509825651588449	1
115600254781270647377	0.0006507150263483303	1
111866301862891223357	0.0006499459503171358	1
107040109683948542812	0.0006484588548860463	2
116129598096202463599	0.0006477206858959339	1
101553006904680034563	0.0006476785243081516	1
117507880291928871745	0.0006476762966355392	1
105404026516300676515	0.0006474070255798722	1
118081383487970670449	0.0006471057529965014	1
100681457459676204535	0.0006466877980919215	1
111409617808305551136	0.0006464858974748948	1
114919251411079793065	0.0006463655502980789	1
114492520059525754665	0.0006458335616645863	1
107677895455342575962	0.0006453505704353918	1
113213805739104055114	0.0006445877390213873	1
116609148838132571735	0.0006443431267136215	2
107776381757881810293	0.0006442674322694431	1
114611629365777822843	0.0006428675958631048	1
102010353130079040444	0.0006426973430667755	1
108027548659953992608	0.0006417678888813731	1
105709083169353686738	0.0006416305799729352	1
100426271418081701134	0.0006414824030194707	2
109285787363307067684	0.0006410634513178184	1
112703323488409728264	0.0006407659581275391	1
116909635609559926539	0.0006407572360967904	1
107585396852017903989	0.0006406484235273298	1
118067215460827738849	0.0006401278846138183	1
100342703577899262613	0.0006400934109017802	1
106864403509249232170	0.00064007548446854	2
118277244518426914413	0.0006398492458284284	2
108504348408725731065	0.0006396888155545842	1
114768761817408936766	0.0006395345487159403	1
118237349490203284489	0.000638780694487187	2
114053103699743693198	0.0006386733103659731	1
112325635687379616511	0.0006386586307414728	2
118076746298952458510	0.0006385421195489711	1
102714909528236560408	0.0006383771119287452	1
112215258372617797481	0.000637869599488952	1
112391268677800082202	0.0006372539244337874	1
104371038387535921311	0.0006367258975718939	2
110414002328246477699	0.0006362662556058489	1
114514155722976658302	0.0006361705965480685	1
117189268819713435859	0.000634934756724002	1
102146414203682149837	0.0006349226830934949	2
100500197140377336562	0.0006348774702020175	1
113365051681814207532	0.0006343200879160246	2
107169881344097643176	0.0006336230102122975	1
102931053150981398407	0.0006336036654478129	2
118050431528022904926	0.0006331478515255488	2
115146484128708835538	0.0006330087006847951	1
111924432457519468020	0.0006327396365238289	2
118343274911117157886	0.00063259658315492	1
118407841431001042282	0.0006325506162927757	2
114362374755134054810	0.0006324107777085832	1
101050778814958592441	0.0006322940732448331	1
105531572091125534170	0.0006322309181305136	1
101342422477131201541	0.0006316974323285268	1
114493775441328886377	0.0006304825917042234	2
107472474647563857708	0.0006303434823412697	1
109960110297450500881	0.0006301290187106805	1
109130458455875776114	0.0006298723484049166	1
117143169890764705728	0.0006297326583559132	1
104458755807282024750	0.000629508284161798	1
108696837616197541054	0.0006290667277632288	1
117378848700596735005	0.0006279877907228083	1
100148131753059528231	0.0006278261213858536	1
114745349774668589398	0.0006276310993034873	1
109624958288421299798	0.0006273105734393239	1
100458071620246434265	0.0006268676108522658	1
116524473777969007095	0.0006262193136665431	1
101360643544552502915	0.0006247827714968046	1
113501423705211783319	0.000623709205082133	1
103467725550047725446	0.0006235617198380483	2
109599602059332655780	0.0006228485213822554	1
109121803732047023565	0.0006226074619764784	1
108623241107635805071	0.0006223683845588355	1
111639614810389478151	0.000622157870632862	3
113594804899925266480	0.000622111853969328	2
110385399973090519138	0.0006219585426110659	1
112406962485121047523	0.0006219241899414077	2
115535538363305223778	0.0006217793435019308	1
107471076116163680138	0.0006213821410866126	2
118079092041447950546	0.0006205329356544728	2
105431160751253834522	0.0006195237164829422	2
117461136321424092290	0.0006193425914455409	2
108140118537784280182	0.0006192208702082728	1
115541942049354890937	0.0006191312704133605	1
104120872933532516419	0.0006186335592110855	1
107402900735507110843	0.0006181165346172656	2
112178106651226112312	0.0006177252098802091	1
110272484025442251513	0.0006173215442784254	1
113894473300127215452	0.0006172959692271795	1
114878143550325918239	0.000616623342458579	1
115106680289932322561	0.000616563587400901	1
103626856183430984767	0.0006150804699282836	2
109870972371295881074	0.0006148804602346455	1
116965835302693227711	0.0006148621537311572	1
105180909071638634394	0.0006148517991991481	2
109542090307382113085	0.0006146849284368519	1
103867073425136749187	0.0006144169879722265	2
115759821747220395406	0.0006141441804301025	1
109865005033494218972	0.000613907523160505	1
104441355304167311880	0.0006135934260275254	2
115990260207311840638	0.0006130899503279786	2
112130961481629219718	0.0006123393265036359	2
117581140373510919542	0.0006117990561315884	1
115427700899384150369	0.0006112054139937708	1
111234894962621147271	0.000610726631422728	1
110317604568805674201	0.0006107002079594704	1
114919915226752492773	0.0006105049071756083	1
105470844763554977589	0.0006104858117856697	1
105373589191095322547	0.0006103816106565748	2
101436636641228654042	0.0006097557616903321	1
118004227428575279614	0.0006096961918235079	1
112315969647024955539	0.0006087176929282176	1
104234466191512918471	0.0006085575172739557	1
110399418015934946793	0.0006082120769812675	1
109526388403138671732	0.0006076133107473807	2
104957819454738884673	0.0006074091577474997	1
113340344488226387361	0.0006070932538132865	1
103453522098470167898	0.0006064388351878057	1
111712166943119200092	0.0006054049914814466	1
104778353019043232500	0.0006048307628715738	1
101495480187227078065	0.0006047031683001884	2
111895119191625228231	0.000604056623286477	1
111822524481734946409	0.0006040345642394182	2
104373996402012587042	0.0006038253561748662	2
109041744478038693398	0.0006027970944866698	2
108646498933695640988	0.0006025104505617389	1
110484209568201203720	0.0006020606193657093	1
101257636214966851995	0.000601961361775487	1
109282094793154276690	0.0006014700863823626	1
112870552917404973130	0.0006001793202849901	1
103437798954916183592	0.0006000224156802952	1
103104857274117679241	0.0005998173072248258	2
116259043236475953037	0.0005987173924715852	1
100157670154620604789	0.0005986826480354546	2
100969232856312001330	0.000598578967785652	3
105821241826446325759	0.0005983773277671742	2
102991751282593163120	0.0005974316922221309	2
115382340101689912917	0.0005971414296429772	1
102340957096120356053	0.0005968997399892072	1
103146739347913632415	0.0005968807172747906	2
108505256650372818129	0.0005967055748709055	1
101287476248475945303	0.0005964370153780062	1
116375325352702759007	0.0005950762258901992	1
107195441476577339421	0.0005946085238924051	1
103476362678113473113	0.0005936158927879471	1
117537950835725238331	0.0005929846600193549	1
106416879333220203017	0.0005926007757145874	1
115224452334462787307	0.0005921454135423612	1
100826974865979412982	0.0005920633376909432	1
107969625644194200590	0.0005914002508017982	2
106787651758213244268	0.0005913780066529783	2
100672649914290702094	0.0005912898621456745	1
107113437178119387122	0.000591164391843995	1
105735158965333960126	0.0005911515103429466	1
100580888383291593760	0.0005907588432903902	3
105069844990861987595	0.0005897997618498257	1
103791037442392463390	0.000589573143792736	1
107525716960985821452	0.0005889800875790568	1
113863365761872463503	0.0005888935809382484	2
117678945305736547499	0.0005885324062254566	1
113158586769399217075	0.0005884620132210134	1
101945270688617709389	0.0005883903577799346	2
106552986269512069283	0.0005876879628285297	1
116811819019557849663	0.0005875187989761935	1
110497909365801371707	0.0005874511253571276	1
114776957810329544997	0.0005872326418246711	1
103118053605545281379	0.0005871128499892539	1
105933370793992913359	0.0005869030054147382	1
110615537712328360708	0.0005867104312966724	1
105790659468398173043	0.00058665941262771	2
115598805733343663963	0.0005860863145712495	1
106565143050969197990	0.0005849435176099281	1
105250112604967150350	0.0005847154198980239	2
114882176689398353065	0.000584618581688006	2
118408978290364069755	0.0005845324688948273	1
112867731948682371256	0.0005841801826044477	1
108016343392634120881	0.0005839451709535118	2
114105507719898905000	0.0005831653115778899	2
113566197232464539038	0.0005831068026554973	1
102434702507641641366	0.000582230994099518	1
105580574205118968869	0.0005819351301523515	1
104757860243835583747	0.0005815986062135221	1
112547381334151121538	0.0005813103685849384	2
110074044965492040002	0.0005806340115814086	1
111993317164904084662	0.0005799767790434368	1
109867857011852916441	0.0005794461582733668	2
107072307544910688818	0.0005792935279259179	2
114088663007563758566	0.0005792554513904302	1
107863054441128406657	0.0005786069343329138	2
110771145190361332661	0.0005779546508018165	2
113572186096020956020	0.000577713745743115	1
106899498657025088686	0.0005776999820550011	1
115066354200158420114	0.0005771189926459456	1
100633657380791975686	0.0005769987697302643	1
100330301340762919242	0.0005759113273417667	1
113011991260557689823	0.0005755509437193848	1
116701660840702373805	0.0005751279397016582	2
104310037422654113619	0.0005737782209171847	2
100532748295806038875	0.0005736783179278712	1
101245538611244626062	0.0005734751511283682	1
100292799635263069743	0.000572566354515997	1
108508939659038303239	0.0005719947282334093	1
104623400813415689503	0.000571262851503449	2
107727150903234299458	0.0005705278248187594	1
117371228393907747239	0.000569836425594638	2
110441797803247642088	0.0005684854642347603	1
111071268551800734278	0.0005684048357217667	2
104630484391536529851	0.0005676802228796297	1
110086262320007068364	0.0005676020964049254	1
116812224748840851552	0.0005674190162538284	1
100441405885050682977	0.0005674119482637687	1
105902034553636163859	0.0005671654763530474	1
106927031524949591683	0.0005667897544020323	1
111910200485959385328	0.00056626660059039	1
103326722930578065940	0.0005660440424125877	1
111922870999029775190	0.0005657860452201975	1
104531052356366757730	0.0005650714379378671	1
100343845070063849107	0.0005641036124893877	1
106377347182814958574	0.0005638414123218792	1
116316884445587960365	0.0005629505859635743	1
105217269195142792745	0.0005628861254660866	1
106986122404916886393	0.0005627190392992175	1
102621416669407753464	0.0005626835330440229	1
117483306494990479133	0.0005623086266521921	2
102143578702997047907	0.000562154422849136	2
110636742979607726275	0.0005619623454731495	1
103232569713157928293	0.000561293831007139	1
115604980276640526941	0.0005611031572742338	2
117681241555382421104	0.0005588475419502195	1
114281258675347859543	0.0005586641183376401	1
102295892244191044193	0.0005574495839385442	1
116470953347091968861	0.0005568728192198478	2
104640207017509079680	0.0005565566028972221	1
116555835417750405659	0.0005557929167886717	1
109213052653037315302	0.0005550312171416422	2
112648488333291330939	0.0005546349145630107	2
100028689656197242043	0.0005545611104239037	2
116162202951508613612	0.0005541938064066352	1
115375019307841335136	0.0005531677808241667	2
100423857937846043821	0.0005530320077500407	2
114263289480870053828	0.0005527830718113738	2
104274143500556577429	0.0005526823211494484	1
107101517929405026245	0.0005518895747152963	1
100592148961106498550	0.0005517500173306627	1
113125483350195804110	0.0005516856664027212	1
101331466574091241022	0.0005516071903070839	2
106556348323220732280	0.0005509893713241158	2
104580212382911455402	0.0005508891132210846	2
117027402519947885625	0.0005501884260197179	1
116485222102689674037	0.0005500778666717914	1
100561844567335186200	0.000549599052317573	1
109815740320874383380	0.0005495405866886515	1
109157061294596605643	0.0005493791540407019	2
114005270876052001890	0.0005491378930937246	1
107324190974287934234	0.0005479271931592327	1
107589895345000267917	0.0005469521428226093	1
110390369038722061721	0.0005463189393632795	2
117596887366632392035	0.0005458556235030483	1
106827734897405620119	0.000545826792558919	3
108404886383795022813	0.0005456849367225533	1
115773559306672754858	0.0005454092978238367	1
104146670180565772194	0.0005446914206968417	1
101603891187512219661	0.0005440769686234347	1
109990170444434475022	0.0005437951818721582	1
110476861613340562399	0.0005433186193645783	2
102221445169419687784	0.0005430985848106358	2
104672353880057407693	0.0005423342040422217	1
112658379482841953340	0.0005412916650926184	1
104838967369320804568	0.0005408920762904344	2
111693765408547131966	0.0005406676451316894	1
111278138471369922569	0.0005399777564210551	1
114050159731949534652	0.0005397247086134008	1
105698379283764366996	0.000539706917100055	1
111199063664406296634	0.0005396486435607612	1
101360078055464145943	0.0005388360798490949	1
109731178377920056965	0.0005386336396082993	1
114117760857039657586	0.0005385223708071161	1
102916216371858078567	0.000538403372292178	3
118158965857044805496	0.0005377373973699257	1
116287578549876401196	0.0005376231455350015	1
114224073212879076999	0.000536557913484376	1
100374285739701782137	0.000536178084342346	1
109204863030492721026	0.0005358326622929494	2
106875874583802889855	0.0005354330679222022	1
114459654738061491522	0.000535339761829225	2
101112931550409182421	0.0005352261753843681	2
111355797086895824103	0.0005341389647869799	1
105422295613267466762	0.0005337597014818612	2
112029818149691167664	0.0005333881277192396	2
101364383784977781980	0.0005330668297916796	1
111395336413321899601	0.0005323381112217419	2
112402602902352711929	0.0005306181896903655	1
108557183829263545449	0.0005297389772507723	2
105518467693654116370	0.000529443018248347	1
103634361763300054269	0.0005286508370182406	1
107566422815424097999	0.0005284858736754323	1
106649464253716488537	0.0005282228365990321	2
109067512979982380086	0.0005278092852552293	2
109266048854869007499	0.0005271717942507329	2
105231815240709446975	0.0005267183256091836	1
110023130397984655276	0.0005265873880333417	1
106679835211226388277	0.00052617762178747	1
107916938235515948722	0.0005255471985770168	1
107428855928998975186	0.0005250505292328086	1
101948941646041623362	0.0005242196324895924	2
103068252687042190272	0.0005236690203328479	2
113056521328455527492	0.0005231562340274688	1
107290790893215879513	0.0005218380699575161	1
112354405788770041696	0.0005213434708664234	1
103532586239599524253	0.0005202491196885811	1
103296595669319654320	0.0005201678773521766	2
112789786566993332700	0.0005196819533857493	1
114241059223217128598	0.0005194796080224813	1
105725413140756988588	0.000518087614838131	1
110790714141592768464	0.0005178111777070566	1
116367873779713286325	0.0005175226491140226	2
104289213949175742145	0.0005166180064051949	1
117267008826838496667	0.0005158490056441265	2
107235245709526978427	0.0005144828343433828	1
100234866328923609404	0.0005142149595155084	1
118171253390055055847	0.0005139696606718654	1
102846708048856158317	0.0005138396054651831	2
106141866246653944964	0.0005137796761000434	1
101610023272471112926	0.0005128200379764036	2
118433671874589369322	0.0005122240585170349	1
117370659306066821697	0.0005116904656814347	2
116752490036670751104	0.0005114556973488411	1
103294044135043698410	0.0005112880549311664	1
112652036634362439069	0.0005100266423118197	2
115148539543102770153	0.0005098396049387148	1
108561307727161070609	0.0005094822259545278	1
107620173496491159434	0.0005065250694019592	1
106549615681434518946	0.0005063902184609316	1
110262775170662376003	0.0005053850927176685	1
108766617184871622757	0.0005041744018777486	1
100479871733297109543	0.0005036332066897578	2
102567216996979417023	0.0005030573631784821	1
116766356251439373925	0.0005028199948574342	2
108124871055565677256	0.0005022728521053444	1
117363884853969096109	0.0005018428455102181	1
109917037667505661769	0.0005011314476850347	2
114547264440714100100	0.0005007425863041	1
106005186720579294826	0.0005000161628349479	1
114683069618671617860	0.0004996948486315138	1
105320047707317438913	0.0004974640342772015	1
100162939717420714453	0.0004966096949080597	1
109116159454028750588	0.0004964335332941981	1
105101694711744871391	0.0004961164500670622	1
113982500886526129219	0.0004952563279440155	1
103020802233930940029	0.0004938877607651494	2
116483876997998511262	0.0004930502641038468	1
109649505398906495516	0.0004926440762835356	1
104064664727876450285	0.0004925594670750339	1
114059849407766199667	0.0004919210381377242	1
102910134731476500425	0.0004913304662489526	2
110924475025984196991	0.0004904607661775431	1
108852776666711957274	0.0004897048459372569	1
116264598549720788086	0.00048831085601998	1
101617359841967631353	0.0004881396957995139	2
118347867796626195694	0.00048568454463163987	1
103121914800307372427	0.0004847753600116364	1
113292674185162823625	0.00048437207632184013	1
110350685083338124521	0.0004835343265030946	1
112539429469437111274	0.00048344521285067387	1
116691511713213317990	0.0004834228945756693	1
111099416304472533120	0.0004832691822665082	1
116744824184754173801	0.00048247503709509924	1
109170681703159212229	0.00048200264934180844	2
100761090800687227569	0.0004820019312525575	1
114586341394333647182	0.0004819270306976117	1
114922893781778662083	0.0004817667359731166	1
112028424268174966871	0.00047918183883060683	1
117333032308675024427	0.0004784882766303565	1
106170210550144754104	0.00047841320468663837	1
114647010219834364910	0.0004782530906501371	1
117385334880161997927	0.00047786505369008786	1
106921715753843978958	0.00047756164531910007	1
107111297336598106204	0.00047747069818402174	1
107588112889709601086	0.0004758460847539272	1
112213478810710491874	0.0004702551048544992	1
102633142172382046999	0.00046764723708240483	1
103339790286953344086	0.0004644486689723963	1
105151207910846934737	0.00046078631379967773	1
117966712452187367291	0.0004601351025376017	2
114238024616770599745	0.0004596383678923651	1
113174591483025744892	0.00045937544217265904	1
109990456430988755974	0.0004586025374327816	1
101864098630211377217	0.0004579139022528406	1
105949205948005130647	0.00045745306361567027	1
100493916583138492830	0.0004544794536740394	1
116904297999377154712	0.0004544794536740394	1
103355759425826383922	0.0004544794536740394	1
