#node_label	#score	#gender
111091089527727420853	0.005502037069911503	1
106189723444098348646	0.005476053999517234	1
107117483540235115863	0.005055732397882623	1
101261243957067319422	0.004969569684437545	1
112844561713780016118	0.004884591931581191	1
105237212888595777019	0.004485330334054156	1
100834378485895409468	0.004323060428732047	2
113116318008017777871	0.0038245338717450787	1
118418436905562612953	0.0036999347887416746	2
109074857816744029470	0.0036642864735043235	1
117818363829980497205	0.003619960151055987	1
100518419853963396365	0.0032577474622579143	2
100535338638690515335	0.00318461207935143	1
117421021456205115327	0.0031842188987839487	3
107033731246200681024	0.0030820677607546914	1
115565811010545226083	0.002901966949499368	3
107252020925742571252	0.0028516599838267656	1
113455290791279442483	0.002824857571899099	1
103519862018798239865	0.0027868961623051633	1
113117251731252114390	0.00276331255518708	1
107234826207633309420	0.002744198825292977	1
103861741370066605527	0.0026442293023487395	2
107362628080904735459	0.002601101987313447	1
103171849011748425097	0.002541371583164767	1
109330684746468207713	0.0025088885586347655	1
111538009015644508967	0.0024247449972880047	2
111873853137122484021	0.0023370438407176158	1
115360979797396777969	0.0022978365888367525	1
113247423264358423892	0.0022839243884801045	1
108159551615224338529	0.002256200603985388	2
105822688186016123722	0.002219623882952416	2
102871123574468799566	0.0022064838123062006	1
117377434815709898403	0.002192056287720918	1
100962871525684315897	0.002148643004174923	1
103486150650858067282	0.002148003498879352	1
116594199576805510790	0.002136125327875396	1
115863474911002159675	0.0021239828227097497	1
111962077049890418486	0.002110308758101649	1
103207773865797007066	0.0020646998639440427	1
101145980349117737014	0.002062632566225218	1
105256156026694816333	0.00204711108345916	1
106991151617762959435	0.002020643595859627	2
109581870574956225297	0.0020206383696892384	1
105216491640488683417	0.0020130123255976103	2
115105647022907007398	0.002003571263289083	2
114536133164105123829	0.001983904984969392	2
107459220492917008623	0.001963832047293694	1
113097851206100618060	0.0019475802483386391	2
100908975452307762035	0.0019471581132762777	2
117757565120070816446	0.0019373222282934133	2
108255750659110762991	0.0018688458674392932	1
116665417191671711571	0.0018506261466020892	1
108527329601014444443	0.0018461522168163919	2
118085865046319783623	0.0018391230093090355	1
116805285176805120365	0.0018386323416114073	1
113097276181543898574	0.0018317246102773624	2
114765095157367281222	0.0017905593851100096	1
116768967108862685383	0.0017471561667150247	1
115725343848017698807	0.001729408617998833	1
102373191596205712937	0.0017293489677739971	1
105547060999578080024	0.0017115589633999863	2
108112557629934458248	0.0017031087091592696	2
115739378269261680935	0.0016973195342901617	2
114089069528015035598	0.0016927787091050401	1
107543460658107759808	0.0016794541335225757	1
104458801156000551882	0.0016584326885820564	1
111666959095947698908	0.0016332366718168788	1
106792630639449031994	0.0016242497503510416	2
104876222444060900790	0.0016116588471851976	1
109560997737123153381	0.0016076720085556793	2
103216887847401478447	0.001587015714075856	1
103399926392582289066	0.0015811776404864477	1
115047896996200277508	0.0015735489248191502	1
117697399358826098478	0.001569354914719272	2
107771181372242547518	0.001568555231247536	1
105551989431666449555	0.0015649758004367535	1
114229157887417365950	0.0015578675222647918	1
107590607834908463472	0.001534594462792516	1
113186623583029971455	0.0015225088881727295	2
108470782772821648496	0.0015224820744813268	2
115360471097759949621	0.001516345606211198	1
105707632814283518030	0.0014999823998723383	1
115143234371607892983	0.0014679572982722552	1
115530776534617554663	0.001451260397771634	1
104748703648593159544	0.0014392145192490707	2
107026299993226528916	0.0014109211655989446	1
103761326311610249621	0.0014099542357270149	1
109205403461695195196	0.0014017092261247653	2
109282950273002868332	0.0014001878832269779	1
100905810561722892983	0.0013887608829250653	2
101057616370673656059	0.0013857816352294714	1
106173850673550696537	0.0013820794690692652	1
115961021629090154025	0.001375647813446481	1
103698889037599783920	0.0013682965162804808	2
100259110586396288358	0.0013651671850448783	2
101453162215777563254	0.0013611813685887033	2
111453882641238259246	0.001360933797765195	1
106836545009068405661	0.001360388387533293	1
115121110877145330939	0.001358156200861248	2
115687178185726009185	0.0013579999855416153	1
107396241442191327319	0.0013570649733234555	2
113920526057233976680	0.0013468957366853107	2
118272963320742298723	0.0013464731051451967	2
112070435700031049440	0.0013377848673317445	2
104405539079062799451	0.0013228969967367704	1
107379489464447013340	0.0013153890645548655	2
102618047349606277909	0.001313179279925184	1
111931632658035913936	0.0013102568920202425	2
115709805649803380122	0.0013073498822292226	1
106176762220398854458	0.0013036443871922328	1
111983961140937248134	0.0013001718797273328	2
102598717561259337811	0.0012996947639995595	1
100623276740673202144	0.00129583946605831	1
104973761519912571719	0.0012931233533622082	2
114820416823559451404	0.0012873574151933617	1
115109077044202722504	0.0012854338757530503	1
104577357381178665210	0.0012818907163698304	2
109440206780255757543	0.001274571152326693	2
118379821279745746467	0.001272336610928279	1
112353210404102902472	0.0012683869249127144	1
110548244043172681974	0.0012641049402160472	1
114092052797730247075	0.0012602817142766988	1
109602109099036550366	0.0012588827412902204	1
115724768230571629148	0.0012450783583593684	2
104316443417435189825	0.001243986396015373	1
106357905229054139137	0.0012426874726409142	1
115471815788264818704	0.0012370175840234292	1
113847951893881070422	0.00123694249742023	2
105545068944703206621	0.001236847485597316	1
100377493270775536948	0.0012265501986564891	1
103097764320602190090	0.001216426915895724	1
114764567692252908296	0.001213594542960399	2
101133961721621664586	0.0012115308701002767	1
106173654340380035920	0.0012099121933516438	1
117198316664830078863	0.0011963232289535371	2
110806949181190360839	0.0011920977095967	2
105390077271236874234	0.0011910282232475869	1
104081052260915687825	0.0011872754708022574	1
115755165932700408992	0.0011834657781371054	1
105789617598731179189	0.0011787953841317822	1
103333429938529668020	0.0011739728332321921	1
106420653941281751007	0.0011712963753512298	2
111112809838472063992	0.0011683827386240499	1
102307008290001893965	0.0011681934365355797	1
107629114013544384077	0.0011643496047801679	2
103579304160477212496	0.0011590474101096336	1
100771715351072186974	0.0011570472382551066	1
104753156470151028358	0.0011524012743686094	1
115513110200860773170	0.0011521710833157111	2
103324921589846414494	0.0011519459694182771	2
108998673146368660257	0.00113366795023969	2
111451515387834187122	0.0011309053351721415	2
117948914289725399427	0.001129257694496808	2
105248484118148978714	0.0011241209970475647	1
106539835304510344813	0.001122683499547383	2
117902660405170807504	0.0011199959094308222	1
115928876604358814827	0.0011128714302583748	1
115653522232867695783	0.0011121274150683864	1
100772434249899975115	0.0011113254628555532	2
104241567849916091297	0.0011059728774216663	2
110492963926129353210	0.0010866296852408085	1
104247326154604556320	0.0010817364788159515	1
103399997814775349105	0.0010761570486549823	2
110042512432413772727	0.001076096310915274	2
111048918866742956374	0.001075462812546191	1
103132137648863008501	0.00106695155921774	2
116219534929662479848	0.0010587382704192838	1
115447231135150862691	0.001055811424336194	2
117580925821727692155	0.0010540588032019464	2
115655205216183932495	0.0010537597883113741	1
102239645172983099492	0.0010533290178181879	1
117611181638655435522	0.0010500648125936084	2
109139639454066616071	0.001035143316720037	2
109342148209917802565	0.0010305212292996738	1
114786794106113206036	0.0010280305968750855	1
116611775502344633870	0.0010246505955594813	1
117937415022745482256	0.0010206181505206008	1
102885069450694226482	0.0010200661349842144	1
104914829730501706316	0.0010154198668341722	2
103652441454188509895	0.0010140981642045572	1
105421360534824524100	0.0010122631836054063	1
113901826228935709546	0.0010122597367696383	1
105474544524715065767	0.0010072359324349435	1
107006059340452534782	0.0010032108177805735	1
112614367259340988369	0.001001563945377369	1
115655034901162574758	0.0010011058953562717	2
104102743248207705784	0.0009988585693664592	2
111674748486766258557	0.000994594940625803	1
109201681846030076792	0.0009945623314567388	1
107671625306995512637	0.0009930660141828002	2
108729164162563480433	0.000990223097440555	2
116071275946594200077	0.0009858698732008791	2
110899709105002539146	0.0009848216488745768	1
106977567316853180696	0.0009791726431656264	1
111857633013695167867	0.0009790395120240192	1
116426856572060857037	0.000976772703068933	2
100650897904779711816	0.0009762340898890701	1
109410878385939067590	0.0009722293134215264	2
106322465979385944906	0.0009703236975915292	3
103930198651552714815	0.0009699873530433041	1
111699855306814304937	0.0009692381447123792	2
115785601687445616629	0.0009685155768544391	1
109596373340495798827	0.0009608227744610067	1
105157808619811669282	0.0009583868332847333	1
107707592416977920764	0.0009576812202061775	1
102839963139173448834	0.0009573587169859983	1
105471588643510741880	0.0009562822253977701	2
115404182507723122393	0.0009550612572439635	1
102854726264949312248	0.0009546486841389067	2
110435582822209082831	0.0009504656968774779	1
110913165455688349197	0.0009487051712282554	2
100872900263988577401	0.0009475644572404181	1
117283174365630308265	0.0009464233863192519	1
117287741130838521632	0.0009455045589535124	1
110404902994335579225	0.0009444235987255175	1
101423581602122657410	0.0009433155602228126	2
117429320390907645600	0.0009403121135777263	1
111904217882749223976	0.0009378480662664972	1
111433926516886244464	0.000936999535237074	1
113944846007907559686	0.0009368477530950211	1
118274547296450170219	0.0009345976195876931	1
118208834515255752193	0.0009320515154938799	2
109260935346331956486	0.0009312477520971432	2
101762552835650476929	0.0009285809230545997	2
107404242080797040590	0.0009281273627334727	2
104319701938100393265	0.0009276872453866038	2
116464344073545994074	0.0009234920287357915	1
103406065947811422330	0.0009228244159669877	1
114559845119114226260	0.0009226675272576164	1
103239655111676058756	0.0009198744729792502	1
107004843925454095805	0.0009193194469500696	1
100751529912611655620	0.0009177283443132478	1
105489064367742025310	0.0009176348978582348	2
103030116155431184588	0.0009168275058760534	1
117982950569259282665	0.0009160524102901275	2
118399959266385734656	0.0009152832677129698	2
117603418437094018321	0.0009147533895449301	1
116069106709288999517	0.000913423085850268	1
103612871313139094390	0.0009112302811934693	3
110262635231675893592	0.0009099402007517255	2
102218502614021519543	0.0009087342538401069	1
112663810830901192053	0.0009067095830175662	2
105454063295212872036	0.0009050504295321223	2
112801448828869860546	0.000904707289469551	1
103691312271671214670	0.000904138076076106	1
114789800183078016840	0.0009034989935094808	2
105846993741264357661	0.0009031764430563811	2
103481047858421470011	0.0009030077274442754	1
100755998269751307297	0.0008994608511976291	2
116433293835224916061	0.00089850261519652	2
113312804462990112705	0.0008935020860561805	2
106712775403538194380	0.0008917696886941766	2
111975545018506506119	0.0008890831917407659	1
103984263629438381785	0.0008855401528341947	2
103150328351925153314	0.0008850177180366975	2
112931539494181042672	0.0008848422012629546	2
118239708588385194858	0.0008811882715065376	2
107490600889040777735	0.0008803343107994375	2
113438256900303213931	0.0008785380602035642	1
109533441517984298838	0.0008770476961308861	2
106461514211730207895	0.0008746044911139746	2
112444894894322397484	0.0008743318733633729	2
114330674492518947055	0.0008742617350609638	2
104811448901887810876	0.0008725065508220812	2
103958441795544241153	0.0008712810171914797	1
109829504702273280632	0.000870658207944603	1
103586651205897528372	0.0008704245358548867	2
109964959136982994865	0.0008694922676006026	2
101882195464541547154	0.0008686082735136188	2
102879926723765458903	0.0008683997440139735	2
114775869285833699322	0.0008682555046696221	2
109680310309138404014	0.0008672028433688352	2
116106138745245892882	0.000866485083594644	2
118301801570268856235	0.0008658051417940265	1
111624531888169171475	0.00086567052564284	1
100730931531762511307	0.0008638725405338451	2
114801532386257196519	0.0008631752749198572	1
103294418624820015984	0.0008596196264139614	1
107788883146545236198	0.0008575144984136632	1
106061713293773489570	0.0008572466144044055	1
115940511630531767202	0.000855656865469632	1
108062123027887701944	0.000855550901909598	1
101219140074026126899	0.0008536319009752691	1
105198403894619168008	0.0008525466502307497	1
100440560250901996986	0.0008517923439374654	1
115094517851702824680	0.0008517866530441084	1
107110857851839244510	0.0008512495680109233	2
105000513180673126009	0.0008491040076334418	1
118369384868249491237	0.0008454650218637755	1
117850331447734054313	0.0008449252417129092	1
109080723668547114837	0.0008443342793976547	1
108133989305617114507	0.0008441785540854138	1
117599103108596130864	0.0008439335972371467	1
113297378666590580117	0.0008432204218231218	1
117149101099765677901	0.0008415190163861237	1
101832053372535369591	0.0008408110034187141	1
103697821787469756035	0.0008403702057107783	1
116682290311789132796	0.0008401904246417974	2
116650745275442197132	0.0008389262544525575	1
103839500815591600976	0.0008377582976799702	1
101988524032513457125	0.000837554870201401	1
118037704650497803921	0.0008368744471079097	1
112104019710863190872	0.00083603679642166	2
108600109248297149485	0.0008342144751736718	2
107061525810282498129	0.0008340143365333858	2
117942605302461709656	0.0008321371981931975	1
106322266355568739242	0.0008303997671999718	1
101901232143740160078	0.0008294554710022817	2
114375654600826620157	0.0008288816597822004	2
111895201268622692277	0.0008288351308410706	1
106002545837976723927	0.000827677060266617	2
116127033078839124702	0.0008272815761111637	2
106644585677637197494	0.000826708313033838	2
117802718819084454042	0.0008242035747152212	1
101038104764033734752	0.0008225575358347744	2
103546981939364425829	0.0008219796817080558	1
107511848516702489145	0.0008141565565480217	2
115997835837459639477	0.0008129281999645445	1
108010461820642175437	0.0008124905178066372	1
102233770004174020180	0.00081214772432464	1
102092396009587958391	0.0008102378643135266	2
100554382943190866655	0.0008094912058095008	1
108839964851083430426	0.0008039006453751867	3
116721310204582207099	0.000802597812044687	2
114181840714517738830	0.0008005987775021875	2
107073852799630124249	0.0007997016881641545	1
108193000606629350533	0.000799649286784097	1
104625241288501781571	0.0007992836461233933	1
111856427400498745265	0.000797376510757498	2
118100431113189415658	0.0007973449988013007	3
110023904208758175742	0.0007972708736136871	1
107716175708404088325	0.0007966320422629435	1
101924860229360230412	0.0007955069948138448	2
116890313734589402171	0.000794994880014403	1
105670280103726644454	0.0007940305390825174	2
114614935824755963734	0.0007938585187655736	2
106787788124127706441	0.0007932093670859607	2
107857888121727893520	0.0007931124834223342	1
103177921147788753669	0.0007908024804275709	1
115970197492058000536	0.0007907471333334743	1
112369916221417513808	0.0007907454000180071	1
107221142875015274837	0.0007905270659227779	2
100971870367870906394	0.0007904545314701935	1
111731578349856195951	0.000788807983925488	1
109855486708163855699	0.0007882436248237264	1
115106448444522478339	0.0007881246298365082	1
105827166011490842927	0.0007866429046896474	2
117300144546953379684	0.0007866120094221561	1
104083130541705011920	0.000784844455186744	2
103251633033550231172	0.0007821141389285065	1
108641753887457336711	0.0007817087010333907	1
108588076582379537686	0.0007816072332611477	2
116111409898168592074	0.0007813589140171809	2
106131533046921693069	0.0007810582386268809	2
100017055036544458646	0.0007804576956149806	1
102137982771572175295	0.0007771219040472251	2
103957402175604659608	0.0007767194853548776	2
116831348000486446478	0.0007740976672414204	1
102278696370559640483	0.0007735995209719447	2
106086459950640246872	0.0007734213590015018	3
103376716412872136508	0.0007705886475228095	2
106626830503324723076	0.0007705196423060839	2
101536109537442359228	0.0007700026109258935	2
102213934827347582736	0.0007658267817957425	1
112180555080313027108	0.000762906186223191	1
104979585499014359056	0.0007604404830729946	2
115990260207311840638	0.0007595849923177477	2
109381089725745119133	0.0007592237381434715	1
107855400061191706587	0.0007569762498208002	2
101608843987179610587	0.0007564367831844291	2
105638035132192474170	0.0007558227822034723	1
106199115696314194214	0.000754802847766611	2
117597061540365781107	0.0007540384712106185	1
102788829471779007841	0.0007538869359344142	1
101062235821996561929	0.0007538125717892698	1
103316545008269282896	0.0007528610148570418	1
100080670028138179312	0.0007503585676954848	1
104179323350489956912	0.0007482692918697104	2
101841693524208900048	0.0007476025807120472	1
100784670873737717716	0.0007467298390178905	1
104116260105798244924	0.0007464843667920942	1
105246828264278441318	0.0007463587814639778	1
117880813751228693103	0.0007446564242362489	2
104796164878325999711	0.000741540411927104	2
113687916808174552540	0.0007398354709077383	1
105185455174342753611	0.0007395011103740361	1
117184181258526632678	0.0007389212516804584	1
115277354774512813305	0.0007388105765429981	1
118382222849341409443	0.000738730716377188	2
103503784030163121732	0.0007386493387854775	1
116483854397437237556	0.0007375791521862954	2
110369551942437806053	0.0007361469462406375	1
102228097879574601296	0.0007360588537552637	2
111427232323640771136	0.0007351270111648804	1
108492526126263806887	0.0007349008145790183	1
107538503004482952974	0.0007344350838152307	1
116825083494890429556	0.0007341191231593613	1
114400648902272848682	0.000733728610946275	1
114493775441328886377	0.0007334871245392227	2
104202263011113038990	0.0007330645497344295	2
102174521044350449504	0.0007326459987319245	2
117682174689697734473	0.0007318802182894897	1
109237281162433309616	0.0007314720525631896	2
115949346423495632626	0.0007310991641402728	1
108347134468694009774	0.0007306772610051484	2
109730230595248901367	0.0007304428583127924	2
106896690615160948964	0.0007294504790224827	2
103929057358376044772	0.0007287717809749811	1
103290228265979018515	0.0007277752737153351	1
103546400464337783760	0.0007275808719589581	1
101886706065800845176	0.000726795171461612	1
100026539525220251671	0.0007261598650442022	2
115801986383089722924	0.0007258058186596667	2
100994959835228500824	0.0007243143507845834	1
109217461409629684011	0.0007228644416851223	1
106334932721178845127	0.0007227311281437704	1
100719438911965823302	0.0007217972985626084	1
109043804130056015419	0.0007215404016870956	1
115586898390417250687	0.0007208954057575645	1
116045538156529450679	0.0007207793375151688	1
115445642427433788455	0.0007199734917143492	1
106696669059059026665	0.0007196348491150131	1
116576168813389390769	0.0007189567921969131	2
100212866363690981543	0.0007174476310944941	2
111142884289817620371	0.0007170727419901601	1
104597611231561758604	0.0007167727627107893	2
107179219017404092823	0.000716697130403965	2
117551804938616021125	0.0007166200072985011	1
104857406109954440836	0.0007160025493238762	1
106877518422447491864	0.0007152188925638126	1
101929039478960520672	0.0007148138669082729	1
116445021820994020941	0.0007146412541514699	1
106753117115727098582	0.0007144056722317879	2
106237174356318230057	0.0007143160081591264	2
106957793914664714814	0.0007142085969456887	2
113898425766485520077	0.0007138012960416537	1
117014035284065592442	0.0007130880019480068	1
112336147904981294875	0.0007130068232322698	1
109717575157128771241	0.0007115039615257101	1
114492520059525754665	0.0007114606517219805	1
112750733404297151260	0.0007102082407649654	1
100382758901355515850	0.0007099936003927594	1
108282121506388079527	0.000707093726069816	1
113417057124767990937	0.0007070672047865248	1
113587150957584324479	0.0007063223219701404	1
111922870999029775190	0.0007047211386567809	1
113252623131591435586	0.0007041661493575009	1
105887798538435693558	0.0007032877040871641	1
112016242624005519460	0.0007031204815842894	2
112030833684977094456	0.0007029898712681514	1
105890906575573863227	0.0007018599060406524	2
118149685580234696847	0.0007011338871788429	2
116095716042178314618	0.0006993350414694795	1
118112346708818508960	0.000698966477754023	1
105731881257142821581	0.0006977666846557034	2
107975954411265648272	0.000696834812564241	2
102383418437695456740	0.0006961198362298867	2
106701345977976479103	0.0006956067931778548	1
108428300889452761258	0.0006943842831407068	1
111994123443412457090	0.0006941209289913174	2
111469437334144611638	0.0006935046628014175	1
111696858863337011625	0.0006934324469499164	1
106407963814165910213	0.0006897526027930035	2
106677033160092990257	0.0006890454943455102	1
100442615572333355704	0.0006883206587614915	2
107073845875601488093	0.0006880196821226667	2
114392145910441443368	0.0006877280754729411	1
103672954444962539555	0.0006872393102727754	2
112915508949553064969	0.0006863710225205742	1
102370747100847006365	0.0006824318356258145	2
113885344285909043613	0.0006815827290051451	2
111817088441696761347	0.0006799461996373045	1
110260799123621709651	0.0006792225413982799	1
102126273328321416712	0.00067908156654781	2
111627219638715165418	0.0006786777245413013	1
114428401458138152037	0.0006782157919729276	1
116415781519772170319	0.0006775747538528786	1
118116012134541220798	0.0006773798315960424	1
115270351257026959175	0.00067678926515488	1
115524111646752962689	0.0006758188147432593	1
106068535581551649097	0.0006757512467666132	1
115074742580527848126	0.0006755189842215421	2
104534380308019152290	0.0006748911799471027	1
115923065088471514080	0.0006747582094720054	1
118306516911843051370	0.0006745444935027925	1
116316031556325367009	0.0006741929135961512	2
111673151624151424655	0.0006735990060640198	1
116388205548839459693	0.0006734545497004041	3
112092526384728873892	0.0006730512911919447	1
115188225931820970468	0.0006728676757311925	2
101993839139369744701	0.0006726171442110616	2
112810965074632510524	0.0006715684422854457	1
109833374118865667426	0.0006715277925314203	2
109501436364165187027	0.0006705926362824987	2
117191276486016381231	0.0006700128087316166	1
112528443699803395789	0.0006694155149012695	1
115173520217562198940	0.0006693467545229605	1
116547530413162810816	0.0006691317366159358	1
115320430908458127519	0.0006685749215777864	2
109674480414473952661	0.0006683800061456264	1
117919852642990147224	0.0006672135225112781	1
111802279640977246432	0.0006666453621207137	2
100121771572038665942	0.0006647305147635435	1
115449277740727840529	0.0006643418514868174	1
116113014152499702246	0.0006641400074479055	1
107498551973438521478	0.0006638250819375189	2
108537830726564817135	0.0006634569187516249	2
117172829605139441548	0.0006630328059310319	2
102637183526072842850	0.0006612099197400351	1
105149372392469422435	0.0006610692419829438	1
115963387846188704264	0.0006605449413106307	1
101913452965238747261	0.0006599947475103161	2
112856852069290617900	0.0006588718556533035	2
112348344466420791403	0.000658117036848701	2
104219386206797402856	0.0006575193349542725	2
104183986357379518368	0.000657121898771883	2
109294320651051585195	0.0006567913878653699	1
100159937686553564234	0.0006553949524292359	1
115891230387484725858	0.0006547593323169999	2
110135120017529410589	0.0006547354206426467	2
100988303581589208684	0.0006545063633641463	1
112908787643676146989	0.0006543935154999366	1
118007706416783694636	0.0006543743334404208	1
100152754393360938972	0.0006540995511670989	1
102225207181125422398	0.0006538141867384949	1
115602761642337790256	0.0006536948712952679	2
104410017909193520760	0.000653613335874705	2
117310476065897496674	0.0006534269094399657	2
110209816158142812380	0.0006525428300798784	2
116422773158129145495	0.0006522875906054865	1
108231209777510945309	0.0006517363092847298	2
104028329852681318179	0.0006514059609447867	2
115601875683038726303	0.000650533393736204	1
101975133966831452277	0.000649919126779781	1
117564247027796504646	0.0006492132929907682	2
110265788529286523789	0.0006473451731634595	1
107959073120069032818	0.0006465348909891636	1
116042504805817667580	0.0006464660489876002	1
112171239641231279964	0.0006459901224621503	1
114457442188399514518	0.0006452447284605917	1
112756859469531650254	0.000645008912222393	2
103903198087988193655	0.0006444520924936842	1
102806025478542615351	0.0006421317946400329	1
103923700544970826249	0.0006419463639527387	1
116014853690237520142	0.0006415575395438455	2
114846083476314868855	0.0006407506495360167	2
111507697789646891138	0.0006406484435801728	2
110160017787625765352	0.0006402489236290321	1
100987418482959610835	0.0006397641946865845	1
101344656550775548255	0.0006391732063923104	2
109867682146917322989	0.0006387399772805596	1
103660024891826015212	0.000638735318145164	2
112459506337768997742	0.0006386462613374756	1
100223929118047634462	0.0006373561198708751	1
104532246671367338631	0.0006367264377743766	1
116761784986758593534	0.0006360746719908782	2
100846633317188319300	0.0006354563692020914	2
107524634671337242697	0.0006352506080069516	2
104416134390784417961	0.000635075977999259	1
117352254268069170353	0.0006346955150311813	1
112508589247432380775	0.0006341338135314084	1
110490452130731370594	0.0006333390723764974	1
111749052209901260440	0.0006332603233753888	1
110346500530502745039	0.0006330311610234511	2
109752054362052209459	0.0006327113394469467	1
115493843986611547716	0.0006321200908407478	2
102085109674230150113	0.0006318984661489121	1
117627559431013489137	0.0006317399783569735	2
108138142849003408899	0.0006314542942895077	1
106517136902594786911	0.0006308482399738938	1
114331729444027946271	0.0006296936640679117	2
111622474605209671162	0.0006295723442769545	2
100102136737035852528	0.0006295465451032693	1
100392180143399192319	0.0006291022770888472	2
108887810032537376918	0.0006289168102162717	1
115533706038046529764	0.000628197443047817	2
117718462209688391110	0.0006279086079239461	2
113339707206657259218	0.000627476285707319	1
118389478556833680791	0.0006264872806538255	2
118026812670928514062	0.0006256295262410353	1
107106193255722487200	0.0006245280273453608	2
114689465851706685342	0.000622708629930292	2
114205886464523850911	0.0006225969485856808	1
110528202096810721992	0.0006221209232043438	2
112823889170745668420	0.0006186937928925846	2
109195132975967271577	0.0006182604632310148	1
100619767619036001799	0.0006180207308742599	1
115279333530043510844	0.0006172553674684687	2
108102812889012605081	0.0006150412047425957	1
104154510648876236073	0.0006123183075721164	1
105618295263719450825	0.000612242105541013	1
100268281156139418010	0.0006121278866855522	1
112390801806756526691	0.0006120553770462014	1
102346400614635340030	0.000611354654599785	1
117865657916498538688	0.0006111392892796584	1
118038661818052605097	0.0006110765597329352	2
104256312548901524722	0.0006110243364418726	2
112985739360923341681	0.0006108046868916433	1
101955168309327594158	0.0006107705566623479	2
109227682559493353301	0.0006103297411363768	1
100980643623677833022	0.0006101308332961462	2
104106591514117095418	0.0006095555084561406	2
114352249019816428675	0.0006094437685910032	1
110720365196094415019	0.0006084463394402347	2
106244491045809674327	0.0006076199564255032	1
113218590431249449552	0.0006073547804855309	1
116326924089461824021	0.000606355362244638	1
111408457161696289670	0.0006054232441028025	2
111042134313594902827	0.0006051876715615512	2
118114557675104381720	0.0006050314297103235	2
112678186134740033778	0.0006044062783618228	2
105607680428558991633	0.0006027397330569955	2
104887560331298294070	0.0006024442815839219	1
111257156574198767770	0.0006023343503838508	2
112329394481392555656	0.0006017618967242518	1
101436633503339641010	0.0006016376105917696	1
117062055047000559744	0.0006015065034740961	1
109410701460407703403	0.0006007235109010717	1
115935765856629962218	0.0006003363431277565	1
107350674110482449715	0.0005994446079580751	1
102299732908887751198	0.0005992614004833218	2
112630132689918237462	0.0005978243995094625	2
113501423705211783319	0.0005977893059677117	1
115971103286397223281	0.0005977871918008162	1
101640695827845658690	0.0005972483542664514	1
108602149449027340564	0.0005957311654219519	2
118018940737717359948	0.0005956139911268146	1
110459739605591286046	0.0005953255283727419	2
106686400871778596224	0.0005951976863973023	2
117742578129377459404	0.0005944967108587998	1
110308609618542819697	0.0005941943997604731	2
109951598646894290458	0.0005933221275654338	1
116453943244691250522	0.0005932958989107913	1
113819848951123452693	0.0005930914136443864	3
113863365761872463503	0.0005929875987741159	2
101176872497707839631	0.0005928499101236569	2
109857764010432028536	0.0005927510887881427	2
117950453145750849911	0.0005922486542219152	1
114752815802126453174	0.0005917961872347554	2
108523803950497353791	0.0005911458622966221	1
112885755521259735422	0.0005910736031956716	1
105570771738153856460	0.0005909890598893922	2
103697774730216910679	0.0005906393435349102	2
108462330668787702643	0.0005899982213103403	2
116359055447363070973	0.000589887299241787	1
117722810736472615387	0.0005885754078059258	1
116512710128929868475	0.0005882110670737822	2
116640356541451077705	0.0005873330711427037	1
103363113052329761080	0.0005872056418733834	2
112934551097156673460	0.0005867025651471794	2
110413729404603539378	0.00058632624783536	1
111587319385064085440	0.0005858317554574547	1
102083191980266550004	0.0005854250645667165	1
107668018853508633698	0.0005853178388625206	2
100881023835399578828	0.0005848068407156978	2
100442356538190660160	0.0005842928180456186	1
105733852373702763877	0.0005841189410971319	2
113175780933664009182	0.0005840013886497389	1
117535783004495331917	0.0005829460608343673	2
113612996485664648369	0.0005825185461242729	1
113609359086719569624	0.0005819146166868483	2
113159644397994769684	0.0005808967877733863	2
116764224689820866570	0.0005807341952507694	2
114983252637433706962	0.0005803182288714301	1
116989633749715333475	0.0005788148841692131	1
100435311988307080376	0.0005786827207810166	2
110758491335145478334	0.0005781351998610422	1
113381483153888636532	0.0005780355198151724	2
103130564210779910919	0.0005779624881957239	1
100942119548468520608	0.0005779510307521268	1
112084832444408452740	0.0005774422076834373	1
111167107173528955920	0.0005771897887207748	1
115213854582147469450	0.0005768614431022214	2
115425017959501168550	0.0005763527097294872	1
104615036373699865786	0.0005761516041383494	1
115110315270201006571	0.0005757486903167628	1
109797793922220952315	0.0005752956918026133	1
100823853628741938992	0.0005750894813421887	1
114119704222476420828	0.0005748434926397808	1
115060919815636493811	0.0005744859323209815	2
103254975978184665893	0.0005741212773053749	1
104214901993894018115	0.0005737422675371731	1
106864717212560960812	0.0005730782776327632	1
110223460047500171986	0.000572637541282685	2
108684873053779023051	0.0005724544164437081	2
106340197351461860820	0.00057207258513993	2
112210961720607799501	0.0005708921876401397	2
102954281309133946150	0.0005707793016883809	2
110518571683201887166	0.0005703118396264708	2
101164950431127107614	0.0005700125319095814	1
107525778405784831972	0.0005691894432577965	1
113430123211585759627	0.0005691847464779912	1
117898567258927181168	0.0005687856324304557	1
106709321860454955924	0.0005684532820749755	2
118120364585932387777	0.0005683671421487134	1
107505640403924766397	0.0005683504781236273	1
101861996949895074943	0.0005681271460288883	1
108429362865809614439	0.0005679807808516683	1
113233148970783649909	0.000567516277775397	1
110607746692718215864	0.0005670891859935492	1
114858491689278510191	0.0005670123028910863	1
105415522524678677847	0.0005661894571600658	2
113946715443571015123	0.000565219763306389	1
108933318646882898959	0.0005643305410025471	1
102165221944293633376	0.0005642059057740251	1
112965003329600470280	0.0005637652411180766	1
108542957733897627949	0.0005631638538456777	1
113836930896487951842	0.0005629971817350833	1
101485142151301995462	0.0005629512983351727	1
114580307878074936861	0.000562279945039379	1
112904879489018542405	0.0005622180427809318	1
118098315189706515990	0.0005619695334908537	1
112699840416743990294	0.0005616077335036513	1
100208708477907436543	0.0005606690570468675	1
106088764885830745677	0.0005604492392644849	1
111845895635941730428	0.0005604246603341482	1
102096458761857893084	0.0005603992176108841	1
102701684529747719468	0.0005603101149195974	1
116246690449431022994	0.000559601504045674	2
113396889266270074701	0.0005595969724087623	1
114791416900308438279	0.0005590762854589888	1
108465402719296427266	0.0005590349739121368	1
117353579822432910572	0.0005589294103143588	1
105502548944193449918	0.0005579082200925188	1
108726225595632343386	0.0005574774414744096	2
103356743690962786437	0.0005569689131070353	1
116924776961793297027	0.0005567010839797206	1
117890768446714336956	0.0005563826216754193	1
117463451991247727919	0.0005559333457017904	2
117807916297689738572	0.0005557618919737001	2
103096545484024897512	0.0005556097301916436	1
112715127450568034561	0.0005549887382442285	2
111183020303927203995	0.0005548908891503807	2
100454410388149159869	0.0005547947431756093	2
108621807234552207222	0.0005545104721532082	2
111737351880500948034	0.0005542983414853938	1
102973626378192011503	0.0005542134098974546	1
106269556673463382281	0.0005542037483082867	2
115821408635470795134	0.0005539614079061335	1
101256198205956792432	0.0005533239036415402	1
107693201916468802749	0.0005527046871617873	2
117966418629525396871	0.0005525167745425392	1
107542963091048214466	0.0005523700830456147	1
116475141635496647275	0.0005520453869976405	2
100894954903134863555	0.0005519183699044929	1
107002197904877848100	0.0005515447429982913	1
100019364506073195455	0.0005514376727066902	2
112542721744876170293	0.0005513943506323376	1
115800981214253798915	0.00055139249926226	1
112739370943409722459	0.000550679995424785	2
101319199068187021366	0.000550659956750478	1
118089545241069128950	0.0005499777855685668	1
102434883684551427351	0.0005498261964460158	1
107947517666931374331	0.0005495059529814159	1
107495427685666471875	0.0005494187301619356	2
110700675217889287600	0.0005492892830829238	1
108772263935976098424	0.0005491321189672751	1
101819477784427010393	0.0005488715686368672	2
110117399936822478744	0.0005488356937121946	1
105719943141175185993	0.000548525558576424	1
105813917781374432384	0.0005482257578314924	1
105015172582634766207	0.000547312572141041	2
101001754553539339525	0.0005470444687463867	1
104594886028138157479	0.0005467483205716603	1
111021002113667196653	0.0005466946961526903	1
105381323836508035898	0.0005466746754824432	2
118052684405036727054	0.0005466284652032368	2
104072866653298861451	0.0005465675284095313	1
115313009766208968489	0.0005459204360414373	2
100790282343650757296	0.0005456485049095667	1
114085261968703445258	0.0005447958323008029	1
103734725959016996054	0.0005447731201150059	1
111189191413904586130	0.0005441505995436384	2
112548541403272545854	0.000543816719630601	1
103604193838758665134	0.0005431343219188884	1
118138738218003547530	0.0005429525604072887	2
102122892091405997958	0.0005428838310473078	1
109380412821912206175	0.0005422678574908938	2
108521360855837699810	0.0005422413997689858	1
115683362169779591399	0.0005419520644407229	1
106010947641873595438	0.0005414030000050299	1
111344301347163991185	0.0005413048249703371	1
112047518791547423051	0.0005411273863128193	1
114642622308615236787	0.0005405366280729924	1
118220535489685914445	0.0005403701689304672	1
109300748911683308738	0.0005399548241654545	1
101825577278220646078	0.0005397622539501904	1
102418802702780156356	0.0005391937972955409	1
101611714527832584931	0.0005390997737409057	1
109067445408247027846	0.0005389006550072324	2
116849062506250163587	0.000538772513889051	2
105224292283043844134	0.0005387491332920173	2
114969309232490288533	0.0005385893610509298	1
102171675631622616190	0.0005376034957929876	2
103093045838343525492	0.0005360445822699433	1
112594607056304480509	0.0005355348814273171	2
107916932044263516432	0.0005344334068628609	1
113905180722565719491	0.0005340330303485355	1
112047849358415491555	0.0005335386125767309	1
116005615946522991610	0.0005333380275605196	1
115329145716512485595	0.0005332797461168649	2
115769261017711429786	0.0005330833369384534	1
108160336082316414959	0.0005326501762328895	2
116309790699277977438	0.0005324558047210127	2
107331589754840380320	0.00053206422921663	1
115082977301557449995	0.0005316328934116197	1
112533946090072949685	0.0005314455408115935	1
116070530543302715797	0.0005313938062580676	1
102740688659359004812	0.0005312252965835765	3
112197199656295400292	0.0005310687602623705	1
113575816488944487910	0.0005309109051365242	1
101443464480972432094	0.0005308498005418836	2
112931241997268074535	0.0005307172444373617	1
110474422371111153870	0.0005300204075722509	2
117027402519947885625	0.00052991541047745	1
101389442397237522148	0.0005299132816100696	1
114708811210081647889	0.0005294783734873656	1
102249182845295578962	0.0005294729966765409	2
108076065949275895817	0.0005292800409857293	1
107727150903234299458	0.0005291839632134368	1
103126468029878421798	0.0005290644129088491	2
113505718248085325197	0.0005289973897738264	2
109813962904244597868	0.000528947153564799	2
116752979969599641049	0.0005289131676544501	1
112914436200028681566	0.0005286218770416324	1
103370381849300614410	0.0005284282151294296	2
117608981394572885142	0.0005282771721668602	2
104894729290120450015	0.0005281090494023605	2
118252734934127833288	0.0005278826359799702	2
106316721507389904102	0.0005278017610424714	1
113113447782383069533	0.0005277931777903911	2
105908871184264680188	0.0005277889813658968	1
106607315761479928197	0.0005273883757549399	2
101925705381192094985	0.0005269212673723043	1
103124709168598347257	0.0005262311528658238	1
111031409666199205316	0.0005259654580194537	2
101780503055520609055	0.0005258498880553238	2
113870319652943892996	0.0005255268181679076	1
105422871059252962617	0.0005252194325218726	1
113209220492121310402	0.0005250505463857376	2
117917773101956000289	0.0005248760630274817	1
108130211924447487656	0.0005245958704000759	1
113134124755005963558	0.0005243520479003626	1
103893995354469642882	0.0005222396129064353	1
100322256610515857927	0.0005218846056138688	1
101872422101495974552	0.0005218415360417832	2
115495788777770020849	0.0005213407391832846	1
112081605135199235791	0.0005210950491590968	2
112167537071236360448	0.0005207332988496347	2
113395912577264627875	0.0005198560774318777	2
102748530541698746889	0.0005197232919145206	1
106453324149578946702	0.0005195742405962597	2
107615229800614650912	0.0005195190803006435	1
105158046330246596729	0.0005194637479354712	1
114701730545166907326	0.0005188874977144957	2
109273774327529684511	0.0005187472315762563	2
104601162940172564363	0.0005182859980990715	2
111048363192497167448	0.0005181613741516815	1
114116833275992871837	0.000517775809833923	1
104640207017509079680	0.0005175037508926145	1
114589284773835963514	0.0005174045259183819	2
112295465678891390480	0.0005165350029531531	1
112255025268390584570	0.0005162129184398678	1
113834781258988248846	0.0005160467831951985	1
117254253979009829562	0.0005160261676930188	2
105080431461426489661	0.000515796474434328	1
117294876712139186036	0.0005156330938061102	1
107668520185113566763	0.0005154253635960043	1
116190014346197961114	0.0005154173472211744	2
104635273127801707904	0.0005153971486501269	2
102817588588027389796	0.0005151711476184073	1
117498520407808447504	0.0005147791598602018	2
108296299266997869690	0.0005144906550621906	2
117134203809928335453	0.0005138934641414592	2
116553838758969983889	0.0005135208391132126	1
101898471192875726315	0.0005135043715568242	2
115408122867838016178	0.0005132835317441195	1
104606614753457778918	0.0005118520171393704	2
103633387768867388938	0.0005116814062075001	2
116754590550251315975	0.0005116374289051742	2
108271347173665584145	0.0005114603992662144	1
114679277461863013358	0.0005113596958669228	1
108861135112380527338	0.0005111429653491047	1
115388020513685512188	0.0005110888056849535	1
106425352439107920281	0.0005108915173515324	1
106197042495102363661	0.0005108667768708662	2
100251061855880028382	0.000510543878933502	2
104627284419784468591	0.0005104591572895728	1
104252761514533276499	0.0005095661571587601	1
116684211925678656448	0.0005087400433391827	2
101159644402693130590	0.0005078989142610439	1
114327577165101536932	0.0005078731867198673	1
100989890516996368581	0.0005078540634906307	2
117929151921447138991	0.00050782273770055	2
108047355615324602084	0.000507498837779462	1
100999051611635950304	0.0005067363358773452	2
111503532778437568057	0.0005065656597113015	1
106700745771864783207	0.0005065412481879383	1
104680587496210293052	0.0005064519738310229	2
112674893401585050829	0.0005058216776055299	1
104551244899568742701	0.000505799344828417	1
116924220053677113010	0.0005055304803182318	2
109209241891865085565	0.0005049920954157879	1
100379544576801445952	0.0005048349223367983	2
106795636907242781617	0.0005039299360266006	2
112776394804213099516	0.0005034785830148479	1
108496185255219312300	0.000503361231094502	1
103590005891614875693	0.0005032922899243261	1
111687666482329218079	0.0005029804339647414	2
102755394257026410602	0.0005029488202476008	2
107150672217437187620	0.0005027955779810762	2
110765730590972636678	0.0005021320485693679	1
101892012546234123421	0.0005013170158111485	2
114673671586686174539	0.0005012782501267155	1
109118866457720687822	0.0005007817265359818	2
100593696770419986561	0.0005005723302208677	1
108532258944851327888	0.000500511318100422	1
100538905565574313091	0.000500458328244023	2
103144126181433498625	0.0005002528415118321	1
111587347315808932850	0.0004993937826599506	2
117612081004597851170	0.0004993477835914424	1
104583653744197903386	0.0004986336586082186	1
116907448854904972449	0.000498478921313667	2
117237336764247353905	0.0004980611986159763	2
107371689828561280612	0.0004977446374029652	1
116229333501301977246	0.000497251091048806	1
115015613700494812441	0.0004971247744309334	2
107321985698950027292	0.00049707914045449	1
117733415952407247601	0.0004970046145655114	2
111059970532919761644	0.0004968117130518588	2
109377231548307725190	0.0004967732591291967	1
100415345527134852246	0.0004965727338181696	1
106234644699614770954	0.0004965439668888341	2
116796375448011593275	0.0004965221239294472	1
108411886734034145189	0.0004959141821989932	2
116230050632137216206	0.0004957403287040379	1
110167763288125462027	0.0004957132577559256	1
112763558414523707325	0.0004955297342567762	1
103124900158758416832	0.0004952955180949143	1
115482592985338514967	0.0004951949733496459	1
118340027169210972498	0.0004951484778582471	1
115884691033744405026	0.0004949178517212341	1
112598206391515336167	0.0004947147439669426	2
106768319841801114808	0.0004939860931175307	1
106566867554767185071	0.0004927162709342831	1
103838543087105182826	0.0004925418407091822	1
111947940749970154249	0.0004921058562900927	1
108504476151065248997	0.000491832030206551	2
105412390488287120602	0.000491803247724519	2
114147483140782280818	0.0004917089590407751	1
113564067149959310872	0.0004916103916540057	2
109769095489366015369	0.0004915140017504796	1
107896119522288288895	0.0004914995313938599	2
110031522736718328239	0.0004912073652669543	2
108678054255869496871	0.0004911334639194048	1
114667405325124671970	0.00049103640958965	1
102455962404532984965	0.0004909277709467526	1
105446043117326893399	0.0004908676049707773	1
114003837078923283093	0.0004907774368473369	1
100224201035383306651	0.0004905634662150857	1
114574564712054650612	0.0004905138882780123	1
103875657007779608001	0.0004903054181065909	1
113208301916301032658	0.0004901853816012697	1
108209132128543405760	0.0004901716525468071	1
107507408954672789034	0.0004897666793137698	2
112609343740187370731	0.0004897617367871121	2
118192222297994307303	0.0004897255093712635	2
114125059648511830046	0.0004893402773334752	1
116702891944398032127	0.0004892921539413072	1
116140925147837861736	0.0004892799923576194	1
108518027116060173920	0.0004884432027138262	1
106481383735447072063	0.0004883556936370074	2
117807073853572771085	0.0004883075769175116	1
107586850351692018634	0.00048821932448704804	2
116043634832957991812	0.00048811578499283073	1
101789652798354101581	0.0004879829837637478	1
108698034442038948439	0.0004878212006499259	1
113892782190903941002	0.00048760134101498865	1
103289478156823591126	0.00048707921760337235	2
102656080754185949095	0.00048704680757597494	2
109517891980414625830	0.0004867653859599479	1
110136234027772986218	0.00048661253528431	1
100254889373963859162	0.00048636028595978013	1
116639337257732316360	0.00048634949912299626	1
110071953455494033881	0.00048614151798805435	2
105155765336297774634	0.0004850899510798339	1
108076443271460968521	0.0004848815727162308	2
116687185415951259493	0.00048481919342103586	2
112930960401848447323	0.00048474622542930287	2
106099900352946839113	0.0004845527720650749	1
102888009413060300017	0.00048374341934368783	2
110980858757137478851	0.000483596655071887	1
103683816139551105010	0.00048301878529875033	2
116203063268554516602	0.0004815868711603036	1
117459925640711320774	0.0004813686931371622	1
117883011891190257203	0.0004812478382599017	2
104577786425319045732	0.0004811299932303122	1
116041625966963072754	0.00048038216102981384	2
103992805167461050114	0.0004791976949914458	2
101009365152868438857	0.0004790131966793963	1
105753149639102037615	0.00047878731622623806	1
103730107918448271814	0.00047862780192016143	1
110905384414518301056	0.0004777102590052411	1
107480515235248892646	0.00047712412073449683	2
102198764451484919931	0.00047711586042071554	1
114830458019096176470	0.0004770775171601048	1
106041406763877892666	0.0004768294710315654	1
106899498657025088686	0.00047628182906430565	1
104146944676484941388	0.00047626386198827307	2
102469997747585590903	0.0004759088144400368	2
110379117319804036514	0.00047572434082381943	1
116982029951788952383	0.0004750140482036922	2
115750266434429318850	0.0004746638367416527	1
116318553450701455751	0.00047458769876993607	2
117979206306238107790	0.00047458609119348965	2
101584477573242727874	0.0004745849417004029	2
101425432113707315497	0.0004738844754436627	1
103532377473126392643	0.00047362413146141973	2
105953127035006071466	0.00047353377356151155	2
117676539468048015018	0.00047294705533034885	1
115014982086075314957	0.000472896733691945	2
110855134895946246038	0.0004721448113919641	1
106949046731791983699	0.00047178292667660884	2
109519872564472121189	0.00047165586283294677	2
102228067081586135176	0.0004709495927667443	1
104876486229882551557	0.00046985210496569075	2
113928492248769765553	0.00046981903120633646	1
110933719425528905091	0.00046910511797215173	1
100246286495936269858	0.00046850651968407154	1
105579540460865194226	0.0004677618257955808	2
118250668057972788720	0.0004676229545090614	1
105011393573131966283	0.0004676101964425337	2
110622264538961942018	0.00046609670620202887	1
113301380963764602320	0.0004658467916475391	1
101252071682274513825	0.0004655952389760264	1
113499339172633730660	0.0004655235929220771	2
101152078896621257006	0.0004649748257654266	2
111128795280826550721	0.0004649269866669023	1
116833381306076146327	0.0004646104169963748	1
103114139460014003029	0.00046451768976783607	1
115349337704406940923	0.00046433834763269304	2
108308170584540851846	0.0004627209695841806	1
107663386676329826112	0.0004624941616621724	2
104659048493255209828	0.00046223765067795845	1
112853001443080994074	0.0004614866130005467	1
116867733552040404672	0.00046038691183321524	1
112019123401777431250	0.0004602393978542739	2
117293105371495929292	0.00045998993695523096	1
116946353365741486225	0.00045932800741230217	2
111430273690300705185	0.00045931903621522117	2
101950961963959375425	0.00045890096918649564	1
108712665632604154510	0.00045878618223421565	1
115995495865975827932	0.00045873261124985303	2
101031809191312626616	0.00045833001665291446	2
109189238598420792918	0.0004578708243175932	1
116029916334296947844	0.0004577401286454221	2
112365356781152751755	0.0004576156768983589	2
111161768627671315311	0.000456941975343484	1
113732960956647316772	0.00045636594639656894	1
104382517567625912170	0.0004558881342818371	1
102143342772805415582	0.0004557383914147933	1
112984373977218368683	0.0004553405704536069	3
115069996199010221146	0.0004552451886967922	1
105962647214541573117	0.0004546420382853506	2
109082024379645905648	0.00045406567083481437	1
107051969794061879615	0.0004538489343887955	2
115141092509721329158	0.00045326899513856015	2
100637131948990841984	0.0004530852694906505	2
100292192224247076626	0.0004529893244524815	2
112158988113590372338	0.0004528839704074942	2
108091327114614335688	0.00045274250856958077	2
102146414203682149837	0.0004525250339535159	2
115361825643480834234	0.00045241736509837036	2
108859426566272871926	0.00045225813426334846	2
101653113390846615049	0.0004519910389375027	1
102353275873804612634	0.00045144095374308505	1
109041296808893309950	0.00045130157163166044	1
105813701068511899418	0.0004512881731084658	1
102944945830845365491	0.00045084300922135424	1
117872253148228515153	0.00045042137853768763	1
102413899651072323330	0.0004503084893966772	1
108423218277157430930	0.00045026361311830093	1
115884897721735446510	0.00044986107167553223	2
105519038660802781347	0.0004498456764924783	1
102824205268580014580	0.00044978953731339855	2
102813848338658654352	0.0004480907390754356	1
113751898355404705580	0.0004480484395694278	1
110034339776271550369	0.00044791459770159806	1
104444341528256249900	0.0004478665918654228	2
106534614709047283662	0.0004476584199759016	2
106548976801025520856	0.00044737305176698755	1
105713464241216807098	0.00044707038783798995	1
108324318567923629044	0.0004465780172475958	2
100015780237202683207	0.0004457269715597077	1
117089612144881217418	0.0004455195745870963	1
104571131673573996084	0.0004451165583306143	2
112880991733871414640	0.0004446668891204347	1
108021646260607117368	0.0004443891095490041	2
104801577898649535503	0.0004441522106076031	2
118359977056278520894	0.00044384337523953267	1
106005186720579294826	0.0004435749178347885	1
101220131934574258018	0.0004432359276438651	2
107432405990306059099	0.0004428770974681367	1
114033531543334884588	0.00044270096466621526	2
102143578702997047907	0.0004425752983931928	2
117493463864070738372	0.00044208622982228366	1
102788405371696872276	0.00044188195363157495	1
103031681861783472058	0.00044182813983549487	1
100267928996015303259	0.00044111369429296083	1
116968618769735351105	0.00044068754489105463	1
108323565869363850923	0.00044064295883337206	1
116380653872256638224	0.00044043076090249185	2
115760975394576206714	0.00044023192235876296	1
108065722990495852723	0.0004398024319610329	1
101112069836033294954	0.00043957483258746184	1
114721707153992450318	0.0004393667269195382	1
107136594757258822319	0.0004392813794882461	1
108421068311256655678	0.00043914596417780633	1
116182046833529036082	0.0004390674266211756	1
103003335364559287111	0.00043900319757340434	1
111285156314431541418	0.0004390020942449149	2
108282766766635868780	0.0004385334462369767	2
109379622374687824346	0.00043823719427924337	2
113758782471270164711	0.0004378656215440124	1
103144408993746480563	0.0004378097818579426	1
112601371820511846657	0.00043755382575586194	1
103902680550133166400	0.0004375045476886335	2
112838542883956275738	0.00043750030830575686	1
115751302658599590951	0.00043675420416094686	1
112843376124270729415	0.00043607524874969366	1
117750925255977689651	0.0004359029721355543	2
104512876570646686765	0.00043541050105223075	1
111739751403912887861	0.0004354031549356793	1
110075254641670883556	0.00043499700653289424	1
101395989359238879782	0.0004349519052617569	1
109905403681888320006	0.0004344566455516904	2
113011991260557689823	0.0004341464866720197	1
112353792736835384317	0.00043368860190059355	2
114531070097717314226	0.00043356504321226505	2
112429894174544964354	0.0004332094709264475	1
107192758750583236532	0.00043315412111743156	1
111445952873225621673	0.00043306630540078015	1
116566097540191108280	0.00043203545444486774	1
112686843091136170762	0.0004320122408279222	1
112282212796964740130	0.0004319027073430621	1
110717004259802576923	0.00043135675943135773	2
112452085350139207925	0.0004313502186455871	2
108344179605011371704	0.00043133825140219075	1
117904789462677232910	0.00043050788466828086	1
106714664476207329610	0.00043022852983997826	1
101275179870005929648	0.0004292125900772591	2
109139984879830575315	0.0004287780011333787	1
114864984617337956331	0.0004286676047998429	1
115304694238032993467	0.0004272125716092184	1
103993963150589184286	0.00042688145093396524	1
104508507682767510004	0.0004266811468912917	1
114796562713092758688	0.00042650379654664847	1
108487822477374389081	0.0004262554245702677	1
117465583419381406191	0.0004246422526251285	3
110307374557637574438	0.0004237942455797758	2
106273308998274680527	0.00042362948401484423	2
111134045655317063010	0.0004231461189068348	1
113707952292345933605	0.00042251743492791087	1
103294358672505913167	0.0004223171027752499	1
108526151904394584422	0.00042215074898283315	2
105242418917790835304	0.0004221031671942461	2
110646615172842886041	0.00042169879619492306	1
111246222621577046613	0.00042147506145017534	2
117227223410553236894	0.00042120531491056173	2
111306922173966452075	0.0004204464899213681	1
101214107242258352814	0.00041989021045350447	1
103769832492210850374	0.000419525113514178	1
115913129409035093824	0.0004192572253388664	1
118272434101169578887	0.00041864953732816845	2
105575422933037601822	0.00041708118829979267	2
106629137435682213230	0.00041682244712317807	2
117483306494990479133	0.00041651135232835074	2
112346992233757386057	0.00041634894701175827	1
108406755709472416416	0.0004161568903140718	2
118041855017277161063	0.00041611901130639034	1
110067667777729837335	0.00041603609643518286	3
104988322870618977426	0.00041541618654947687	1
100063536974507534326	0.000414987557496277	1
113322577087872240881	0.0004137640977310977	1
109147614746022635692	0.0004136640813969325	1
105769516574744341737	0.0004131030542942626	2
100823443588690900979	0.0004126695735180934	1
111950516543880143598	0.0004124441125014438	1
103782687923881308234	0.0004108276456485921	1
104627573121470968095	0.00041066477356515826	1
115904377721995224516	0.0004105093428447812	1
105952345413478547440	0.0004102075623265301	1
111537579273306903367	0.0004101194037501298	1
117918384207925844752	0.00041010113990943116	1
108267452562029609999	0.00040991211918834367	2
112150319706069090702	0.0004094923099127567	1
114111311364493759875	0.0004092843450963404	1
117351313985462821495	0.0004084995898554908	1
117284347749726423159	0.0004083940037963678	1
116935874148006850815	0.0004083582676164748	2
118131417301350660933	0.0004077568397264759	1
109182699471998006380	0.00040688361864836726	2
113053503668938296001	0.00040673874746139304	1
117668285776179734707	0.0004065613407024719	1
105300588980879894105	0.0004060160987056936	1
112451681343577317102	0.0004058166401248017	1
109931202765145139185	0.0004045198269981348	2
110671286612351286335	0.00040347984556099475	1
114668957832820917715	0.00040262263253520097	1
115708174332375617872	0.00040233486997269784	2
111879749694669515860	0.0004019263378410798	2
107146049219041450350	0.00040171276154907194	1
107950816399190607289	0.00040126102260099386	2
102181546310262358837	0.0003996716298360068	1
106534590021393670756	0.00039806059715282393	1
110417116927521392783	0.0003977333012370228	1
104926854905340031989	0.0003973565872475285	1
100322350364781224911	0.0003962872598995481	1
117763327806165990792	0.00039541341382659284	1
102611278726373296251	0.0003952878435247778	1
116981835347925524499	0.00039513205016118724	3
116294435691850221662	0.00039458454880333276	3
116548505994997744358	0.00039336393604677214	1
118050849940309986243	0.0003931777982996978	1
107485702249108153532	0.0003924047376373345	1
111425389710625097093	0.00039094822068238514	1
107346512638466303782	0.00039059056593222254	2
114233718804492781089	0.00039048953518367575	2
109749514716086080614	0.0003897817955514217	1
102470066554362608185	0.000389656627952103	1
100846321432199933896	0.0003892024007734032	2
101899205245872995458	0.00038754251640672	2
112701902034765648803	0.0003871908042711641	2
101274402086310745284	0.000387147878805793	1
103927762651271833951	0.0003871306439823354	1
101853529722624223110	0.00038688181000676126	1
109657624862688852375	0.000385911142184278	1
118437663699770044083	0.0003858142407969808	2
103414585314985978002	0.0003852252439867192	1
101844918023535804783	0.00038456612853161214	1
105123472235665307756	0.0003837585276767032	2
106686438536671985498	0.0003833363913095738	1
106717741565101077587	0.00038328517926780934	2
101411533200351589120	0.00038316392644989093	1
106813592209844834210	0.0003830166936243274	1
103897107020112856587	0.00038294514577512503	1
111195838733454098219	0.0003825608510930803	1
105161978201946831142	0.00038220464805583775	1
100235657381923815675	0.00038178008308225393	2
102082383403038732632	0.0003814933030263268	1
107896895321964847765	0.0003802023138922867	1
114261653240024723820	0.0003793909872510028	2
114500123940436101602	0.0003791854926693953	1
110541044751298877932	0.0003786280160425993	1
103231835662392962165	0.00037851196742473407	2
104727490715029477214	0.0003784696588103082	1
111852866679616208477	0.00037797145198462383	1
113701541741306361978	0.00037726188191412787	1
106587608399853901587	0.0003768793597513563	2
109483342342285450115	0.0003762928825771879	2
106955175674471221909	0.00037591872758820994	1
108221981788990450225	0.0003759125159087561	1
117451977985364009244	0.00037582986124673457	2
114325945096415316130	0.00037582003881958016	2
115248569596343405322	0.00037580569077405037	2
104070223882117824524	0.00037573797271099206	1
107399939566310889990	0.0003748374073728197	1
106986862578384105925	0.000374544977710719	2
109089109249026938015	0.0003741998010932945	1
110046846795246227657	0.00037409225541135246	1
114646975175022557673	0.0003733224202139116	1
107360993746641583150	0.0003720339096077693	2
114221940972136294559	0.0003718347996026433	2
114808059613381598889	0.0003716182153936526	1
115405058981789788260	0.00037061845038977465	1
106129756980404686832	0.000369777355070203	1
100809112664778185960	0.00036944325091657995	1
116159402929079722496	0.0003693260353286967	2
100004368791636763673	0.0003691912598078579	1
102058785523676490843	0.0003680423533621935	2
108969070080444423819	0.00036774469794176605	1
113312922733169738846	0.00036743039201421034	2
115385751167606547967	0.00036684910070711673	2
106351228764137687826	0.00036596077560372987	1
108707889772419784670	0.000365810626595079	1
101635646826159269569	0.0003652824219184049	1
107656695619221404110	0.00036490508740485853	1
112932579323178944687	0.000364871952691019	1
108839291795736082895	0.0003645074322738217	1
111711273922997281928	0.00036444782207794907	2
110616143160302317459	0.00036435296421484146	1
104722577869528584318	0.0003640038512304216	1
113521418473888047506	0.00036226767153371003	1
105955431333755894313	0.0003622139177917416	2
107248984294065281192	0.0003621309378769661	2
115902957875587363938	0.0003621236420373488	2
112851138791074131055	0.0003620385084817542	2
107788845622068682977	0.0003619534189891144	1
102474696053479204607	0.0003610382107313467	1
103363726717285418438	0.0003601916354429623	1
107439744479226820586	0.00036009966160446697	1
112222095100110566238	0.00035976212390647543	2
107600933596548845833	0.00035968814042759077	1
107441876006843268036	0.00035789068517921315	2
105254953355899816094	0.00035670031997418885	1
116417560883731706834	0.00035655541510252466	1
111547927690852844537	0.0003561580858443133	2
106847608435156222133	0.00035610486947835747	1
106291826191903119659	0.00035599126254994023	1
115877311410977876458	0.0003550278706574838	1
102242367619183165040	0.0003549089531695054	2
112244156071109762396	0.0003540962549225494	1
106262937912027213489	0.00035338155407483327	2
105242605420454124239	0.00035289821690188055	1
104449022281644467080	0.0003506582673305768	2
107409297289663384323	0.0003499414760229097	1
101586089620526551395	0.0003497619964276071	2
117954703035625832735	0.0003451055168027506	1
116209320176799885593	0.00034364309557443045	1
111767784502058857438	0.0003423148777947468	3
102026595362337585819	0.00034109988057349203	2
105113944001174082440	0.00033984426718843165	1
116695751605757834156	0.00033969528527695857	1
116352901397326951293	0.0003395900539879087	1
105206804954362790801	0.00033951959371612286	1
115212185875399904107	0.0003392496762655283	1
116255588673959227206	0.0003387975978881203	2
115105678979552578021	0.0003384729904598555	2
115317802089856980953	0.0003384046501627578	2
108376387378433293253	0.0003380470703093794	1
105364762703187771216	0.0003380230858246697	2
106809452030897061084	0.000337596414745385	1
114066743563163756231	0.00033702149865721406	2
101220602750037954802	0.00033702149865721406	1
106037690926709907570	0.00033702149865721406	2
110251713974696868713	0.00033702149865721406	2
113824906522783130240	0.00033702149865721406	2
102851150063530059973	0.00033613080229761454	1
104980851170692147407	0.0003346938052612423	2
104183452558384067503	0.00033430736317062784	1
101176403932289820260	0.0003338095360460801	1
115137582744433869710	0.00033325887739701714	2
116151053804007295673	0.0003295145064556017	2
110056069996326723644	0.00032832674840858715	2
112265530612463990247	0.00032752904384573993	1
104095203444983021334	0.0003263835001133558	2
114286093776799838167	0.000325852768460852	2
100865424702789108139	0.00032550494477797683	1
114370906226433586952	0.00032503284207291286	3
116152958352653433107	0.0003248125214661302	1
101490570474317952160	0.0003247543095974641	1
116600213158776543195	0.0003240046666340578	1
106049553652554494822	0.0003239585232701277	1
114715713272079318871	0.0003237895050046576	1
112815854542071593828	0.0003237895050046576	1
101452084104801080149	0.0003237895050046576	1
113178478889185342332	0.0003214467257408508	2
107011998749274330878	0.00032049830542032174	1
116061538696518340767	0.00031898146917014704	2
118318981200657657167	0.00031819761949961625	1
102646941840283964089	0.00031819761949961625	1
117832003148082289702	0.00031819761949961625	2
101020977873556533693	0.00031819761949961625	1
101978598630257035740	0.0003147511109912231	1
