#node_label	#score	#gender
116098871290246433189	1.0	1
115017840964219023171	1.0	1
108052690474414852355	1.0	1
117464410931711414271	1.0	1
114954579537134392510	1.0	1
118211470604625240348	1.0	1
109213341727335961954	1.0	1
107026562482823964307	1.0	1
101222125576635425546	1.0	1
108917781740394847203	1.0	1
112516469338744205372	1.0	2
108547697316499989806	1.0	1
105000959278885513983	1.0	1
109969135417893216190	1.0	1
101394980214243787307	1.0	1
103898216576940080614	1.0	1
115203538913227627197	1.0	1
110877363259509543172	0.3333333333333333	1
103103834116993607848	0.3333333333333333	1
112188647432305746617	0.25	1
107727150903234299458	0.25	1
116719211656774388392	0.25	1
116407635616074189669	0.25	1
113556266482860931616	0.25	2
107527001343993112621	0.25	1
105513412023818293063	0.25	1
115710735637044108808	0.25	2
108736646334864181044	0.25	1
108683283643126638695	0.25	1
107111579950257773726	0.25	2
108322543021146059132	0.25	1
106862156479660675047	0.25	1
101692096009250888838	0.25	1
101650411383078099702	0.25	1
116766352265080910418	0.25	1
116200892915573902040	0.25	1
113715935026755255296	0.25	1
102815391713140794570	0.25	1
111159671558660040486	0.25	1
108208513736292177751	0.25	1
113261832667487932178	0.25	1
107625557514813177939	0.25	1
105015334290243649083	0.25	1
109813811254829685344	0.25	1
103341723446617438320	0.25	2
102665200552377966664	0.25	1
102522934609785480475	0.25	1
113581596275616200424	0.25	1
113003110209055466285	0.25	1
118053787345192709725	0.25	1
102038831382717835405	0.25	1
107318169263608653171	0.25	1
112960790583164686894	0.25	2
115772174763814642163	0.25	1
102737705736968820678	0.25	1
109318802055851257299	0.25	1
111965319170155055546	0.25	1
102255986016613110352	0.25	1
104424338679069151673	0.25	1
108056398297424061653	0.25	1
117791391761541223690	0.25	1
103721531088765428547	0.25	1
113764089012565237302	0.25	1
103149424132366342295	0.25	1
114345903275605514915	0.25	1
114742546997782116347	0.25	1
117297867503542100495	0.25	1
107991035368810507771	0.25	1
118301801570268856235	0.25	1
110636639253275529090	0.25	1
114466969251209334825	0.25	1
101052845941647002594	0.25	1
118189579474565903298	0.25	1
100377940347053808663	0.25	1
117680872003014443769	0.25	1
100856215453651990855	0.25	1
117220917963904171499	0.25	2
109266052612007295479	0.25	1
104679138423679974698	0.25	1
101448421982595335481	0.25	1
108346637271615594833	0.25	1
101157854606139706613	0.25	1
112696040957795558674	0.25	1
113910357978240753730	0.25	1
101222579319909953067	0.25	1
100487948960127602987	0.25	1
107156755577155979497	0.25	2
107375322906605680039	0.25	2
103839604733587411268	0.25	1
102547044539623029950	0.25	2
100333543044473222310	0.25	1
115958937168985975805	0.25	1
111162301399626566385	0.25	1
113340344488226387361	0.25	1
107959790171356428064	0.25	1
116513405135290689474	0.25	1
106612198252274444886	0.25	1
101682840338947184385	0.25	1
118224579703977604263	0.25	1
107545326706908151271	0.25	1
107161758471284783023	0.25	1
100763770877733610336	0.25	1
112875351967017263037	0.25	1
110776101657735290617	0.25	1
112799586715644830245	0.25	1
108802007785063759788	0.25	1
105126600602218044918	0.25	1
100327603635717936220	0.25	1
107760322959931160638	0.25	1
111035851894814840076	0.25	1
103616688306533110915	0.25	1
116229548584533052328	0.25	1
102829356913057400397	0.25	1
109145684557742553091	0.25	1
105146290850515029724	0.25	2
107926385284408156819	0.25	1
114744510189908480227	0.25	1
103795921262630398720	0.25	1
114870652491954460386	0.25	1
114334979365075139609	0.25	1
114987957963756854287	0.25	1
114700236104341164111	0.25	1
107892094740226004193	0.25	1
103145081878594422544	0.25	1
104397059726359189186	0.25	1
102904072906435195211	0.25	1
116737306836663798171	0.25	1
110258899475477198037	0.25	1
111435079858164240138	0.25	1
110865239138634754687	0.25	1
111983095812878629768	0.25	1
105598331474460267998	0.25	1
110276241285032138769	0.25	2
108869749635348559485	0.25	1
114503806689722509896	0.25	1
103020757351652425388	0.25	1
118323006760401758037	0.25	1
113523342129587107920	0.25	1
109486203725207616885	0.25	1
113384490254116477731	0.25	2
111711145986835145800	0.25	1
110446538727989465968	0.25	1
114287391248383368206	0.25	1
117527718645259277548	0.25	1
103693408904411606512	0.25	1
116059703588219590243	0.25	1
107612997855711957528	0.25	1
111479780226003223433	0.25	1
102204551868146455501	0.25	1
112333933532796782076	0.25	1
112658509879375652305	0.25	1
109454408494598337213	0.25	1
115541776543203333211	0.25	1
105539218412370809944	0.25	1
118230138066120295920	0.25	1
110348137481819778312	0.25	1
102915801446798382700	0.25	1
106324260969464307293	0.25	1
105668631124768022675	0.25	1
117270655453846612117	0.25	1
109823866624096356922	0.25	1
116634208853439812955	0.25	1
101748070371523002333	0.25	1
100555383096414009506	0.25	1
100447532306249738876	0.25	1
117746064116017163300	0.25	1
111142884289817620371	0.25	1
107182023412675026262	0.25	1
114247122654933033701	0.25	1
110347380425323822802	0.25	1
111860497034317566483	0.25	1
111527751772875860138	0.25	1
105363480331625813313	0.25	2
108998673146368660257	0.25	2
108066571890832937802	0.25	1
111058843129764709244	0.25	1
102179898810351096347	0.25	1
104644540170824315841	0.25	1
113550515771257787396	0.25	2
109877035555455451821	0.25	1
102965645472907300610	0.25	1
100490938532400683276	0.25	1
109201681846030076792	0.25	1
102889559256621132781	0.25	1
107590093667978669374	0.25	1
106724181552911298818	0.25	1
103912470393680459414	0.25	1
107736282424750070684	0.25	1
109042059733882129664	0.25	1
106930366760781442169	0.25	1
105545643950342933917	0.25	1
108343902805808619968	0.25	1
104896478495888175813	0.25	1
115919664843599780912	0.25	1
112662956693744460184	0.25	2
101948839174240778386	0.25	1
110792617224152644180	0.25	1
113211392356513293746	0.25	1
111164617594851614734	0.25	1
101283929962950159921	0.25	1
109306827362311084040	0.25	1
100141781431561572345	0.25	1
100075370731033242197	0.25	1
105650167745347450637	0.25	1
105857903906473238896	0.25	1
112450551749208408589	0.25	1
114126308045090257233	0.25	1
100956828577544924912	0.25	2
102766762874150493364	0.25	1
113554941842237111460	0.25	1
113202456305358222294	0.25	1
114857801937726299428	0.25	1
112651821425677274147	0.25	1
106037779398952255385	0.25	1
108462037665756760359	0.25	1
104401121686781166984	0.25	1
111108757011887504525	0.25	1
103490014051577974992	0.25	1
108079904701697074842	0.25	1
106330246449513547886	0.25	1
105741303026472281088	0.25	1
111814943123095142956	0.25	1
106992071744711893668	0.25	1
104263215209933653538	0.25	1
104687831543694050353	0.25	1
116420525701620762245	0.25	1
117265302061982152409	0.25	1
108105194941776408439	0.25	1
111121994667003605939	0.25	1
104743018975943257212	0.25	1
113514115429569600130	0.25	1
100973338013746275174	0.25	1
107101180435512134121	0.25	1
107807734026366524531	0.25	1
112244777198241083145	0.25	1
109383523392433949793	0.25	1
110542479265736697332	0.25	1
101061366161237199657	0.25	1
114839638425953508537	0.25	1
108657110797634380814	0.25	1
100528843579371775272	0.25	1
102490257231357450303	0.25	1
112424773829882275048	0.25	1
112401285503970814157	0.25	1
111220150614792065275	0.25	1
100329698645326486178	0.25	1
103739956981270863755	0.25	1
114870442606699980960	0.25	1
103234640511806627598	0.25	1
108318705012627692652	0.25	1
106123465281190845478	0.25	2
105089049053826545003	0.25	1
118132874871419228283	0.25	1
107590479232148253312	0.25	2
104621204832216628958	0.25	1
108587324540492658549	0.25	1
104703421092164625805	0.25	1
116919144680028951802	0.25	1
110963282172375105575	0.25	1
114322062486142570942	0.25	1
110495070999511227462	0.25	1
103215918940588754895	0.25	1
106553543092892703402	0.25	1
115135147689301070319	0.25	1
109446606288546100800	0.25	2
104082542933882592340	0.25	1
116374117927631468606	0.2	1
111169963967137030210	0.2	1
103743296950120157401	0.2	1
118299777136505117634	0.2	1
106027609527831583580	0.2	1
106558284273162270526	0.2	1
108396103565552463387	0.2	1
104987932455782713675	0.2	1
115221898088173734174	0.2	1
108443027359212340995	0.2	1
112579116320573535497	0.2	1
115459243651688775505	0.2	1
112737087024763980113	0.2	1
105268634963924623607	0.2	1
106467891941793155295	0.2	1
113859540036726448291	0.2	2
109980414289125676367	0.2	1
103486150650858067282	0.2	1
113127486243987630038	0.2	1
109849052345512343653	0.2	1
109398421611492546729	0.2	1
105902716863305090394	0.2	1
101261243957067319422	0.2	1
116013911318003177996	0.2	1
114516047414042281846	0.2	1
117109117655029143874	0.2	2
116339430670263519533	0.2	1
103030116155431184588	0.2	1
107732802446301744236	0.2	1
112375731670409469973	0.2	1
107151624355255036787	0.2	1
104737437767089317857	0.2	1
110379434263550065795	0.2	1
115243459806091371553	0.2	1
113593979594890738368	0.2	1
106914186897370535526	0.2	1
107534991451098430533	0.2	1
107332232527606860180	0.2	1
102648148748642147788	0.2	1
110615203095633370838	0.2	1
117698165607464864806	0.2	1
101465854435804471513	0.2	1
103833388179391400138	0.2	1
102271937385988687810	0.2	2
112527318327313368964	0.2	1
100221555167886931877	0.2	2
118340792148219128230	0.2	1
113154773924849387260	0.2	1
117388252776312694644	0.2	1
109596373340495798827	0.2	1
113097276181543898574	0.2	2
104602860284118862026	0.2	1
101265890424846702444	0.2	1
106223273394899986618	0.2	1
111353258033215403477	0.2	1
104577357381178665210	0.2	2
109342148209917802565	0.2	1
107211094246725549672	0.2	1
103920960738189723326	0.2	1
111091089527727420853	0.2	1
114746422988923214718	0.2	1
103461291458554701630	0.2	1
105228342880444036996	0.2	1
115490868856377625184	0.2	1
107330528562005281406	0.2	1
103697821787469756035	0.2	1
100974258168375166691	0.2	2
116207116265059961468	0.2	1
113872202125493185615	0.2	1
107797841320768724118	0.2	1
112330426094287690538	0.2	1
103984595971776502972	0.2	1
115623252983295760522	0.2	1
105198837466762147542	0.2	1
112528361054207070701	0.2	1
108037135973386438800	0.2	1
114688759411241407928	0.2	2
103368812767070779872	0.2	1
107583881769758392932	0.2	1
106944536119733342041	0.2	1
112883523226102191623	0.2	1
113316148669723868015	0.2	1
101962829696981365403	0.2	1
115111902757485641613	0.2	1
114121522802422541341	0.2	1
111510457148784436503	0.2	1
101739469994127372590	0.2	1
100673001273604863893	0.2	1
115080511474130363904	0.2	1
115970504272079730559	0.2	1
112662293249952729394	0.2	1
115702306533209355625	0.2	1
113929616350498302317	0.2	1
116799045993451756042	0.2	1
110701307803962595019	0.2	1
107323726887023845557	0.2	2
112433233162542061134	0.2	1
102767420110355783754	0.2	1
114346317659753507000	0.2	1
107055831699570675932	0.2	1
113069090773132071782	0.2	1
107022061436866576067	0.2	1
107831413340697273273	0.2	1
117220229319287930142	0.2	1
104974535027939443031	0.2	1
117115495439924792722	0.2	1
112216705550566244316	0.2	1
105248484118148978714	0.2	1
107140884077582692033	0.2	2
108849711147881315177	0.2	2
107379489464447013340	0.2	2
107236664740300085612	0.2	3
116819601264686093434	0.2	1
101547242940587948399	0.2	1
114092052797730247075	0.2	1
112707199408484711520	0.2	2
113524745665911089922	0.2	2
106682831104422461380	0.2	1
105312096129013929007	0.2	1
111135306200683567183	0.2	1
102341149880761839470	0.2	1
100275307499530023476	0.2	1
116594199576805510790	0.2	1
105237212888595777019	0.2	1
114122960748905067938	0.2	1
112555506420381923902	0.2	1
113144541265223594115	0.2	1
106808688302434879780	0.2	1
103140137391526341351	0.2	2
104250970445890717876	0.2	1
102476152658204495450	0.2	2
115106448444522478339	0.2	1
111121336912406932897	0.2	1
104174037294742207726	0.2	1
118015300804185508647	0.2	1
106707821265981413302	0.2	1
108362732635472987444	0.2	1
106532709318061274779	0.2	1
106448042991774980147	0.2	1
114301140286672625486	0.2	1
102607879302800614538	0.2	1
103321598587319677720	0.2	2
115216294530290003241	0.2	1
115530776534617554663	0.2	1
117741745713138927677	0.2	1
103825681530404900115	0.2	1
113684228229434604484	0.2	1
114850559479625069262	0.2	1
107404242080797040590	0.2	2
114928937512638769810	0.2	1
116805285176805120365	0.2	1
105803618710924334481	0.2	1
102965501513711820631	0.2	1
107367382218779881065	0.2	1
101035196437264488455	0.2	1
114274687956791581923	0.2	2
107602882044753150398	0.2	2
105557068601771362265	0.2	1
104998691047937243499	0.2	1
110454253627715621789	0.2	1
101346228744192401422	0.2	1
112425531150945810444	0.2	1
100535338638690515335	0.2	1
116366087532591682557	0.2	1
117410239624876462156	0.2	1
116445437433162945363	0.2	1
109446005446985447768	0.2	1
103861741370066605527	0.2	2
106075758531242552855	0.2	1
114308997625908526960	0.2	1
109829103207295789295	0.2	1
115947571425501492839	0.2	1
109130886479781915270	0.2	1
111288574156818690676	0.2	1
113114462378360775452	0.2	1
113064201123974964733	0.2	1
115578224090485355580	0.2	1
104484219049883711215	0.2	2
106898588952511738977	0.2	1
109602109099036550366	0.2	1
105959481511766460998	0.2	1
103150328351925153314	0.2	2
102817283354809142195	0.2	2
102854311912714900388	0.2	1
113351703941294630458	0.2	1
107383157816966336384	0.2	1
108222776324091828698	0.2	1
113371583041637564562	0.2	1
116973390574320264137	0.2	1
115655034901162574758	0.2	2
115027126761228160442	0.2	1
108008623488351650065	0.2	1
112105164797306466706	0.2	1
100209651993563042175	0.2	1
102002299339025067376	0.2	2
110456453592220725136	0.2	1
111159036121102171686	0.2	1
116975073519439921514	0.2	1
101733511248571240829	0.2	1
107846023896290257492	0.2	1
106493827472880328627	0.2	1
104586573589872571364	0.2	2
116807883656585676940	0.2	1
110351160992477343545	0.2	1
106755489263544557975	0.2	1
103916508880440628637	0.2	1
107782428411922679571	0.2	1
108615254983735704342	0.2	1
110171339580648239267	0.2	1
110523063757168736259	0.2	1
107782171898361344570	0.2	1
100923216452194411003	0.2	1
110788689115113965536	0.2	1
103006433735164333713	0.2	1
101944909681458315798	0.2	1
110863422139789681191	0.2	2
107833107845497630206	0.2	1
116247667398036716276	0.2	1
116979744203859215898	0.2	1
102865263115020893218	0.2	1
113842444453130095060	0.2	1
116196023757975181048	0.2	1
104672614700283598130	0.2	2
110668479729372555286	0.2	1
114313282220656400650	0.2	1
111539653677669889601	0.2	2
108958174760197809965	0.2	1
111775909611846609731	0.2	1
108466870039650470305	0.2	1
108515337642482876128	0.2	1
103090889232468301451	0.2	1
117501857213226184953	0.2	1
113348350930471935594	0.2	1
114757464889188562276	0.2	1
118303283951449952966	0.2	1
111480413428119678209	0.2	1
109145652162309851154	0.2	3
109330684746468207713	0.2	1
116909590449750618084	0.2	2
113609548050074203851	0.2	1
115296715063515200155	0.2	1
114364966738487776347	0.2	1
114387277236308334527	0.2	1
107988469357342173268	0.2	1
114650747666128230743	0.2	1
112374836634096795698	0.2	1
116499641291095397630	0.2	2
100073645661563176484	0.2	1
117361056103401565748	0.2	1
108271734388645113229	0.2	1
116113014152499702246	0.2	1
111716948575577959969	0.2	1
117766241773876813219	0.2	1
118227548810368513262	0.2	1
105152503384268783597	0.2	1
102797953003564182378	0.2	1
114604853277237932770	0.2	1
113677817925719341659	0.2	1
115029103168794726630	0.2	1
104205304649933408369	0.2	1
108640673873589796416	0.2	1
104508507682767510004	0.2	1
108013686774011866690	0.2	1
102278810216935213271	0.2	1
101035116763922344248	0.2	1
111439704478822922350	0.2	1
103859361322229323981	0.2	1
109840066697238605235	0.2	1
103875235756094794972	0.2	1
102586608504843508081	0.2	1
100664314273585529786	0.2	1
101487052574943452610	0.2	1
103652441454188509895	0.2	1
116947906726568301788	0.2	2
103636424927191308211	0.2	1
114394582004557604463	0.2	1
107565646610688820163	0.2	1
116416314233992548280	0.2	1
101383747265071086862	0.2	1
105246828264278441318	0.2	1
103125254078422850688	0.2	1
110402676895484917704	0.2	1
103054616523979211707	0.2	1
107765155354887834405	0.2	1
114362374755134054810	0.2	1
104668334905772892105	0.2	1
104234578756982830104	0.2	1
112516563418445177081	0.2	1
110237865839378164445	0.2	1
117609108850021717306	0.2	1
102615863344410467759	0.2	2
113208141773268590339	0.2	1
104658400555923154675	0.2	2
110891307255905847602	0.2	1
101600139368162447769	0.2	1
114471843543990290947	0.2	1
105239361028930170718	0.2	1
104418220446531200621	0.2	1
101477108641827632621	0.2	1
114469254206078607532	0.2	1
102904128915733925934	0.2	1
109080723668547114837	0.2	1
100500197140377336562	0.2	1
114853458007065354930	0.2	1
106910495542306514033	0.2	1
113175253983126961173	0.2	2
103907806627406122152	0.2	3
114645086303061668621	0.2	2
117204007711056468256	0.2	1
101720949843787442951	0.2	1
102149364210050358793	0.2	1
113146799877690470424	0.2	1
116388205548839459693	0.2	3
100168203957604618031	0.2	1
105324761189549512199	0.2	2
100620732971603495982	0.2	1
112601371820511846657	0.2	1
110753107896469232101	0.2	1
106582900896228047489	0.2	2
113881433443048137993	0.2	2
104431730105423927774	0.2	1
106319513029687215679	0.2	1
100634689476721730278	0.2	1
103701222166655506995	0.2	1
100555391510262533605	0.2	1
113604292901011339914	0.2	1
106238517966209289576	0.2	1
101681034316065549810	0.2	1
102989621403171986157	0.2	1
103430354793980131606	0.2	1
118092786772611649383	0.2	1
117903011098040166012	0.2	1
107928962712073747513	0.2	1
100765846795946647458	0.2	1
116860750964767060846	0.2	1
108271072818821907893	0.2	2
106528121033852984589	0.2	1
113399916484277886940	0.2	1
113569976508806323153	0.2	1
115056784116835622566	0.2	1
111444153923263605114	0.2	1
104365935597993255186	0.2	1
115543483461158432761	0.2	2
106476414041949251325	0.2	1
102251598676125280554	0.2	1
105328255196448500543	0.2	1
112898043205527989577	0.2	3
108685424780523341444	0.2	1
114241302906882346008	0.2	1
117888860379667170672	0.2	1
105731969112988447003	0.2	1
106802084872920510496	0.2	1
108330670019367598341	0.2	1
110067835153954222370	0.2	1
109866211275292722274	0.2	2
111065108889012087599	0.2	1
103046039519355433778	0.2	1
112818800603813886449	0.2	1
106739423424023436001	0.2	1
100000772955143706751	0.2	2
113581201724147813967	0.2	1
117998305764454673857	0.2	1
112900286865678671959	0.2	1
106568999494994647497	0.2	1
111975525134255603891	0.2	1
100507339292091858321	0.2	1
115868784569078797995	0.2	2
115006214012336069247	0.2	1
100306073783323857197	0.2	1
113624782798510939776	0.2	1
114089905852233598154	0.2	1
100792109468542240863	0.2	2
111737859526639530840	0.2	2
108890321075580155839	0.2	1
101216510577508126500	0.2	2
117509701503569074905	0.2	1
114806682162452947549	0.2	2
115823743185218140370	0.2	1
112149693829834144749	0.2	1
112874675082222931232	0.2	2
111417544948526728372	0.2	1
100963512608776326859	0.2	1
116803832571577151851	0.2	1
116603832512331437569	0.2	1
111398535166903701288	0.2	1
111246230333105721999	0.2	1
105296535696151006860	0.2	2
100800802946536555539	0.2	1
117421021456205115327	0.16666666666666666	3
105706178492556563330	0.16666666666666666	1
113838352498860544569	0.16666666666666666	1
115478779964227301239	0.16666666666666666	2
100300281975626912157	0.16666666666666666	1
111698080133801028608	0.16666666666666666	1
106501936839371135482	0.16666666666666666	1
115565811010545226083	0.16666666666666666	3
118292708268361843293	0.16666666666666666	1
113801236315350503728	0.16666666666666666	2
116334142134816078699	0.16666666666666666	1
114765095157367281222	0.16666666666666666	1
107426011058867778586	0.16666666666666666	1
113475277239647026452	0.16666666666666666	1
111890945016831896743	0.16666666666666666	1
100070927167992422053	0.16666666666666666	1
107395795129791787754	0.16666666666666666	2
117259934788907243749	0.16666666666666666	1
100124389520659251191	0.16666666666666666	1
114979831891112909762	0.16666666666666666	1
105068531496447333786	0.16666666666666666	1
112276589013569458330	0.16666666666666666	2
106979372492552141708	0.16666666666666666	1
118170059441102440825	0.16666666666666666	1
114629508960670409934	0.16666666666666666	1
102034052532213921839	0.16666666666666666	1
105071119031637859845	0.16666666666666666	1
117344752225183656923	0.16666666666666666	2
103399926392582289066	0.16666666666666666	1
106507463771539639056	0.16666666666666666	1
115360979797396777969	0.16666666666666666	1
102725109790365996602	0.16666666666666666	1
114985346359714431656	0.16666666666666666	1
107543460658107759808	0.16666666666666666	1
109317282441167678380	0.16666666666666666	1
104550678234629742078	0.16666666666666666	1
108189587050871927619	0.16666666666666666	1
113686253941057080055	0.16666666666666666	1
103911183408644149411	0.16666666666666666	1
112661262066626464523	0.16666666666666666	1
109923941665874520762	0.16666666666666666	1
118418436905562612953	0.16666666666666666	2
108152786201218528136	0.16666666666666666	1
113710395888978478005	0.16666666666666666	1
112072934052683456906	0.16666666666666666	2
113612142759476883204	0.16666666666666666	2
110580546447401631126	0.16666666666666666	1
118207880179234484610	0.16666666666666666	2
102090995491094543233	0.16666666666666666	2
106563076987268237912	0.16666666666666666	1
100940716892313727285	0.16666666666666666	1
100834378485895409468	0.16666666666666666	2
115739378269261680935	0.16666666666666666	2
117757565120070816446	0.16666666666666666	2
114664307180734299077	0.16666666666666666	1
100518419853963396365	0.16666666666666666	2
117840649766034848455	0.16666666666666666	1
111499908439497508351	0.16666666666666666	1
103147347309732225253	0.16666666666666666	1
108896556048763968559	0.16666666666666666	1
108094760132961329912	0.16666666666666666	1
103454297475480511679	0.16666666666666666	1
103389452828130864950	0.16666666666666666	1
117920836752193813135	0.16666666666666666	1
116785581294120406864	0.16666666666666666	1
103100496883422151101	0.16666666666666666	2
105421360534824524100	0.16666666666666666	1
115924359456918546658	0.16666666666666666	1
111400033629648464807	0.16666666666666666	1
112844561713780016118	0.16666666666666666	1
105551989431666449555	0.16666666666666666	1
102404812583412769241	0.16666666666666666	1
102600774742322762226	0.16666666666666666	2
105545068944703206621	0.16666666666666666	1
108172009599607363531	0.16666666666666666	1
113180815516125966443	0.16666666666666666	1
112710501221399450850	0.16666666666666666	1
103111382143198287157	0.16666666666666666	1
111293145978179424990	0.16666666666666666	3
113116318008017777871	0.16666666666666666	1
109964383582532868438	0.16666666666666666	1
105445338044186927815	0.16666666666666666	1
109009314991990113794	0.16666666666666666	1
102096212439240784920	0.16666666666666666	1
112265135089213955243	0.16666666666666666	1
104458801156000551882	0.16666666666666666	1
103061218133986046830	0.16666666666666666	1
106204349636430606809	0.16666666666666666	2
106950551569609292145	0.16666666666666666	1
117691391504351341685	0.16666666666666666	1
113217924531763968801	0.16666666666666666	1
103171849011748425097	0.16666666666666666	1
113691654116060042197	0.16666666666666666	1
107951627396497689055	0.16666666666666666	1
108082478497335384404	0.16666666666666666	1
105076678694475690385	0.16666666666666666	1
117377434815709898403	0.16666666666666666	1
101174951617223562800	0.16666666666666666	1
113130804065852101231	0.16666666666666666	2
101235095970404720691	0.16666666666666666	1
106636280351174936240	0.16666666666666666	1
105844328547178759011	0.16666666666666666	1
115788203615961124571	0.16666666666666666	1
101849747879612982297	0.16666666666666666	3
106525839712250107474	0.16666666666666666	1
100623276740673202144	0.16666666666666666	1
113882113745075873153	0.16666666666666666	1
116214152295449083654	0.16666666666666666	1
109140277806644720261	0.16666666666666666	1
106955057806718560042	0.16666666666666666	1
115064258994656104138	0.16666666666666666	1
108024592838097465800	0.16666666666666666	1
116340600090106376267	0.16666666666666666	1
112726038360301567381	0.16666666666666666	1
107033731246200681024	0.16666666666666666	1
102871123574468799566	0.16666666666666666	1
106792630639449031994	0.16666666666666666	2
107469895927414342167	0.16666666666666666	1
105084887709488317066	0.16666666666666666	1
113364856660738963998	0.16666666666666666	1
113920721823301219308	0.16666666666666666	1
111538009015644508967	0.16666666666666666	2
102443055443356357765	0.16666666666666666	1
115622466243011136115	0.16666666666666666	1
114487965928288927815	0.16666666666666666	1
114592751246503219483	0.16666666666666666	1
103135469583952620852	0.16666666666666666	1
115047896996200277508	0.16666666666666666	1
116570889542655364711	0.16666666666666666	1
106384851351514110088	0.16666666666666666	2
110318982509514011806	0.16666666666666666	1
112650518269025150644	0.16666666666666666	1
100854202666064752024	0.16666666666666666	1
107300439022352685764	0.16666666666666666	1
112395984886882740302	0.16666666666666666	1
102457738449602087840	0.16666666666666666	1
106517092226488584705	0.16666666666666666	1
114685727151899977785	0.16666666666666666	1
110260043240685719403	0.16666666666666666	1
109946174927229272395	0.16666666666666666	1
103216887847401478447	0.16666666666666666	1
105910977869522122580	0.16666666666666666	1
116663982997041117781	0.16666666666666666	1
106318111152683661692	0.16666666666666666	1
103203314859566576853	0.16666666666666666	1
101111725148957537937	0.16666666666666666	2
112364132652438722780	0.16666666666666666	1
113650768571943394508	0.16666666666666666	1
112353210404102902472	0.16666666666666666	1
116347431032639424492	0.16666666666666666	1
110593963566088558937	0.16666666666666666	1
102991700177087923792	0.16666666666666666	2
112906622029151482093	0.16666666666666666	1
107356917258074344209	0.16666666666666666	1
117908036374671367769	0.16666666666666666	1
113455290791279442483	0.16666666666666666	1
102974394189555668667	0.16666666666666666	1
111127765976287525565	0.16666666666666666	1
106844831006865531623	0.16666666666666666	1
102216887206636463918	0.16666666666666666	1
109371868348454784979	0.16666666666666666	1
108945615972564140630	0.16666666666666666	2
113567079117038816080	0.16666666666666666	1
108859163880818889435	0.16666666666666666	1
101701576124647463619	0.16666666666666666	1
113398482203091489376	0.16666666666666666	3
100305065349096811813	0.16666666666666666	1
110398550736963851900	0.16666666666666666	1
107753428759636856492	0.16666666666666666	1
102545157386069758709	0.16666666666666666	2
103859341877402500482	0.16666666666666666	1
111310990991240556038	0.16666666666666666	1
107849922105700858631	0.16666666666666666	1
102218502614021519543	0.16666666666666666	1
107958711860940415885	0.16666666666666666	1
114617510344703462620	0.16666666666666666	2
100612175927429294541	0.16666666666666666	1
102923147893327767382	0.16666666666666666	2
110456120138558577972	0.16666666666666666	1
100962871525684315897	0.16666666666666666	1
104215081746139431649	0.16666666666666666	1
104364058018116761460	0.16666666666666666	1
114089069528015035598	0.16666666666666666	1
103038240279620690934	0.16666666666666666	1
105226553876340461108	0.16666666666666666	1
112440306961270690573	0.16666666666666666	1
111809431196252245240	0.16666666666666666	1
100241261662852079434	0.16666666666666666	1
117429013107995808644	0.16666666666666666	1
108705174211639807508	0.16666666666666666	1
110214100657406833523	0.16666666666666666	1
103420968359115326770	0.16666666666666666	1
115344454846169254013	0.16666666666666666	1
116040565882702717981	0.16666666666666666	1
114236604403554541461	0.16666666666666666	2
109123888989768381249	0.16666666666666666	1
115227789959725643869	0.16666666666666666	1
100972316015469632630	0.16666666666666666	1
105329929314379043455	0.16666666666666666	1
113814416929914847526	0.16666666666666666	1
102737439755908612874	0.16666666666666666	1
109467717400903653061	0.16666666666666666	1
117916903811396964681	0.16666666666666666	1
111955500482710592727	0.16666666666666666	1
112106208511864515140	0.16666666666666666	2
115069038278384155581	0.16666666666666666	1
113289267877003023795	0.16666666666666666	1
110608103566738361629	0.16666666666666666	1
104075949870616365732	0.16666666666666666	1
102690010205037163853	0.16666666666666666	1
115995639636688350464	0.16666666666666666	1
108646644922255760914	0.16666666666666666	1
116129913336510059024	0.16666666666666666	1
110981030061712822816	0.16666666666666666	1
111666959095947698908	0.16666666666666666	1
106533248943352121512	0.16666666666666666	1
104482598692938707138	0.16666666666666666	1
117378076401635777570	0.16666666666666666	1
100269980559891536109	0.16666666666666666	1
109998136193110715201	0.16666666666666666	1
114199219545463600767	0.16666666666666666	2
104359626267906791594	0.16666666666666666	1
114111602369518390585	0.16666666666666666	1
108582380062864553580	0.16666666666666666	2
117382255404511271142	0.16666666666666666	1
106526452034734966566	0.16666666666666666	1
115723497250720724489	0.16666666666666666	2
108482500385131341255	0.16666666666666666	1
104591903036738260658	0.16666666666666666	1
104794733870058284465	0.16666666666666666	1
104356883036782964619	0.16666666666666666	1
101057616370673656059	0.16666666666666666	1
103541694080221120019	0.16666666666666666	1
101703900497034523246	0.16666666666666666	2
107995619131918290344	0.16666666666666666	1
110378953230340021029	0.16666666666666666	2
111673138323328180600	0.16666666666666666	1
105951083208800607266	0.16666666666666666	1
112353571951662353120	0.16666666666666666	1
103300363750121441954	0.16666666666666666	2
103493459351957813291	0.16666666666666666	2
111654284395316165338	0.16666666666666666	1
100512649718649402368	0.16666666666666666	1
114340129708942794232	0.16666666666666666	1
118184936255132270234	0.16666666666666666	1
100655691978877752465	0.16666666666666666	2
108255750659110762991	0.16666666666666666	1
108581371748491713295	0.16666666666666666	1
110426576287213799804	0.16666666666666666	1
102667586673440114166	0.16666666666666666	1
104881963224863544027	0.16666666666666666	1
104557885419342982371	0.16666666666666666	2
105072305864951447999	0.16666666666666666	1
117095498385290983660	0.16666666666666666	1
102463329848063353963	0.16666666666666666	1
110193533410016731852	0.16666666666666666	1
107289961585411779306	0.16666666666666666	1
106297307715493183656	0.16666666666666666	1
112658633592720298303	0.16666666666666666	1
116573735542965490994	0.16666666666666666	1
114377498341959850131	0.16666666666666666	1
104699108013523482558	0.16666666666666666	1
113102862520765968586	0.16666666666666666	2
116092650580949837948	0.16666666666666666	1
107004843925454095805	0.16666666666666666	1
100238778462210489846	0.16666666666666666	1
109268929184492148787	0.16666666666666666	1
109127587892186632525	0.16666666666666666	1
116961301915403381264	0.16666666666666666	1
109610954243983229925	0.16666666666666666	3
112471565622970159141	0.16666666666666666	1
106732823970096437921	0.16666666666666666	1
105980749351398247533	0.16666666666666666	1
104949873683911887021	0.16666666666666666	1
110688474802292277786	0.16666666666666666	1
110027801358289770465	0.16666666666666666	1
116675628399793386012	0.16666666666666666	1
109667985886759290804	0.16666666666666666	1
117613850459230972397	0.16666666666666666	1
104314192726025938964	0.16666666666666666	1
104229810472575939703	0.16666666666666666	1
115130390735317423919	0.16666666666666666	3
118154672907573696758	0.16666666666666666	1
101206766570550710645	0.16666666666666666	1
109661508583789456061	0.16666666666666666	1
112628253610969050321	0.16666666666666666	1
103583939320326217147	0.16666666666666666	1
103515259519634902605	0.16666666666666666	1
105400736676917752271	0.16666666666666666	1
116200608786204359811	0.16666666666666666	1
103242931271139699369	0.16666666666666666	1
101873161835035638887	0.16666666666666666	2
101349226599177874783	0.16666666666666666	1
103310002187772520535	0.16666666666666666	1
115372405214595182619	0.16666666666666666	1
101235736306258809897	0.16666666666666666	1
103802815038584132955	0.16666666666666666	2
109522180282993900056	0.16666666666666666	1
112314235956765275556	0.16666666666666666	1
102945758979783986480	0.16666666666666666	1
117000174975734429056	0.16666666666666666	1
107399243715599955904	0.16666666666666666	1
114782365646751377659	0.16666666666666666	1
105280998932688864100	0.16666666666666666	1
115184538171300917268	0.16666666666666666	1
117520225301299920042	0.16666666666666666	1
118256792085468720576	0.16666666666666666	2
102472204830503422684	0.16666666666666666	1
106335292785856130691	0.16666666666666666	1
104207830142330306167	0.16666666666666666	2
106311445273286723104	0.16666666666666666	1
104456977179975993524	0.16666666666666666	1
104383154690315010037	0.16666666666666666	1
117254459099986987052	0.16666666666666666	1
113675700926418340762	0.16666666666666666	1
107512419941766670563	0.16666666666666666	2
101337374796753795919	0.16666666666666666	1
113257469967266097039	0.16666666666666666	1
102739949588876885739	0.16666666666666666	1
112503330565468810220	0.16666666666666666	1
110379941768695489366	0.16666666666666666	2
101400666468286383203	0.16666666666666666	1
114282227372710359403	0.16666666666666666	1
100426785941694973537	0.16666666666666666	1
113053158284871212892	0.16666666666666666	1
117690226771208095852	0.16666666666666666	1
111700567914454965636	0.16666666666666666	1
117729920285001129679	0.16666666666666666	1
118109298130827184978	0.16666666666666666	1
104589204246828218410	0.16666666666666666	1
113705983467044220186	0.16666666666666666	1
115520703796077717338	0.16666666666666666	1
117356631289183186860	0.16666666666666666	1
105406041373181196223	0.16666666666666666	2
116196845534543846033	0.16666666666666666	1
117239178441094078296	0.16666666666666666	1
114624283681206743155	0.16666666666666666	2
106564572939763266067	0.16666666666666666	1
111798148380292789579	0.16666666666666666	1
114506169898055621778	0.14285714285714285	1
115843902743138499802	0.14285714285714285	1
108855865811376080819	0.14285714285714285	1
115360471097759949621	0.14285714285714285	1
116394575739281318169	0.14285714285714285	1
104038699355103594931	0.14285714285714285	1
115018960949282516687	0.14285714285714285	1
116965236050828694670	0.14285714285714285	2
101952359289544868450	0.14285714285714285	2
115242081056296652095	0.14285714285714285	2
100287516984807461444	0.14285714285714285	1
107934448973779945869	0.14285714285714285	1
104959258308193038287	0.14285714285714285	2
104619747503393735851	0.14285714285714285	2
100664794686416535524	0.14285714285714285	1
103233967921245494760	0.14285714285714285	2
100177665092199474358	0.14285714285714285	2
102496577203990741245	0.14285714285714285	2
101953803500909190578	0.14285714285714285	1
107358098398038450654	0.14285714285714285	1
106414070518123325797	0.14285714285714285	1
100710846514306801296	0.14285714285714285	1
105134077748622298216	0.14285714285714285	1
115011336313236833671	0.14285714285714285	1
105585910534036523948	0.14285714285714285	1
113581877241195310623	0.14285714285714285	1
103572367332435363277	0.14285714285714285	1
100120811686666130149	0.14285714285714285	1
103515509493554252985	0.14285714285714285	1
116240469593348514266	0.14285714285714285	1
110638858118947494578	0.14285714285714285	1
117116621786089717494	0.14285714285714285	1
114458197108946720091	0.14285714285714285	2
106004079080186115541	0.14285714285714285	1
117942904969114208823	0.14285714285714285	1
100788271619010384968	0.14285714285714285	2
103942239590262982444	0.14285714285714285	1
114653579246226677628	0.14285714285714285	1
115935066330314284748	0.14285714285714285	1
105016455740077064293	0.14285714285714285	1
110755987791134555157	0.14285714285714285	1
105596952066542384550	0.14285714285714285	1
103831554992751113099	0.14285714285714285	1
102352616853673031017	0.14285714285714285	2
110738151335431124658	0.125	1
113202287320302059445	0.125	1
101765416973555767821	0	2
100432456209427807893	0	1
112393248315358692010	0	1
100814778216375933054	0	1
113222062708936891262	0	1
107026299993226528916	0	1
109043804130056015419	0	1
109412257237874861202	0	1
117296255407633884056	0	1
109667384864782087641	0	1
107058695811249115309	0	1
114618043230336563405	0	2
112218872649456413744	0	1
101373193613128995135	0	1
109789939743085010576	0	1
115514397255079403751	0	1
100313541166146935114	0	2
106812353891907639293	0	1
111923578555541250439	0	2
106189723444098348646	0	1
113754283359377615013	0	2
109504153335660824173	0	1
113863532089714339729	0	3
113751353481962008916	0	1
113702637309752822154	0	1
104885672108365535825	0	1
112594943080800558027	0	1
107358865307002159479	0	2
112472063587247013272	0	1
109220060006128553211	0	1
100872931924256445066	0	2
112564135762572403710	0	2
112614367259340988369	0	1
115450369001355623660	0	1
108144430629893821152	0	2
103997409386976193988	0	1
102604554618567108175	0	1
103029870795404358045	0	1
108159551615224338529	0	2
109813896768294978296	0	1
103797409565331693058	0	1
102744972162477610699	0	1
112599748506977857728	0	1
107117483540235115863	0	1
113544226688149802325	0	1
103716847685048716973	0	1
117068310245969878270	0	1
116464344073545994074	0	1
113643425309682495997	0	1
103712172077289099783	0	1
113625462103500841369	0	2
101333593083741950617	0	2
107323662131088936833	0	1
101738342045651955119	0	1
100493440776527702800	0	1
106324123467069891099	0	1
117895053585997781991	0	1
112671613807103204042	0	2
111910200485959385328	0	1
106784868338928174619	0	1
105009504092403807731	0	1
111991876596496628445	0	1
101872015774361781592	0	1
102150693225130002912	0	1
100042589426158562339	0	1
103618199843630115520	0	1
118320665823821681206	0	1
117556389603643931415	0	1
108202274299391625681	0	2
113506898598086193893	0	1
111633725541752229957	0	2
114717554329322767813	0	1
115858612877723984178	0	1
102556961352393259945	0	1
104482086818095930400	0	1
114699336529956127102	0	1
111056444123779199997	0	1
110818385850684816555	0	1
113117251731252114390	0	1
109193674823031718540	0	1
104560124403688998123	0	1
107869048080571449117	0	1
112623527164721797936	0	1
103647580612402146818	0	1
109325518935169286094	0	1
105000875740568674706	0	2
113111731715139693250	0	1
116721722877630861143	0	1
107523860527964908344	0	1
114031343427075940404	0	1
105601162334563131771	0	1
114951205049465295685	0	2
109895887909967698705	0	2
112764701986732618903	0	1
108219993075584340257	0	1
118175515740251550869	0	1
111004328782782734958	0	1
112063946124358686266	0	1
113495817446278394874	0	1
108854030482751403518	0	1
102128138296891622543	0	1
115744399689614835150	0	1
115093555862694271963	0	1
114151508338995369996	0	1
100523784851251213675	0	1
104233435224873922474	0	1
110656986166810342588	0	1
104553134624556200907	0	1
105118981108167668145	0	1
116046131107486389598	0	2
105620968080914847096	0	1
104167949686819312626	0	1
103429767916333774260	0	1
114919915226752492773	0	1
107159481602229362655	0	2
117108447922509773781	0	1
111649579223579960688	0	1
110938159137165455276	0	1
110560093627011023241	0	1
104441415299714065572	0	1
109443407918560334714	0	1
109642110729336476669	0	1
106450719398380308721	0	1
113004478335429508817	0	1
108439032486286528947	0	1
118051310819094153327	0	1
109454355652530787954	0	1
107808632970543448071	0	2
105450804580077896136	0	1
108397967064327046187	0	2
111513549056668450674	0	1
112761413213697188630	0	1
115708767330504735644	0	1
104376123433741873548	0	1
108855200241623204226	0	2
105841645449323318101	0	1
113464569897311842405	0	1
115404182941170857382	0	1
110286587261352351537	0	2
113210431006401244170	0	1
106086121009771648314	0	1
117310042965407401917	0	1
108246154658242260598	0	1
111962077049890418486	0	1
112413860260589530492	0	1
102669925369002527521	0	1
103536565508377128620	0	1
118197810020432218051	0	1
108645589277926899961	0	1
101441913939865423456	0	1
103053466327430879895	0	1
106912596786226524817	0	2
108320953284407783437	0	1
103097764320602190090	0	1
116872576248355504859	0	1
104895617958403173354	0	2
102315706662673946809	0	1
114066634313661891222	0	1
105850770551722768952	0	1
107495401691428541405	0	1
111164095920889813531	0	1
101799324245089780949	0	1
106100296973968329853	0	2
105547060999578080024	0	2
106166623138751182431	0	1
118234550056300061982	0	1
113729277367184919773	0	1
114632854492678778509	0	1
113768306902375393490	0	1
107177203146640599248	0	1
115925885941625757982	0	1
106567570642614609073	0	1
101777016929613982157	0	1
111002131107129454275	0	1
116197193480724162859	0	1
107905455800180378660	0	1
108551811075711499995	0	1
109019976856333185847	0	1
106160293361349494652	0	1
104861217131133021649	0	2
111079409215987263795	0	1
103438332263642514693	0	1
117204793383823278359	0	1
100529254209883138518	0	1
106162495480110745488	0	1
111514703680615678387	0	1
105847419267701979492	0	1
105638923496773907911	0	1
117290454194091097715	0	1
109051167482734565875	0	1
100731625547184858145	0	1
102181974024531060353	0	1
112363215496879145560	0	1
103875258484706784219	0	1
114831291174925522786	0	1
112408773440208776137	0	1
107590607834908463472	0	1
117630946657875928602	0	1
104102743248207705784	0	2
107457872022788991018	0	1
100901012624135972448	0	1
107234826207633309420	0	1
105593270217665985575	0	1
102467684150504816942	0	2
113201971663885139375	0	1
114153859732710523651	0	2
106551265799367505827	0	1
106534161494207401604	0	2
108453844271283334799	0	1
109590423597896078382	0	1
101404124598531542423	0	1
102219475968800204884	0	3
106250907587375690171	0	1
115130760540851771472	0	1
111245623450043909906	0	1
100415580625344661814	0	1
108689389278940173046	0	1
108176814619778619437	0	1
104178723837900724588	0	1
107045935786045013731	0	1
112774212898820575229	0	1
104487223275138277820	0	1
104390246098751387487	0	1
106779512870994415471	0	1
112246941389479622430	0	2
106480147588100474006	0	1
107142256253029093066	0	1
106088764885830745677	0	1
106033560980578682330	0	2
114044223936446378312	0	1
102029070250833342844	0	1
102533732658641069172	0	2
101567686389173421706	0	1
113186623583029971455	0	2
114935879585996359700	0	1
101625160056474857859	0	1
103012564142649561853	0	1
116056482297838775754	0	2
106356964679457436995	0	3
107538503004482952974	0	1
116229124946104902105	0	2
113169079069604287033	0	1
113424222789153728067	0	1
107968787521028284191	0	2
105051985738280261832	0	2
100219691404074384850	0	1
100411393388776865339	0	1
118301727363923491343	0	1
111528297180001290455	0	2
113322155096671173921	0	1
109322383637704271125	0	1
117708409021914999498	0	1
114413456257455506493	0	1
117841284165024027243	0	2
102379575144160390767	0	1
101888861698655467345	0	1
108865224681518296173	0	1
103184227409155950777	0	1
113891423043364949268	0	2
102409541521880756024	0	1
100971047062670393045	0	1
115204885226017473151	0	1
115695578304416858659	0	2
106926403533589251639	0	1
113204882497955654314	0	1
107808951807533655192	0	1
102968488537700363322	0	1
113649228054857237498	0	2
106717946845088683921	0	1
100213571627650662726	0	1
112448795483591020843	0	1
117763327806165990792	0	1
113735310430199015092	0	1
113027837615023628132	0	1
111359614762054487763	0	1
111019334245925579392	0	1
117091380454742934025	0	1
100605864222557374608	0	1
115740425396974668440	0	1
100217651363651256688	0	2
114204703228150089266	0	1
114306538396628698802	0	1
102207070313603828427	0	1
100941266751440211155	0	1
104531828804862316762	0	1
116222833568410151476	0	1
113284787225540728296	0	1
115507658258745024139	0	2
100537991844787325512	0	3
102943220293105257440	0	2
105354532715798223299	0	2
118254993345625377660	0	2
100110525811498968376	0	2
101629211371073711149	0	1
118391804356750520463	0	1
107672710521797409607	0	1
117144151300189136236	0	1
100258933461856349896	0	1
113895942978964425455	0	1
103827994744677907585	0	1
116302527527023675412	0	1
111246222621577046613	0	2
109854304647212696025	0	2
113941490892811952666	0	1
109869514522731886677	0	1
107444953832494307031	0	1
103618543375127073102	0	2
108012991939099820186	0	1
104570711580136846518	0	1
101415424972852927890	0	1
113331808607528811927	0	1
105872806106213007611	0	1
110933278795835298751	0	1
101483533411566453214	0	1
117765521878416995230	0	2
112315841125189904802	0	1
102633037393674620951	0	1
111832530347449196055	0	1
105859572248327107497	0	1
109339805471557551388	0	2
108182106411180467879	0	1
109385828142935151413	0	1
113089996646628106127	0	1
109181903902951496188	0	1
110044546603209583018	0	1
113687916808174552540	0	1
110317604568805674201	0	1
103871883270165000246	0	2
113798464517411112752	0	1
117743515957583183445	0	1
116992221479414639679	0	2
111707038330878541542	0	1
109807016039593009778	0	1
110887657254002199157	0	1
111267563228401734549	0	1
106086309847039327812	0	1
106031648912799473605	0	1
104408971224491390678	0	1
105008830087888413540	0	1
103190342755104432973	0	1
112507602232162136334	0	2
109904671942593267959	0	1
115691607133254129876	0	1
103765013042311928518	0	2
110997367831284648549	0	1
101967793050656360625	0	1
109817727257275224234	0	2
105440794443460562007	0	2
102107985010072510627	0	1
105095083538991543994	0	1
106001808066334889083	0	1
112798516308771746920	0	1
110749379267845817082	0	2
105340385291038463121	0	1
114124708527697564422	0	1
114783963660941257693	0	1
117239835968550626698	0	1
113436306744042033632	0	1
117186458716523937136	0	1
101960720994009339267	0	1
103125970510649691204	0	1
113026104107031516488	0	1
106544349933037831956	0	1
114197728097920268135	0	1
101062235821996561929	0	1
109345865429707844168	0	1
117670425425169905243	0	1
117392900508968244495	0	1
102285954355508747800	0	3
109351399938437494273	0	1
105540241924141497089	0	1
112451486399280374785	0	3
104273533877175622849	0	1
102974204038528910074	0	1
117041088134317407989	0	1
109111953166204474545	0	1
114801877818306839095	0	1
100498911937242643071	0	1
117147861890251581645	0	1
101080716464512110535	0	1
103533326117556337218	0	1
116154269478833904015	0	1
102443887057408593724	0	1
102974470354076977489	0	1
111566503164646157856	0	1
109779459953869614768	0	1
102085185756507251350	0	1
101831002658760948914	0	1
112882310123511845775	0	1
108535506075040298355	0	1
103077752838273980682	0	1
113097851206100618060	0	2
116651741222993143554	0	1
107044550151209703496	0	1
116539451797396019960	0	1
117872022281058444848	0	1
111024789120844632248	0	1
114641280615693770833	0	1
109842117639520159116	0	1
103684974087620751394	0	1
117362037987288216670	0	1
108249232416813189685	0	1
101975153326598871119	0	1
107453093640123102820	0	1
112528443699803395789	0	1
103198857718269795435	0	1
113129315825084736893	0	1
116124619152562783143	0	1
113104553286769158393	0	1
105761279104103278252	0	1
107549782706666136548	0	1
111112297042090413630	0	1
110074283080417411955	0	1
116137317231363696563	0	1
106710826125257583541	0	1
106451359869410125190	0	1
117420368760274729369	0	1
101707266351443161955	0	1
102549623343643093965	0	1
111049168280159033135	0	1
114497068161438955067	0	1
109711410811562752750	0	2
106935269738929891479	0	2
105502178297258827378	0	1
108520672118814798920	0	1
117904596907381647757	0	1
114267797061807497893	0	1
105666510498414949262	0	1
106983800549406471589	0	1
107342445128902420647	0	1
112104039596696760494	0	1
110396708543149601914	0	1
116075808135192798838	0	1
106126806550435061334	0	1
106986122404916886393	0	1
117848149943147482655	0	1
115395645419924848353	0	1
111193388731102401849	0	1
110401928563211888526	0	1
114329906590222235252	0	1
114807464616644302585	0	1
115209488640908180409	0	1
107708511291405757075	0	2
111492199188028722222	0	1
101242855802654844323	0	2
115113565079265629938	0	1
112628169228874162264	0	1
107469316929398268743	0	1
107865644140918338722	0	1
108329595878992536364	0	1
109910390678756726363	0	1
111778902391984011575	0	1
116965537346862010338	0	1
103419049256232792514	0	1
111667286078689662332	0	1
103219603394791671086	0	1
115428875322623438925	0	1
105394885536871426964	0	1
116623044706877807343	0	1
115602572254983357301	0	1
115102821056917207074	0	2
102321124479843527561	0	1
107985431922124428194	0	1
112299972688047529628	0	1
109958516286878484295	0	1
113074415733820213505	0	1
105881387186112317170	0	1
102840920235699803253	0	1
104287968168547394179	0	1
107722697769823273613	0	1
112818281977389030863	0	1
109213115435922279192	0	1
106506213231880630390	0	2
110133069544294033303	0	2
109226073494902415568	0	1
114998541427420944514	0	2
102241100049670231461	0	1
100291090454863743486	0	1
100409517863217908626	0	1
