#node_label	#score	#gender
108368721218025158196	1.0	1
103970106103092409324	1.0	1
103716728307249097768	1.0	1
106419400577988151299	1.0	1
109126190883851717223	1.0	1
118089854432630639826	1.0	1
117708409021914999498	1.0	1
114971448970801442794	1.0	1
113383116812587201484	1.0	2
103913809888527111702	1.0	2
118073800010888128057	1.0	1
102914568592211631906	1.0	2
100174944347869247949	1.0	1
113795873255618332830	1.0	2
105872485431940129053	1.0	1
117685858465075522068	1.0	1
102341169238536120372	1.0	1
112574760752843915097	1.0	1
111593529042468885826	1.0	2
114463126735863422180	1.0	2
116907818196444060024	1.0	1
100963999236085677830	1.0	1
102209113534919495470	1.0	1
106389287124272501058	1.0	1
106801665384152984834	1.0	1
106907920987019159968	0.5	2
116829716295477682588	0.2	1
105713223960534386075	0.2	1
117227223410553236894	0.2	2
102788829471779007841	0.2	1
117328732331103841331	0.2	2
114492520059525754665	0.2	1
108231209777510945309	0.2	2
112189969475262743119	0.2	2
114122960748905067938	0.2	1
102056827869667810545	0.2	1
111587275602535962045	0.2	1
102180104406220147084	0.2	1
108165610406198760190	0.2	3
111554675602464825364	0.2	1
113315984982357868560	0.2	1
118138213421584943329	0.2	2
103258880630136693404	0.2	1
106890225437412284292	0.2	2
116337470434095717442	0.2	2
100391113974708701277	0.2	1
118219831824758665656	0.2	1
106632164238171300064	0.2	1
101952763473436363778	0.2	1
110082365305792362807	0.2	2
110838167701520712205	0.2	1
113722211762693166526	0.16666666666666666	1
108541235642523883716	0.16666666666666666	1
110931152668652350896	0.16666666666666666	2
103147347309732225253	0.16666666666666666	1
108767818548653547719	0.16666666666666666	1
103857459148999991693	0.16666666666666666	1
118206918258826590490	0.16666666666666666	2
116427929385107378495	0.16666666666666666	1
105115979121734412207	0.16666666666666666	1
100327603635717936220	0.16666666666666666	1
106407903380021395602	0.16666666666666666	1
105611889600461566935	0.16666666666666666	2
101924860229360230412	0.16666666666666666	2
115709805649803380122	0.16666666666666666	1
104602860284118862026	0.16666666666666666	1
117596712775912423303	0.16666666666666666	1
106649978359921982022	0.16666666666666666	1
112322792296174873610	0.16666666666666666	1
109419904780548143489	0.16666666666666666	2
107482594213368942080	0.16666666666666666	1
104857406109954440836	0.16666666666666666	1
109191174192730990434	0.16666666666666666	1
117931172372482383006	0.16666666666666666	1
103966341061811193241	0.16666666666666666	2
112254467169147545881	0.16666666666666666	2
109726816422075121059	0.16666666666666666	1
102255986016613110352	0.16666666666666666	1
117843617175570491498	0.16666666666666666	1
102518365620075109973	0.16666666666666666	1
114649689207571214338	0.16666666666666666	1
109250592228334719871	0.16666666666666666	1
117952625717994307054	0.16666666666666666	2
112104019710863190872	0.16666666666666666	2
106991151617762959435	0.16666666666666666	2
106975779381283978922	0.16666666666666666	1
111234552344495202201	0.16666666666666666	2
117187191018890588214	0.16666666666666666	1
102148715888439595783	0.16666666666666666	2
105518452623347894208	0.16666666666666666	1
105989807116077671770	0.16666666666666666	2
115532858549528174900	0.16666666666666666	1
100071640255400554059	0.16666666666666666	1
102637183526072842850	0.16666666666666666	1
106121094251803029121	0.16666666666666666	1
103984595971776502972	0.16666666666666666	1
101381148878187968086	0.16666666666666666	2
101005240119432390037	0.16666666666666666	1
114927689811601165023	0.16666666666666666	1
110320677301405648758	0.16666666666666666	2
113317110399966884817	0.16666666666666666	2
114835618008913240560	0.16666666666666666	1
107590093667978669374	0.16666666666666666	1
107468650619111216833	0.16666666666666666	1
108557531309397355660	0.16666666666666666	2
110649194482998885131	0.16666666666666666	2
110404902994335579225	0.16666666666666666	1
115957092291818573863	0.16666666666666666	1
110456109679571852707	0.16666666666666666	1
115121555137256496805	0.16666666666666666	1
110478024622618960210	0.16666666666666666	1
105360886504399318117	0.16666666666666666	1
117105778530924169363	0.16666666666666666	2
107034798934468013182	0.16666666666666666	1
111935566152570666802	0.16666666666666666	1
103808257313847253900	0.16666666666666666	2
111986060903313779567	0.16666666666666666	1
118301062646383652931	0.16666666666666666	1
109730230595248901367	0.16666666666666666	2
106159565832662315847	0.16666666666666666	1
111873853137122484021	0.16666666666666666	1
109255183145564237493	0.16666666666666666	2
104058124842486191904	0.16666666666666666	2
103230264267539483579	0.16666666666666666	1
104948978506070099898	0.16666666666666666	1
102547044539623029950	0.16666666666666666	2
117297867503542100495	0.16666666666666666	1
103528534457978794055	0.16666666666666666	2
106002545837976723927	0.16666666666666666	2
102961581170694777301	0.16666666666666666	1
108981679893410895534	0.16666666666666666	1
115287228091669334278	0.16666666666666666	1
107360993311566660432	0.16666666666666666	1
106321154878807835082	0.16666666666666666	2
109475113854351579364	0.16666666666666666	2
112814469332626292759	0.16666666666666666	2
110973279193285651016	0.16666666666666666	1
109234925256743791332	0.16666666666666666	1
108998673146368660257	0.16666666666666666	2
101269616518480136760	0.16666666666666666	1
112655230505571035208	0.16666666666666666	1
109371009787047031940	0.16666666666666666	2
106300680058382009034	0.16666666666666666	2
114709382650617717472	0.16666666666666666	1
104534444718011435675	0.16666666666666666	2
112237116051768932507	0.16666666666666666	1
100584443531788315896	0.16666666666666666	1
113240938251076632970	0.16666666666666666	1
117327973844438638644	0.16666666666666666	2
112610217478828272264	0.16666666666666666	1
103462873333877980961	0.16666666666666666	2
109790945278744699004	0.16666666666666666	1
102197192447963404381	0.16666666666666666	1
110914707330141967062	0.16666666666666666	2
108487822477374389081	0.16666666666666666	1
103103834116993607848	0.16666666666666666	1
111110282441594104451	0.16666666666666666	2
111045659538457768080	0.16666666666666666	2
117134344024080177268	0.16666666666666666	1
105135366106400885786	0.16666666666666666	2
113867426238779845398	0.16666666666666666	1
115648054840814963877	0.16666666666666666	2
114334979365075139609	0.16666666666666666	1
113881433443048137993	0.16666666666666666	2
114935435173320717405	0.16666666666666666	1
105421360534824524100	0.16666666666666666	1
108821299053288074400	0.16666666666666666	1
105112620193039173363	0.16666666666666666	2
115023338901292822064	0.16666666666666666	1
103547101416445539717	0.16666666666666666	2
101691152556611912102	0.16666666666666666	1
105436735810698049548	0.16666666666666666	1
100071314542033042636	0.16666666666666666	2
111058843129764709244	0.16666666666666666	1
117370659306066821697	0.16666666666666666	2
116287958548276644222	0.16666666666666666	2
102990590043088792590	0.16666666666666666	1
116587706417674222489	0.16666666666666666	1
102321373525880560392	0.16666666666666666	1
117553689106088684456	0.16666666666666666	1
115633038132191385679	0.16666666666666666	1
114548871884464558682	0.16666666666666666	1
116931379084245069738	0.16666666666666666	1
113607881597695397209	0.16666666666666666	2
111737181594798710014	0.16666666666666666	1
117600726279884936059	0.16666666666666666	2
109596373340495798827	0.16666666666666666	1
109410878385939067590	0.16666666666666666	2
107032124145388891917	0.16666666666666666	1
106976838186319814891	0.16666666666666666	1
115838073957413876487	0.16666666666666666	1
107018052311350972389	0.16666666666666666	1
100581626167078922517	0.16666666666666666	2
102097892256472472261	0.16666666666666666	1
103300163775354335830	0.16666666666666666	1
115891696950731235305	0.16666666666666666	2
116852173753874421412	0.16666666666666666	1
100665437773776724078	0.16666666666666666	1
115074742580527848126	0.16666666666666666	2
116000809394109669660	0.16666666666666666	1
103090889232468301451	0.16666666666666666	1
114092052797730247075	0.16666666666666666	1
105390077271236874234	0.16666666666666666	1
116076186919541013139	0.16666666666666666	1
115136446869665020841	0.16666666666666666	2
107507539268974734333	0.16666666666666666	1
106482853927171444129	0.16666666666666666	1
113835407187658627873	0.16666666666666666	1
114308159357538333105	0.16666666666666666	2
101861996949895074943	0.16666666666666666	1
105124769821172501802	0.16666666666666666	1
114427619140485635394	0.16666666666666666	2
118301801570268856235	0.16666666666666666	1
100583643768601491449	0.16666666666666666	1
107728981484346651383	0.16666666666666666	2
106844184289605969981	0.16666666666666666	1
104214901993894018115	0.16666666666666666	1
104873353332707777690	0.16666666666666666	1
100751529912611655620	0.16666666666666666	1
103072738433357468653	0.16666666666666666	1
107863796156749531232	0.16666666666666666	1
107134006808153049846	0.16666666666666666	1
101558201988184499670	0.16666666666666666	1
113885344285909043613	0.16666666666666666	2
108106777511843418164	0.16666666666666666	2
108564774959534277266	0.16666666666666666	2
113801321038842101898	0.16666666666666666	2
110900759695819888399	0.16666666666666666	1
117287523098373414196	0.16666666666666666	2
103038287804535196503	0.16666666666666666	2
104005436274006934209	0.16666666666666666	1
117950453145750849911	0.16666666666666666	1
115979685029026206701	0.16666666666666666	1
114531070097717314226	0.16666666666666666	2
110062340723043312962	0.16666666666666666	1
111624531888169171475	0.16666666666666666	1
116315897040732668413	0.16666666666666666	1
103132137648863008501	0.16666666666666666	2
111467014974214199699	0.16666666666666666	1
103271045211030417661	0.16666666666666666	1
109219075976635448224	0.16666666666666666	1
110628308558818952047	0.16666666666666666	2
103441445293352388059	0.16666666666666666	1
108204520910031019882	0.16666666666666666	1
115505611402423023943	0.16666666666666666	1
101445247481137522686	0.16666666666666666	2
115398900372263208745	0.16666666666666666	1
107576000524639319106	0.16666666666666666	1
107563140683873861979	0.16666666666666666	1
114514799374654508108	0.16666666666666666	2
100186938589206311054	0.16666666666666666	1
116375325352702759007	0.16666666666666666	1
110195764203732426662	0.16666666666666666	1
115493843986611547716	0.16666666666666666	2
101035769552354147539	0.16666666666666666	1
111469958502827977710	0.16666666666666666	2
103402604547044437621	0.16666666666666666	2
100770362378770488768	0.16666666666666666	1
108871877301789098084	0.16666666666666666	1
114037378284666972036	0.16666666666666666	1
108855771322927272374	0.16666666666666666	2
107889816939032412666	0.16666666666666666	1
115312105864775717810	0.16666666666666666	2
105924818388092405620	0.16666666666666666	2
110223882654120290867	0.16666666666666666	1
117189268819713435859	0.16666666666666666	1
109602109099036550366	0.16666666666666666	1
116917864033830936795	0.16666666666666666	3
112744760710263848638	0.16666666666666666	2
102503573464210184147	0.16666666666666666	2
111939626988908665949	0.16666666666666666	1
117994381802446140543	0.16666666666666666	2
107770611289171488572	0.16666666666666666	1
103134443000885565193	0.16666666666666666	1
114077525644661833984	0.16666666666666666	1
103518596854349692245	0.16666666666666666	1
112165207217703042652	0.16666666666666666	1
107660875906928406568	0.16666666666666666	2
117942031999241633112	0.16666666666666666	1
107189810823071706764	0.16666666666666666	1
116805285176805120365	0.16666666666666666	1
107348677878446476231	0.16666666666666666	3
107106193255722487200	0.16666666666666666	2
104385895670279050872	0.16666666666666666	1
100140666577536355564	0.16666666666666666	1
110077524130470245304	0.16666666666666666	1
115137849030052712728	0.16666666666666666	1
118384074629061704735	0.16666666666666666	1
112770918706467783925	0.16666666666666666	2
103944806119684977441	0.16666666666666666	2
112374836634096795698	0.16666666666666666	1
114328261138944701055	0.16666666666666666	1
103490014051577974992	0.16666666666666666	1
101536109537442359228	0.16666666666666666	2
104101152841050811746	0.16666666666666666	2
105128764521029021821	0.16666666666666666	1
104564660075265244452	0.16666666666666666	1
105917734515809002180	0.16666666666666666	1
105211066216903231199	0.16666666666666666	1
103875657007779608001	0.16666666666666666	1
106629137435682213230	0.16666666666666666	2
102645204215549659944	0.16666666666666666	3
102929132146240115061	0.16666666666666666	1
107742059751171695340	0.16666666666666666	2
114528432518230914438	0.16666666666666666	2
116545842347056881965	0.16666666666666666	1
106343379607573256044	0.16666666666666666	1
106033781316334155856	0.16666666666666666	1
117388252776312694644	0.16666666666666666	1
114870652491954460386	0.16666666666666666	1
104546878095894843869	0.16666666666666666	2
108999765655839446046	0.16666666666666666	1
102661798289968298068	0.16666666666666666	2
112818800603813886449	0.16666666666666666	1
112547787110181924087	0.16666666666666666	1
113618837720608625489	0.16666666666666666	2
110281034374785808008	0.16666666666666666	1
101852810220253351481	0.16666666666666666	2
102737705736968820678	0.16666666666666666	1
107396241442191327319	0.16666666666666666	2
111972311379491101006	0.16666666666666666	1
114345903275605514915	0.16666666666666666	1
101824923181156392444	0.16666666666666666	1
107296660002634487593	0.16666666666666666	1
107114778862847255068	0.16666666666666666	2
109611870475725745476	0.16666666666666666	1
101544238620721926724	0.16666666666666666	2
112915508949553064969	0.16666666666666666	1
118050849940309986243	0.16666666666666666	1
101403398734300997354	0.16666666666666666	2
103049373110021341267	0.16666666666666666	1
115148539543102770153	0.16666666666666666	1
113118779910737235414	0.16666666666666666	2
111760848883991243199	0.16666666666666666	2
103294358672505913167	0.16666666666666666	1
118037704650497803921	0.16666666666666666	1
116141628119040595912	0.16666666666666666	1
110788689115113965536	0.16666666666666666	1
105493081640219878951	0.16666666666666666	1
107266675406427148556	0.16666666666666666	1
113289276011585830741	0.16666666666666666	1
103206605407547059039	0.16666666666666666	1
114718380011770565988	0.16666666666666666	1
109267048894926681081	0.16666666666666666	3
116823159925507003638	0.16666666666666666	1
103020802233930940029	0.16666666666666666	2
113977564565884412904	0.16666666666666666	1
101901232143740160078	0.16666666666666666	2
111718018022624143076	0.16666666666666666	1
117408020200694760927	0.16666666666666666	1
105489064367742025310	0.16666666666666666	2
101123396346539265589	0.16666666666666666	1
113747974162186408310	0.16666666666666666	1
100007424942599633021	0.16666666666666666	2
115146484128708835538	0.16666666666666666	1
111490837071919746239	0.16666666666666666	2
107558166091051909377	0.16666666666666666	1
104364052204053343998	0.16666666666666666	1
105818664045220812496	0.16666666666666666	3
107904165028012786328	0.16666666666666666	1
113933188142370557001	0.16666666666666666	1
100148131753059528231	0.16666666666666666	1
110308609618542819697	0.16666666666666666	2
109427269937333297397	0.16666666666666666	1
107847474107489231827	0.16666666666666666	1
105992316080306349144	0.16666666666666666	1
108207761965956936386	0.16666666666666666	1
111050672546250921180	0.16666666666666666	1
108684873053779023051	0.16666666666666666	2
108133989305617114507	0.16666666666666666	1
108310575121017741175	0.16666666666666666	1
106322465979385944906	0.16666666666666666	3
115547183038886391869	0.16666666666666666	1
111849160724194900617	0.16666666666666666	1
107588913389869807388	0.16666666666666666	1
113442679776672101730	0.16666666666666666	1
118114557675104381720	0.16666666666666666	2
103399926392582289066	0.16666666666666666	1
104278345775393146746	0.16666666666666666	1
106735749388036321131	0.16666666666666666	1
111106393112797915133	0.16666666666666666	1
110374285151379544748	0.16666666666666666	2
117611181638655435522	0.16666666666666666	2
115970504272079730559	0.16666666666666666	1
117612451402347716426	0.16666666666666666	1
100872876956795042185	0.16666666666666666	2
113816490961622062438	0.16666666666666666	2
112330796199551178519	0.16666666666666666	1
117884186630207744727	0.16666666666666666	1
117303659386196918905	0.16666666666666666	1
109624958288421299798	0.16666666666666666	1
111092625654641205891	0.16666666666666666	1
104302681036039358240	0.16666666666666666	1
107126665887970596868	0.16666666666666666	2
115434806160641041267	0.16666666666666666	2
111299594167177765377	0.16666666666666666	1
101952976429462756517	0.16666666666666666	1
114142528070147926514	0.16666666666666666	1
115467119827317080331	0.16666666666666666	1
115141092509721329158	0.16666666666666666	2
117365132592390718483	0.16666666666666666	2
114685023358456466132	0.16666666666666666	2
116087923084229575728	0.16666666666666666	2
111833893026903630547	0.16666666666666666	1
104119608064940163872	0.16666666666666666	1
111491466248379228198	0.16666666666666666	1
101733511248571240829	0.16666666666666666	1
100521671383026672718	0.16666666666666666	2
100028689656197242043	0.16666666666666666	2
108273722545439040514	0.16666666666666666	1
112155586707055024969	0.16666666666666666	2
102499710225940458265	0.16666666666666666	1
106992071744711893668	0.16666666666666666	1
108894901907715020153	0.16666666666666666	2
105821241826446325759	0.16666666666666666	2
100507636570832524160	0.16666666666666666	2
116654096266355501130	0.16666666666666666	1
110714332500354915214	0.16666666666666666	1
105139939102105571207	0.16666666666666666	1
117484352468587338564	0.16666666666666666	1
112954151067260940064	0.16666666666666666	1
109270663043539314605	0.16666666666666666	2
100259110586396288358	0.16666666666666666	2
103900810161918675722	0.16666666666666666	1
111158118722052430084	0.16666666666666666	1
104202263011113038990	0.16666666666666666	2
115175122097563306340	0.16666666666666666	2
100093902492789669774	0.16666666666666666	1
107613682152293496500	0.16666666666666666	1
112216705550566244316	0.16666666666666666	1
108591074969686655440	0.16666666666666666	2
105422295613267466762	0.16666666666666666	2
100275461827190613538	0.16666666666666666	1
103068825327398983563	0.16666666666666666	1
101386720881220467114	0.16666666666666666	2
117344786984788205452	0.16666666666666666	1
117737121552544823396	0.16666666666666666	1
105908946018927746505	0.16666666666666666	1
117293232859273045310	0.16666666666666666	2
101179305091815209891	0.16666666666666666	1
106801291127083930594	0.16666666666666666	1
116577043335619579498	0.16666666666666666	1
116288848506537001171	0.16666666666666666	3
102218502614021519543	0.16666666666666666	1
105770359874870588212	0.16666666666666666	1
116214973323641326362	0.16666666666666666	1
113524745665911089922	0.16666666666666666	2
108271507069679184793	0.16666666666666666	1
107973528337861416233	0.16666666666666666	1
106238092400087274094	0.16666666666666666	1
113549303491259786424	0.16666666666666666	2
111771137426879353123	0.16666666666666666	2
115023834238558979464	0.16666666666666666	2
116163754096446458259	0.16666666666666666	1
109320210849447243467	0.16666666666666666	1
115724883099396204735	0.16666666666666666	1
100040621447440961695	0.16666666666666666	1
104401988555974168779	0.16666666666666666	1
112172895831966524738	0.16666666666666666	2
110472775327756567349	0.16666666666666666	3
103490257692431314030	0.16666666666666666	1
117437841282077965369	0.16666666666666666	1
117106864988585204018	0.16666666666666666	1
109765070745957017568	0.16666666666666666	1
105039280239188622463	0.16666666666666666	1
106461514211730207895	0.16666666666666666	2
115165205120331393982	0.16666666666666666	2
117811525016398692676	0.16666666666666666	1
104007434457787072396	0.16666666666666666	2
103744669593777813178	0.16666666666666666	2
113946715443571015123	0.16666666666666666	1
117032113600154455464	0.16666666666666666	1
106793409736995197316	0.16666666666666666	1
116244232979306311271	0.16666666666666666	2
114579789889032395212	0.16666666666666666	1
104651858239149478872	0.16666666666666666	2
112183819311352500254	0.16666666666666666	1
104979585499014359056	0.16666666666666666	2
100589764553189779383	0.16666666666666666	1
111496323664129888727	0.16666666666666666	1
101869954449217888195	0.16666666666666666	2
108932788008800738020	0.16666666666666666	2
110279511361603882003	0.16666666666666666	1
106220600090297128338	0.16666666666666666	1
111089353731255501845	0.16666666666666666	2
106579262669161740805	0.16666666666666666	1
104442667248845242268	0.16666666666666666	1
103540075949276725160	0.16666666666666666	1
110901670413205051194	0.16666666666666666	1
112786890450122407289	0.16666666666666666	2
108273660324649677046	0.16666666666666666	1
117571253469987235432	0.16666666666666666	1
115609767292683513419	0.16666666666666666	2
109799852943001494117	0.16666666666666666	2
108967749932516318839	0.16666666666666666	2
102228763662195926264	0.16666666666666666	1
116096816187931801304	0.16666666666666666	3
106120892232863506345	0.16666666666666666	1
114530282685788609076	0.16666666666666666	1
106250234179615025320	0.16666666666666666	3
100973338013746275174	0.16666666666666666	1
111653641366793842174	0.16666666666666666	2
116113014152499702246	0.16666666666666666	1
110687757011038291457	0.16666666666666666	1
105035058281179718814	0.16666666666666666	1
113329792100896065459	0.16666666666666666	1
102963089216563509217	0.16666666666666666	1
114399570243387179751	0.16666666666666666	1
101047809996269228974	0.16666666666666666	1
106218047355904320426	0.16666666666666666	2
103232742995020421781	0.16666666666666666	1
105985738299358731760	0.16666666666666666	1
113399785752705562903	0.16666666666666666	1
116563127088683051053	0.16666666666666666	1
102550014243263413931	0.16666666666666666	1
110482170335241239408	0.16666666666666666	2
115076929696311514715	0.16666666666666666	1
100401708106444405523	0.16666666666666666	2
100227436861049512391	0.16666666666666666	2
112974221880210124316	0.16666666666666666	1
103249675628818392156	0.16666666666666666	1
103958441795544241153	0.16666666666666666	1
113854591964374444379	0.16666666666666666	1
111241100413429718765	0.16666666666666666	2
102857810590527421931	0.16666666666666666	1
116477723365542234239	0.16666666666666666	1
118107045405823607895	0.16666666666666666	1
105373589191095322547	0.16666666666666666	2
113954820061432803454	0.16666666666666666	1
111427232323640771136	0.16666666666666666	1
117371850375457404298	0.16666666666666666	1
110859403217752039593	0.16666666666666666	1
113718343049546470841	0.16666666666666666	2
114705227849697554573	0.16666666666666666	2
103324921589846414494	0.16666666666666666	2
105885949022711540914	0.16666666666666666	1
100696736492387120828	0.16666666666666666	1
108167209651567871551	0.16666666666666666	1
101578908305271892137	0.16666666666666666	1
100415345527134852246	0.16666666666666666	1
101149213714420581181	0.16666666666666666	1
114085939943834183247	0.16666666666666666	1
101584477573242727874	0.16666666666666666	2
107320437223702857592	0.16666666666666666	2
102835412008947310524	0.16666666666666666	1
103183570053193175186	0.16666666666666666	1
106145469678511903598	0.16666666666666666	2
108618369151071018402	0.16666666666666666	2
104990888000006699338	0.16666666666666666	1
106506904710823801874	0.16666666666666666	1
100447532306249738876	0.16666666666666666	1
105607476388378833699	0.16666666666666666	2
103990216012166127536	0.16666666666666666	2
107169475135045361140	0.16666666666666666	1
105001542879577510093	0.16666666666666666	1
100656749491859603781	0.16666666666666666	1
114752870863000007466	0.16666666666666666	1
113511279752012786991	0.16666666666666666	1
104803646263072880370	0.16666666666666666	2
111048918866742956374	0.16666666666666666	1
115425872214858724922	0.16666666666666666	2
108261451694632059942	0.16666666666666666	2
112563912347268020968	0.16666666666666666	2
114085190748679588261	0.16666666666666666	1
113886305999177111894	0.16666666666666666	1
118272434101169578887	0.16666666666666666	2
103936827743475359519	0.16666666666666666	1
104107887176979793079	0.16666666666666666	2
117104354898873541959	0.16666666666666666	1
101275179870005929648	0.16666666666666666	2
102887305136484095999	0.16666666666666666	1
108762842416089247473	0.16666666666666666	2
115338348211278326410	0.16666666666666666	1
117961212741161886553	0.16666666666666666	2
109519872564472121189	0.16666666666666666	2
105276279690752564159	0.16666666666666666	1
104753156470151028358	0.16666666666666666	1
111285156314431541418	0.16666666666666666	2
109299031650536547441	0.16666666666666666	2
110659154322241123901	0.16666666666666666	1
118031582330944929058	0.16666666666666666	1
111230422483653737789	0.16666666666666666	1
102426112696730995918	0.16666666666666666	1
100494264179552780611	0.16666666666666666	2
117994214140365623551	0.16666666666666666	2
117117243109101385379	0.16666666666666666	1
114206318263110605424	0.16666666666666666	2
110587795777511375466	0.16666666666666666	1
102007958997205087385	0.16666666666666666	1
116409964638305566440	0.16666666666666666	1
109626763051544142642	0.16666666666666666	1
106326973089842217186	0.16666666666666666	1
113367609333589754250	0.16666666666666666	1
102872329895197895370	0.16666666666666666	1
103274251626717875952	0.16666666666666666	1
110980858757137478851	0.16666666666666666	1
115701858978533297883	0.16666666666666666	1
102881052914977050318	0.16666666666666666	1
108433868087720085139	0.16666666666666666	1
104245892273717334914	0.16666666666666666	2
107395460720598676651	0.16666666666666666	3
114361596077509038117	0.16666666666666666	2
114748946960624528754	0.16666666666666666	2
108651717657234645162	0.16666666666666666	1
117268380659841428229	0.16666666666666666	1
112491442714629266497	0.16666666666666666	1
117337958158952242811	0.16666666666666666	2
103068374571686487868	0.16666666666666666	1
103989456549587984018	0.16666666666666666	1
115746329005161350508	0.16666666666666666	1
117298410055998935548	0.16666666666666666	2
115715986216905531432	0.16666666666666666	1
104796122208019995774	0.16666666666666666	1
117223008787555494824	0.16666666666666666	2
114362893782996264270	0.16666666666666666	2
102078098288357515431	0.16666666666666666	3
108361158913993172732	0.16666666666666666	1
101160779705572880332	0.16666666666666666	1
116650285075232966159	0.16666666666666666	1
102699000494066195263	0.16666666666666666	2
117769032558011718736	0.16666666666666666	2
110125969366862686399	0.16666666666666666	1
117964845337145483525	0.16666666666666666	2
105828956223326995394	0.16666666666666666	1
107996240019878761727	0.16666666666666666	1
114266956039786259104	0.16666666666666666	1
116412147235752808523	0.16666666666666666	2
113945748980655581532	0.16666666666666666	1
114932796787973667313	0.16666666666666666	2
112188647432305746617	0.16666666666666666	1
102804978685505492815	0.16666666666666666	2
113925391807060513033	0.16666666666666666	1
107902413199140775867	0.16666666666666666	1
116325872509968290257	0.16666666666666666	1
108215644829092784557	0.16666666666666666	1
106275325331586032939	0.16666666666666666	1
104836858653936934045	0.16666666666666666	2
112547381334151121538	0.16666666666666666	2
112843152742675344622	0.16666666666666666	1
101050864722964115697	0.16666666666666666	2
104283104920976967309	0.16666666666666666	2
105283496744569420597	0.16666666666666666	2
115182741546942495442	0.16666666666666666	2
108365807612905030742	0.16666666666666666	2
117752662046127097349	0.16666666666666666	1
109985107950951550288	0.16666666666666666	2
105382311931569368732	0.16666666666666666	1
112490535570779975735	0.16666666666666666	2
114690972417932491721	0.16666666666666666	3
105709844095469041260	0.16666666666666666	1
103375542801396350118	0.16666666666666666	2
113916333798067078222	0.16666666666666666	2
116721310204582207099	0.16666666666666666	2
107176073754977513315	0.16666666666666666	1
104345801144381868824	0.16666666666666666	2
103500108183743394604	0.16666666666666666	1
101303899182022562093	0.16666666666666666	1
111662182151481614771	0.16666666666666666	2
106152073048911908556	0.16666666666666666	1
112286818960992527726	0.16666666666666666	1
100846321432199933896	0.16666666666666666	2
111460901695997018144	0.16666666666666666	1
107854378317011031991	0.16666666666666666	1
110914779605699995714	0.16666666666666666	1
111675759130975675454	0.16666666666666666	1
115771740205107081386	0.16666666666666666	1
103493918134928092342	0.16666666666666666	1
116877614893060255229	0.16666666666666666	2
103255845558930465252	0.16666666666666666	1
109080723668547114837	0.16666666666666666	1
103316479042578333532	0.16666666666666666	2
105401589388383764856	0.16666666666666666	1
114496864724735567792	0.16666666666666666	2
117473477005177317943	0.16666666666666666	2
112798623377959973460	0.16666666666666666	2
111165366879875301274	0.16666666666666666	2
110816032472866489951	0.16666666666666666	2
108121932550768716443	0.16666666666666666	1
107588868062388296338	0.16666666666666666	1
108346637271615594833	0.16666666666666666	1
102260352671679304849	0.16666666666666666	1
101550817552076955691	0.16666666666666666	1
115912014509582860095	0.16666666666666666	1
105012906421646245980	0.16666666666666666	1
109494454858819438409	0.16666666666666666	1
107219183520752939264	0.16666666666666666	1
117070732876216756814	0.16666666666666666	1
107455794061736265081	0.16666666666666666	1
113268795088098824556	0.16666666666666666	1
112749216212330183140	0.16666666666666666	1
115473744607929446722	0.16666666666666666	1
100825884322873650899	0.16666666666666666	1
117948914289725399427	0.16666666666666666	2
109835343555995849165	0.16666666666666666	1
111087985741075040202	0.16666666666666666	1
113148226810585996487	0.16666666666666666	1
101642560097969013686	0.16666666666666666	1
101825217033322650601	0.16666666666666666	1
111713762535801723101	0.16666666666666666	1
112623722232653545872	0.16666666666666666	2
111191474352938436934	0.16666666666666666	2
108871986628238771394	0.16666666666666666	1
115035061673098405753	0.16666666666666666	2
105824099318569893626	0.16666666666666666	1
110439359427525716603	0.16666666666666666	1
111883522285464139993	0.16666666666666666	1
116119023366630383283	0.16666666666666666	1
115942441009247123586	0.16666666666666666	1
112527609011635752387	0.16666666666666666	2
116502394635958271022	0.16666666666666666	2
111658856861405987986	0.16666666666666666	2
107977108836273421666	0.16666666666666666	2
110252485844473315445	0.16666666666666666	2
102665200552377966664	0.16666666666666666	1
103527665374001123765	0.16666666666666666	1
104444216800588328109	0.16666666666666666	2
100994959835228500824	0.16666666666666666	1
117191276486016381231	0.16666666666666666	1
103235412042557128838	0.16666666666666666	2
111518242569873171711	0.16666666666666666	2
102184095512577290802	0.16666666666666666	2
111790340242821465187	0.16666666666666666	2
103333947960815041657	0.16666666666666666	1
118018940737717359948	0.16666666666666666	1
110538244692163552116	0.16666666666666666	1
114183903475778371767	0.16666666666666666	1
105245457841191729686	0.16666666666666666	1
118142535392533860810	0.16666666666666666	1
108523587127926020401	0.16666666666666666	1
101465706043927957060	0.16666666666666666	1
101913642651443955289	0.16666666666666666	1
103027055271148699549	0.16666666666666666	1
105637155712287876601	0.16666666666666666	1
110989250509522485452	0.16666666666666666	1
107331671966442326244	0.16666666666666666	2
111590901213239324246	0.16666666666666666	2
111653235450133676491	0.16666666666666666	1
111553795984597128518	0.16666666666666666	1
105501612924248234412	0.16666666666666666	1
106349974192297782964	0.16666666666666666	1
103414156623126654112	0.16666666666666666	1
112965688302831166567	0.16666666666666666	1
112970989373052700394	0.16666666666666666	1
115870126696259475982	0.16666666666666666	1
103072523726343626560	0.16666666666666666	1
100428070096167744335	0.16666666666666666	1
102736987222365866163	0.16666666666666666	1
105865533924482514770	0.16666666666666666	1
109744341036015570668	0.16666666666666666	1
106371489052530261375	0.16666666666666666	1
112391268677800082202	0.16666666666666666	1
101699904654066419055	0.16666666666666666	3
108545998538519041868	0.16666666666666666	1
113778016577597065634	0.16666666666666666	2
112812462595058642652	0.16666666666666666	1
116907542919207388502	0.16666666666666666	1
108367648185791071267	0.16666666666666666	1
101577820395486260608	0.16666666666666666	1
107441876006843268036	0.16666666666666666	2
108403181342872321914	0.16666666666666666	1
108125098466777608522	0.16666666666666666	1
112293211110756762362	0.16666666666666666	1
113581984289692358560	0.16666666666666666	1
101669500851185912803	0.16666666666666666	1
105073221672682346129	0.16666666666666666	2
100207476365394910924	0.16666666666666666	2
115587132101896457773	0.16666666666666666	1
115425169524817140869	0.16666666666666666	1
116023076408524703501	0.16666666666666666	1
101015964088772576261	0.16666666666666666	1
115293137891569179981	0.16666666666666666	1
103803564424720099883	0.16666666666666666	1
106084052941186395139	0.16666666666666666	2
116902740844794234040	0.16666666666666666	2
109143384193766932670	0.16666666666666666	1
103234540369296760304	0.16666666666666666	1
110360784207374607325	0.16666666666666666	2
115507789455103003229	0.16666666666666666	2
107370568576953703553	0.16666666666666666	1
102603206946621089190	0.16666666666666666	2
111835889355827820044	0.16666666666666666	1
103102159819474141302	0.16666666666666666	1
103882272094347007692	0.16666666666666666	1
111596638497278268890	0.16666666666666666	1
114656704900569262437	0.16666666666666666	1
114448012211595806225	0.16666666666666666	1
101503993313738855097	0.16666666666666666	1
115706222799194506830	0.16666666666666666	2
116333457055615297476	0.16666666666666666	2
115482236651088047670	0.16666666666666666	2
107046477716976438029	0.16666666666666666	1
109967027135756554055	0.16666666666666666	2
116085027999597552670	0.16666666666666666	1
114970525955091479340	0.16666666666666666	1
101022289376513408625	0.16666666666666666	2
108012748909740538391	0.16666666666666666	1
115579516985044880989	0.16666666666666666	1
118182931401774316033	0.16666666666666666	3
111063275060285516079	0.16666666666666666	2
108612520344032016790	0.16666666666666666	1
114340245065231409693	0.16666666666666666	1
113634296943872893827	0.16666666666666666	2
115237665476336934606	0.16666666666666666	2
107257339924448853547	0.16666666666666666	1
117555797420103623545	0.16666666666666666	1
116377862426488056172	0.16666666666666666	1
112344947653391010824	0.16666666666666666	1
116755259834136772630	0.16666666666666666	1
111501402615244893613	0.16666666666666666	1
102501661842283380711	0.16666666666666666	2
100052108766087397367	0.16666666666666666	1
110494755951504789018	0.16666666666666666	2
114456351183795885149	0.16666666666666666	1
111496743724945078388	0.14285714285714285	1
114634215276087663630	0.14285714285714285	1
112353210404102902472	0.14285714285714285	1
105492119742825421749	0.14285714285714285	1
108189587050871927619	0.14285714285714285	1
101465854435804471513	0.14285714285714285	1
102417040095952316153	0.14285714285714285	1
102277502600965369160	0.14285714285714285	1
101825755540666946765	0.14285714285714285	1
100545200846207529612	0.14285714285714285	2
111947765234599144923	0.14285714285714285	1
107817577197168016509	0.14285714285714285	1
106843338102240703726	0.14285714285714285	1
113525275004500522871	0.14285714285714285	1
115556583489271055785	0.14285714285714285	2
102092047367002713246	0.14285714285714285	1
106677033160092990257	0.14285714285714285	1
117073040170994945399	0.14285714285714285	1
113272223350443264895	0.14285714285714285	1
109253130253883441284	0.14285714285714285	1
109711006618128625246	0.14285714285714285	1
103767034696306710437	0.14285714285714285	2
104814476220868629008	0.14285714285714285	2
102034052532213921839	0.14285714285714285	1
104286056463562229827	0.14285714285714285	2
106407425466046895546	0.14285714285714285	1
101170858167877590028	0.14285714285714285	1
110834396747922253787	0.14285714285714285	2
105742711042244390029	0.14285714285714285	1
102485180282201748928	0.14285714285714285	1
103611995560779121343	0.14285714285714285	1
117723764369906086947	0.14285714285714285	2
116416314233992548280	0.14285714285714285	1
117421021456205115327	0.14285714285714285	3
108082478497335384404	0.14285714285714285	1
101453162215777563254	0.14285714285714285	2
109046702500700099488	0.14285714285714285	1
110051674459506908139	0.14285714285714285	1
111059970532919761644	0.14285714285714285	2
115776904698341375063	0.14285714285714285	1
113438256900303213931	0.14285714285714285	1
103267764850778840042	0.14285714285714285	1
113842444453130095060	0.14285714285714285	1
108102879464925551155	0.14285714285714285	1
100431683136235886510	0.14285714285714285	2
117333898007490665484	0.14285714285714285	1
115222258986073905804	0.14285714285714285	2
116749208215142394173	0.14285714285714285	1
115730807221904022645	0.14285714285714285	2
112299780757625782612	0.14285714285714285	2
105330508189198953561	0.14285714285714285	2
110097491049770827203	0.14285714285714285	1
115352602850836259449	0.14285714285714285	1
115687178185726009185	0.14285714285714285	1
111539265885175147251	0.14285714285714285	1
104041730971411982745	0.14285714285714285	1
108674734428845026172	0.14285714285714285	1
106624908229691820592	0.14285714285714285	1
113355045546664007372	0.14285714285714285	1
109711721158856077787	0.14285714285714285	2
109466960372762300135	0.14285714285714285	1
100221555167886931877	0.14285714285714285	2
100325832039912143717	0.14285714285714285	2
108463672701594192036	0.14285714285714285	1
104799160568450312846	0.14285714285714285	1
102221942940843100503	0.14285714285714285	2
112675735045332034682	0.14285714285714285	2
116747667960171383329	0.14285714285714285	2
102452242106567377625	0.14285714285714285	2
107157557029555822002	0.14285714285714285	2
105786614346700227776	0.14285714285714285	1
111994682676510404411	0.14285714285714285	1
112805275955918765847	0.14285714285714285	2
111425389710625097093	0.14285714285714285	1
115470071077898720170	0.14285714285714285	1
105411103202273088261	0.14285714285714285	1
104249478394329674539	0.14285714285714285	1
101315742492526339632	0.14285714285714285	1
115459243651688775505	0.14285714285714285	1
117393876103524690286	0.14285714285714285	1
114251441237535155545	0.14285714285714285	1
104667277078128870418	0.14285714285714285	1
100264010813126229552	0.14285714285714285	1
108142535124574804277	0.14285714285714285	1
106473332550730818968	0.14285714285714285	2
110992347936872775524	0.14285714285714285	1
101653798591830993272	0.14285714285714285	1
103015251222547167150	0.14285714285714285	1
109779057532625231365	0.14285714285714285	1
112917279535453700406	0.14285714285714285	1
114348243220523407047	0.14285714285714285	1
101849747879612982297	0.14285714285714285	3
113953592758896789108	0.14285714285714285	1
114433175893636519764	0.14285714285714285	1
113023958671273268275	0.14285714285714285	2
112451681343577317102	0.14285714285714285	1
115831097763812861731	0.14285714285714285	1
111499641772870869244	0.14285714285714285	1
103697821787469756035	0.14285714285714285	1
104461270372989098596	0.14285714285714285	2
100586292717363443048	0.14285714285714285	1
114403154176908804583	0.14285714285714285	1
100266471059676971176	0.14285714285714285	1
111819844682503085049	0.14285714285714285	1
102624264212801608398	0.14285714285714285	2
102679339203808491281	0.14285714285714285	1
100806981966366833878	0.14285714285714285	1
109560261334146066652	0.14285714285714285	1
102695506211664042361	0.14285714285714285	1
114369704013100203178	0.14285714285714285	1
113609890992580347769	0.14285714285714285	1
101940753538647020405	0.14285714285714285	1
105445729724036171501	0.14285714285714285	1
105567491680949380655	0.14285714285714285	1
109339070487112465770	0.14285714285714285	2
115171909284870068699	0.14285714285714285	1
116319627715742877481	0.14285714285714285	1
116103620303424989457	0.14285714285714285	1
106754555474669860321	0.14285714285714285	2
111490038599843263453	0.14285714285714285	1
108772200278976934119	0.14285714285714285	2
105865266917646011349	0.14285714285714285	1
101001754553539339525	0.14285714285714285	1
117109117655029143874	0.14285714285714285	2
101066774501353405200	0.14285714285714285	1
116763120588566505995	0.14285714285714285	1
113201752009926106074	0.14285714285714285	1
104757968261584893988	0.14285714285714285	2
104414006889440330710	0.14285714285714285	1
104504981805192333775	0.14285714285714285	1
113146799877690470424	0.14285714285714285	1
101735172800673090495	0.14285714285714285	1
116969930454143715987	0.14285714285714285	2
117631543620684483483	0.14285714285714285	1
103011091457132318020	0.14285714285714285	1
116863776222727730672	0.14285714285714285	1
101036414115172779753	0.14285714285714285	1
101941383608017821792	0.14285714285714285	1
103325054230241351589	0.14285714285714285	1
113180815516125966443	0.14285714285714285	1
104264121339839722223	0.14285714285714285	1
102738997858817302487	0.14285714285714285	2
115573645226191116974	0.14285714285714285	2
111596717972624916158	0.14285714285714285	1
114837315757849666490	0.14285714285714285	1
110536059454538019392	0.14285714285714285	1
104672614700283598130	0.14285714285714285	2
100446039411972959876	0.14285714285714285	1
108513113150724685390	0.14285714285714285	1
104601966579636115281	0.14285714285714285	1
103636959055130559060	0.14285714285714285	1
107696593710338979616	0.14285714285714285	2
108437871879281403721	0.14285714285714285	2
111688503397322908979	0.14285714285714285	2
116811081630443095601	0.14285714285714285	2
104413947271083275229	0.14285714285714285	1
100358568221445126337	0.14285714285714285	1
101556140211689043689	0.14285714285714285	1
102278810216935213271	0.14285714285714285	1
102766883669334173191	0.14285714285714285	1
118241908293598797317	0.14285714285714285	1
111903907615046915373	0.14285714285714285	2
112682658471407165205	0.14285714285714285	1
107405255115642232315	0.14285714285714285	1
107999909388672048395	0.14285714285714285	2
107018384079212893430	0.14285714285714285	1
114006544968779005866	0.14285714285714285	3
118415395431028697378	0.14285714285714285	2
103140028521053633480	0.14285714285714285	1
116258753317291654387	0.14285714285714285	1
107475311944047979978	0.14285714285714285	1
107179421315824659117	0.14285714285714285	1
100689290279008475991	0.14285714285714285	2
108852091124503074794	0.14285714285714285	1
103599879912793608226	0.14285714285714285	2
115444781898731016866	0.14285714285714285	1
102074252322180952509	0.14285714285714285	2
107359041727465523495	0.14285714285714285	2
105472596684664595999	0.14285714285714285	1
114972188188532497558	0.14285714285714285	3
114230422317297262372	0.14285714285714285	1
102698176771570309722	0.14285714285714285	1
107738500769207918486	0.14285714285714285	1
105718045706606975227	0.14285714285714285	1
111633647385349309572	0.14285714285714285	2
113835591871491270522	0.14285714285714285	1
117120899220348900166	0.14285714285714285	1
103520919565871596771	0.14285714285714285	2
110787951497089371843	0.14285714285714285	2
114674760089178000230	0.14285714285714285	1
114504915540234424197	0.14285714285714285	2
100859050728709312464	0.14285714285714285	1
111371872034353697884	0.14285714285714285	1
110479310742964256734	0.14285714285714285	1
110284647265862514444	0.14285714285714285	2
106996219274768543954	0.14285714285714285	1
107073852799630124249	0.14285714285714285	1
102615863344410467759	0.14285714285714285	2
108708746323271173453	0.14285714285714285	1
107330218258870552495	0.14285714285714285	2
105431055560076303076	0.14285714285714285	1
107098810014635698204	0.14285714285714285	1
105496202656024274678	0.14285714285714285	1
109403002305616155346	0.14285714285714285	1
110497909365801371707	0.14285714285714285	1
107304785030330205681	0.14285714285714285	1
110213257974797510242	0.14285714285714285	2
106850276179352478318	0.14285714285714285	1
115315860453938426799	0.14285714285714285	2
106977227791011162644	0.14285714285714285	1
115941911408278491291	0.14285714285714285	1
109479560363527324813	0.14285714285714285	2
108408858617232053127	0.14285714285714285	2
118078438045310432421	0.14285714285714285	1
115884897721735446510	0.14285714285714285	2
102926741437771714510	0.14285714285714285	1
110262741404508571373	0.14285714285714285	1
103560944371498447988	0.14285714285714285	1
114861661984499551200	0.14285714285714285	1
104412286655413823507	0.14285714285714285	2
107925351942298524985	0.14285714285714285	1
113454623543862813177	0.14285714285714285	2
101319199068187021366	0.14285714285714285	1
103678870073436346171	0.14285714285714285	1
107895589408692326451	0.14285714285714285	2
106287891128908587621	0.14285714285714285	1
109228697540894416120	0.14285714285714285	1
102741071035918489669	0.14285714285714285	1
114144167816919387092	0.14285714285714285	2
112325758177811548294	0.14285714285714285	1
117310595726857993328	0.14285714285714285	1
116555835417750405659	0.14285714285714285	1
100286475657610958628	0.14285714285714285	1
112084483558246473762	0.14285714285714285	1
111352549809884687077	0.14285714285714285	2
102615206842116786829	0.14285714285714285	1
112359429365013434388	0.14285714285714285	1
103457284275282052778	0.14285714285714285	2
111606657843793183578	0.14285714285714285	1
113420009895303633889	0.14285714285714285	1
103000428814326899358	0.14285714285714285	1
100957567517946224349	0.14285714285714285	1
104340490963572760615	0.14285714285714285	1
108959577300504968814	0.14285714285714285	1
112921894149246301401	0.14285714285714285	2
114657986795530732382	0.14285714285714285	1
105536307565744613528	0.14285714285714285	1
117358845486245155054	0.14285714285714285	1
111554372054862834896	0.14285714285714285	2
110422080214945443369	0.14285714285714285	1
104748407954193366459	0.14285714285714285	2
113288759593964992914	0.14285714285714285	1
107018442635554700202	0.14285714285714285	1
111807787512427173790	0.14285714285714285	1
114393576789415157783	0.14285714285714285	2
104821684767533821666	0.14285714285714285	2
105685080644423449925	0.14285714285714285	1
110260799123621709651	0.14285714285714285	1
108582024615539513202	0.14285714285714285	2
100618599873162525277	0.14285714285714285	2
105282465056533626637	0.14285714285714285	2
113565870724813097212	0.14285714285714285	1
109132499341901394336	0.14285714285714285	1
102829146421352914877	0.14285714285714285	1
113539880459449261884	0.14285714285714285	1
114242488970562508327	0.14285714285714285	1
108906884820731677254	0.14285714285714285	2
110578077938829292846	0.14285714285714285	1
104988663905380233631	0.14285714285714285	2
100169752353386235486	0.14285714285714285	1
104480992884297451248	0.14285714285714285	1
105765300454932721164	0.14285714285714285	1
116909089288281056526	0.14285714285714285	1
107928640229455398348	0.14285714285714285	1
115918772640340049606	0.14285714285714285	2
101499816432106570532	0.14285714285714285	1
117260992652590041727	0.14285714285714285	1
110786187070689328745	0.14285714285714285	1
113310933187570157722	0.14285714285714285	1
103975985646671572610	0.14285714285714285	1
103499580898914474624	0.14285714285714285	1
114697544857181799361	0.14285714285714285	1
109559736754428418668	0.14285714285714285	2
110528202096810721992	0.14285714285714285	2
113520200107396087494	0.14285714285714285	1
110509364187212265472	0.14285714285714285	2
115267125292734440844	0.14285714285714285	1
109483289976806241364	0.14285714285714285	1
100429564727464307274	0.14285714285714285	2
103364943684742367171	0.14285714285714285	2
105252629276588206452	0.14285714285714285	2
105234078372997475460	0.14285714285714285	1
117424744804595368959	0.14285714285714285	2
101832556425985536245	0.14285714285714285	1
109014398008509103105	0.14285714285714285	1
112926100936353718011	0.14285714285714285	1
115101198456724971651	0.14285714285714285	1
107015719204181487981	0.14285714285714285	1
111835656067677731794	0.14285714285714285	1
104926854905340031989	0.14285714285714285	1
103821787201277424527	0.14285714285714285	2
106616767928244936223	0.14285714285714285	1
115230695084310626614	0.14285714285714285	1
100847518007610074485	0.14285714285714285	1
108799775197556390408	0.14285714285714285	1
104815050291205218627	0.14285714285714285	2
104273722838405399476	0.14285714285714285	2
109074100355066593797	0.14285714285714285	1
100321691796574035876	0.14285714285714285	1
110890905098483425944	0.14285714285714285	2
110630495306964512428	0.14285714285714285	2
103271464175082072294	0.14285714285714285	2
103927762651271833951	0.14285714285714285	1
110335957258500659825	0.14285714285714285	2
105613496050680673827	0.14285714285714285	1
103310775682180126480	0.14285714285714285	2
117875299329613038609	0.14285714285714285	1
111996705890298062663	0.14285714285714285	2
106274368374008083713	0.14285714285714285	1
111094075863963545154	0.14285714285714285	1
100551933170732618574	0.14285714285714285	1
114075757023666142753	0.14285714285714285	2
108177488619958097971	0.14285714285714285	2
116518984173135100550	0.14285714285714285	1
115722829851477319854	0.14285714285714285	1
107488230614679224150	0.14285714285714285	2
104353771822666127250	0.14285714285714285	1
109624541469636130247	0.14285714285714285	1
106611527312201523154	0.14285714285714285	1
112093760018769524953	0.14285714285714285	2
103044560534407250999	0.14285714285714285	1
114846415078494730444	0.14285714285714285	1
106706096740773075923	0.14285714285714285	1
107255577546729665792	0.14285714285714285	1
114821712131163652030	0.14285714285714285	1
114189060316578419831	0.14285714285714285	2
118112646647690067574	0.14285714285714285	1
115965968117957965269	0.14285714285714285	2
114429340373260054333	0.14285714285714285	1
110216775375869747308	0.14285714285714285	2
115856688961902269592	0.14285714285714285	2
115573360867382528229	0.14285714285714285	1
110852665225369391971	0.14285714285714285	2
104753138879126909236	0.14285714285714285	2
107869642372835834055	0.14285714285714285	2
104115183448962937247	0.14285714285714285	2
111055028010401074243	0.14285714285714285	1
106950551569609292145	0.14285714285714285	1
113769422703784740150	0.14285714285714285	1
103158890103017744496	0.14285714285714285	1
111609610754130053369	0.14285714285714285	1
102738311227610607654	0.14285714285714285	1
112115780352180365351	0.14285714285714285	1
114760769207275489039	0.14285714285714285	1
107738400028496333395	0.14285714285714285	1
105562329798775583649	0.14285714285714285	1
110690392741966486180	0.14285714285714285	1
104267197610854819052	0.14285714285714285	1
100363987443176807491	0.14285714285714285	1
101411557237369358022	0.14285714285714285	1
106460851365846339434	0.14285714285714285	1
106753049292900693083	0.14285714285714285	2
102485256966075350197	0.14285714285714285	1
103479497423072494633	0.14285714285714285	1
116360387905769998738	0.14285714285714285	1
101448691399929440302	0.14285714285714285	2
104400411479647274773	0.14285714285714285	1
113384781229853229081	0.14285714285714285	1
107015588462254731742	0.14285714285714285	2
106472708094044495742	0.14285714285714285	1
113159314465972753219	0.14285714285714285	1
100317839179511153733	0.14285714285714285	1
106005665195130711086	0.14285714285714285	1
110179269301468260175	0.14285714285714285	1
107153186556641123522	0.14285714285714285	1
101193855300496662272	0.14285714285714285	3
104582897695875351905	0.14285714285714285	1
100748382336025217088	0.14285714285714285	2
112741512878867878406	0.14285714285714285	1
117535887677634084937	0.14285714285714285	1
108873304153780597752	0.14285714285714285	1
117753663884433442337	0.14285714285714285	1
118174047967293905944	0.14285714285714285	1
106834327471290434911	0.14285714285714285	1
100948028386391491556	0.14285714285714285	1
117494247809531721067	0.14285714285714285	2
103876938808548359026	0.14285714285714285	1
105626183847851485682	0.14285714285714285	2
110891551901311499640	0.14285714285714285	2
107113551744529905366	0.14285714285714285	2
114323413414595303363	0.14285714285714285	3
102792578373645223909	0.14285714285714285	1
107447038825785316943	0.14285714285714285	1
104734046196051113612	0.14285714285714285	1
110676974310164766723	0.14285714285714285	1
108409966512130887558	0.14285714285714285	1
114900647339123838907	0.14285714285714285	1
107114409500690033404	0.14285714285714285	1
105151155717631151471	0.14285714285714285	1
107691163524835429537	0.14285714285714285	2
114862621862421576459	0.14285714285714285	2
101132100131646524103	0.14285714285714285	2
111890953647026369695	0.14285714285714285	1
109513812342681688830	0.14285714285714285	1
115901553479872970817	0.14285714285714285	1
111205767119760555700	0.14285714285714285	2
103816880090130133622	0.14285714285714285	2
104570009298196731269	0.14285714285714285	1
116600561576210993617	0.14285714285714285	1
112414992948457167291	0.14285714285714285	1
115844039306444602645	0.14285714285714285	2
103552826056621198004	0.14285714285714285	2
100276607276492249396	0.14285714285714285	1
103489752051792470884	0.14285714285714285	1
113117290538080775751	0.14285714285714285	2
102846081679212347485	0.14285714285714285	2
118042097521181377409	0.14285714285714285	2
110706249967061240650	0.14285714285714285	1
113549801430520351189	0.14285714285714285	1
102500710121496672443	0.14285714285714285	2
105302606557514579641	0.14285714285714285	2
103033484297290638468	0.14285714285714285	2
112326391429001970160	0.14285714285714285	1
114732497498065312809	0.14285714285714285	2
101899205245872995458	0.14285714285714285	2
100813085642180917060	0.14285714285714285	1
104994838109992159534	0.14285714285714285	1
117330851195969518784	0.14285714285714285	2
104034810132675245855	0.14285714285714285	1
111294648399916888937	0.14285714285714285	1
109525458823242424928	0.14285714285714285	2
100780547933866773954	0.14285714285714285	2
110752081138684171126	0.14285714285714285	1
104313927854510114907	0.14285714285714285	1
117943346260028259210	0.14285714285714285	1
104782431771106622644	0.14285714285714285	1
113195090316479167313	0.14285714285714285	2
109889527669063449910	0.14285714285714285	1
109330888148498296880	0.14285714285714285	1
101744967487493261521	0.14285714285714285	1
104453752977540089834	0.14285714285714285	2
110762854126289964173	0.14285714285714285	1
113498200739911917070	0.14285714285714285	1
117493309149519712743	0.14285714285714285	2
103762703738950145738	0.14285714285714285	1
108763555712847120407	0.14285714285714285	1
111137938585356003735	0.14285714285714285	2
109916344231602788098	0.14285714285714285	2
106273601158716653819	0.14285714285714285	2
117486341715138634078	0.14285714285714285	1
112734244294361797635	0.14285714285714285	2
111680303274158989902	0.14285714285714285	1
110847150167079833178	0.14285714285714285	2
105001446861597336709	0.14285714285714285	1
102284148899941152293	0.14285714285714285	1
109058337663359754785	0.14285714285714285	1
107897523848773321721	0.14285714285714285	2
107107824182882844477	0.14285714285714285	1
107215822068934505751	0.14285714285714285	1
103427788040864083972	0.14285714285714285	2
113358276319317182211	0.14285714285714285	1
111440779310782029162	0.14285714285714285	1
107923242973666201553	0.14285714285714285	2
100883473693193924495	0.14285714285714285	1
103682615036601210611	0.14285714285714285	1
103531545775366939746	0.14285714285714285	2
103182730811333468960	0.14285714285714285	2
109992269966631903248	0.14285714285714285	2
110404121234978833851	0.14285714285714285	2
114066994050508938681	0.14285714285714285	1
102719310395232286938	0.14285714285714285	2
111093817681857218053	0.14285714285714285	1
109839671422818210987	0.14285714285714285	2
113953067823760661233	0.14285714285714285	1
109331668989395293075	0.14285714285714285	2
110851036080983603012	0.14285714285714285	2
107736115036724962817	0.14285714285714285	2
103363186582409589918	0.14285714285714285	1
114664172680250794506	0.14285714285714285	1
106586062905250428243	0.14285714285714285	1
104606380007647841092	0.14285714285714285	2
106518536071105937479	0.14285714285714285	1
106581666819726850339	0.14285714285714285	1
110249283716633930701	0.14285714285714285	1
105518357907241956771	0.14285714285714285	2
108172792563822271898	0.14285714285714285	1
104039396550565479738	0.14285714285714285	1
109449836358762596183	0.14285714285714285	1
105026963941434608011	0.14285714285714285	2
102886038329141028036	0.14285714285714285	2
110033297597049288311	0.14285714285714285	2
115615319819630033507	0.14285714285714285	2
105731116454805321635	0.14285714285714285	1
104299613095652761659	0.14285714285714285	1
112855901809470941864	0.14285714285714285	1
110377937771422828005	0.14285714285714285	1
111947577453598158287	0.14285714285714285	1
117590739768158432959	0.14285714285714285	1
112010234993565047438	0.14285714285714285	2
115481497340870972170	0.14285714285714285	1
100040550700132989562	0.14285714285714285	2
110016093486037925654	0.14285714285714285	1
111015695080350256820	0.14285714285714285	1
101325325148981933020	0.14285714285714285	1
108820344848920293513	0.14285714285714285	1
101306402688444650183	0.14285714285714285	1
113124557151589186745	0.14285714285714285	1
106736454152362680097	0.14285714285714285	1
108529222612621232413	0.14285714285714285	2
115654915922809073743	0.14285714285714285	1
116069261925363697853	0.14285714285714285	1
103712524225990736234	0.14285714285714285	2
104178037123360100799	0.14285714285714285	2
110467824616241489174	0.14285714285714285	2
112844561713780016118	0.125	1
105231704254423883185	0.125	1
116096842711917133770	0.125	1
114637279549407174662	0.125	1
107033731246200681024	0.125	1
113612142759476883204	0.125	2
116491285067171323298	0.125	1
100276659491293753586	0.125	1
117196493939960489707	0.125	1
115521032846715906560	0.125	1
107695178293694863843	0.125	2
112741383538017322511	0.125	1
113952010793377772767	0.125	1
108664481984172425741	0.125	2
111278083905797217630	0.125	2
100354266701684387771	0.125	2
116436842135995594840	0.125	2
116896196880931536204	0.125	2
106451612218720183245	0.125	1
104663717862364151484	0.125	1
110215430573558736964	0.125	2
103275848612884790103	0.125	1
115400272737457705608	0.125	1
110374722426802601407	0.125	1
115766320523160683162	0.125	2
105303268415735417294	0.125	2
117082367181440440444	0.125	1
105485917986706392110	0.125	1
104909957153613601241	0.125	1
101344339926158695884	0.125	1
100264894132254993765	0.125	2
107328949221172543768	0.125	1
107252994441340905036	0.125	1
107159384276538584672	0.125	2
108272078672528229681	0.125	1
116543692206755873174	0.125	1
101911244022495787835	0.125	1
111455759385633481555	0.125	2
100180255535882016515	0.125	1
111964805797913902399	0.125	1
112352407172259703322	0.125	2
103993273325440068842	0.125	2
117631564735373597750	0.125	1
105131465804315148148	0.125	1
105553989670577958354	0.125	1
116543800252180161371	0.125	1
106179733123702088243	0.125	1
105289953309342914507	0.125	1
116060036649605123334	0.125	1
111683164628531163271	0.125	1
116673267032149965789	0.125	1
114495016828747395218	0.125	2
104426511016919473313	0.125	1
101612519435706743932	0.125	2
115314173532868666445	0.125	1
110106763481038704899	0.125	1
112137554369262651455	0.125	1
117595994484713128623	0.125	2
106460091049486784517	0.125	2
114003647341521034282	0.125	2
102364769795033424704	0.125	2
116979591210080781703	0.125	2
102663262570307163740	0.125	2
116214152295449083654	0.1111111111111111	1
105164570509765092084	0.1111111111111111	1
117012892116407849084	0.1111111111111111	1
102816074043142195103	0.1111111111111111	1
117938562967932661864	0.1111111111111111	1
106069777789720184451	0.1	1
113419225083269643113	0.1	1
117193363998322384034	0.09090909090909091	1
117198237302447279931	0	1
107478042154956538631	0	1
100715328241636136414	0	1
109590423597896078382	0	1
104476158444060445287	0	2
100081010984768669358	0	2
102533732658641069172	0	2
115600254781270647377	0	1
111413155182039517335	0	1
114618043230336563405	0	2
102222722824849858928	0	2
114831291174925522786	0	1
110807482166400328009	0	1
116182046833529036082	0	1
100811509175342327997	0	1
102776946801529938816	0	2
111581970208756049987	0	1
104633316183824827079	0	1
108981131304113823478	0	1
113186623583029971455	0	2
112960355294745822387	0	1
112063946124358686266	0	1
116326924089461824021	0	1
113107253403679023320	0	2
111777968611195853979	0	1
112609602594560475948	0	2
104250130116253463837	0	1
100605864222557374608	0	1
101432770709896418691	0	2
115589129717097285211	0	1
107632017202083922980	0	1
114754986248751812965	0	1
105155765336297774634	0	1
114870708428770188638	0	1
112352920206354603958	0	1
116581478643467215892	0	2
114146479114949843175	0	1
101062235821996561929	0	1
108384201920217141722	0	1
106539835304510344813	0	2
102518571087840972824	0	2
105292315290754691973	0	2
100679131071077043250	0	1
104133332337726318650	0	2
102150693225130002912	0	1
117399283230241619463	0	2
117033421772248657862	0	1
109043804130056015419	0	1
111162703867739869407	0	1
116411437512689977320	0	1
103352505633175885924	0	1
100013726312732828307	0	1
110255737428907780217	0	1
113135851133733756895	0	1
118208834515255752193	0	2
111696858863337011625	0	1
109896764299719102648	0	2
107538503004482952974	0	1
114124708527697564422	0	1
107771181372242547518	0	1
100539149775913614675	0	1
105888615414982242080	0	1
106327011702418086602	0	2
113096993341203159664	0	2
114848435876861502546	0	1
107180534974005900062	0	1
113544226688149802325	0	1
110539629556793511406	0	1
107148487955439180907	0	2
106176762220398854458	0	1
103139665625941938476	0	1
104028329852681318179	0	2
103637153024917466425	0	1
118320665823821681206	0	1
100696725517602845923	0	1
116483744752939586910	0	2
114125059648511830046	0	1
101423581602122657410	0	2
100295373702562394797	0	1
114424163811716070551	0	1
104083130541705011920	0	2
108551811075711499995	0	1
115471815788264818704	0	1
101333593083741950617	0	2
107587687879128613513	0	2
109723709937833717563	0	2
100353683506226276281	0	1
101241183982769454084	0	1
113417057124767990937	0	1
116469556577026921142	0	1
113092195609448236716	0	1
113117251731252114390	0	1
111060030077135962736	0	1
115971553634517134434	0	2
117913560372655127349	0	2
110831145427311371794	0	2
115513110200860773170	0	2
103169847734430108086	0	2
100969972953036434548	0	1
107707592416977920764	0	1
104793006412017412781	0	2
106799163953157740237	0	1
108842492591796792953	0	1
116937581022538783895	0	1
116118401489516405562	0	1
111306163550223504584	0	1
102155592687386681331	0	1
111650093897289111063	0	1
110459739605591286046	0	2
110160017787625765352	0	1
102073315759648260583	0	2
104087812869056701482	0	2
114541171450707334622	0	2
110765037159669773691	0	1
104750041678566059477	0	1
110260890556821654420	0	2
104441415299714065572	0	1
114004560710426751369	0	2
105779560824580764120	0	1
108855200241623204226	0	2
112999253285147253060	0	2
112754494243408214081	0	2
103255130479497734964	0	1
107902791674095682080	0	1
114952391973962435242	0	1
105547060999578080024	0	2
109531362806691064428	0	1
111051039748078110427	0	1
113111731715139693250	0	1
111257156574198767770	0	2
103765013042311928518	0	2
115857438916409542836	0	1
111518107987791238275	0	2
114821822690045428621	0	1
113677250341630247339	0	2
103048400709642338108	0	2
112092488761167023855	0	2
116942282137531770719	0	1
102321872757613122216	0	1
107671625306995512637	0	2
104437588860502489763	0	1
105046530334806680420	0	1
109881041140257701273	0	1
105756919375191125112	0	2
101214390565708255235	0	1
111983961140937248134	0	2
100356297571660441312	0	1
109233967092403118726	0	1
103685740157136493702	0	1
112360867913985105653	0	2
100496182816634143799	0	1
108904607472189043979	0	2
114121932233302784420	0	2
106498407730292221001	0	1
115751635726520440346	0	2
104279107049574225556	0	2
100188557028585168265	0	2
114499032537341401608	0	1
106048688481221945110	0	1
111901192154153217896	0	1
108016343392634120881	0	2
111174864960647794799	0	1
105440794443460562007	0	2
115527615316927235156	0	2
116187175725652260700	0	1
116229616134152031538	0	2
113740598415746415240	0	1
112871617630543116034	0	2
107342445128902420647	0	1
100565437335936094929	0	1
102668364885894493476	0	1
112528443699803395789	0	1
108527329601014444443	0	2
102604554618567108175	0	1
103624825280477605881	0	2
106660584659892866650	0	2
108141110098021829094	0	1
117636622857360051728	0	2
106738570823745562395	0	1
103636214904400746295	0	2
118000733962204569952	0	1
106835948809045250521	0	1
114990717980181358584	0	1
111022243600121278114	0	2
102915270775998208524	0	2
117285792439228987098	0	1
103911607910068922429	0	1
100502770020470411205	0	1
100685930795708219583	0	1
109420348171622152415	0	2
113756014567052941747	0	1
111562638514922412630	0	1
114228869493885222559	0	2
115939073975077571524	0	1
101512420337702535236	0	2
117958363368979774542	0	2
103170649990710136632	0	1
107516591509355176463	0	1
116117407518330452909	0	1
101348397943983026449	0	1
105514142573871707546	0	2
110596783676197533644	0	1
115086020530995525916	0	1
105637932978148321731	0	2
108543083581582161607	0	1
106356748085224053476	0	1
110553328778846344097	0	2
107066609145001672622	0	2
109794669788083578017	0	1
103961050545011124941	0	1
112196147061241546117	0	1
101975133966831452277	0	1
115445642427433788455	0	1
107951196831144721116	0	1
100544147995321483893	0	1
100889510556913995048	0	1
103614891582957065589	0	1
102589586575431744231	0	1
118382222849341409443	0	2
108155601641892969907	0	2
101142206796069014482	0	1
108985069770923500411	0	2
105436543523132908556	0	1
116316884445587960365	0	1
105559429410378216754	0	2
110788067680240080378	0	2
114610751804622117115	0	2
116244977268508647614	0	2
105755907055366112916	0	2
113381483153888636532	0	2
105273428597140573510	0	1
113284787225540728296	0	1
102997274792472360224	0	2
104487223275138277820	0	1
111316402965963865582	0	2
115805651877872032979	0	2
103104857274117679241	0	2
101210571578214364678	0	1
117296255407633884056	0	1
103232569713157928293	0	1
109801998543492604722	0	2
108719090649071657338	0	1
104096937985518245605	0	1
104359568476968412848	0	1
105568760052131786383	0	2
100543926403936709353	0	1
100789550912276592952	0	2
116229124946104902105	0	2
112366735963271550830	0	2
118215695902537271064	0	1
110292076036271913623	0	1
108505558087127895508	0	2
108667968580174698698	0	2
112005390393978914665	0	2
110884014494616088972	0	2
114905688294887439850	0	1
101811340813117737931	0	2
118408978290364069755	0	1
104766311982324283507	0	2
112069484480728694214	0	2
116935874148006850815	0	2
114675744806448439272	0	2
103226907226789753873	0	1
111036447472883317694	0	1
107874114351340563166	0	2
109333428471648214593	0	2
117556046840215585814	0	1
117603418437094018321	0	1
100661648032094165691	0	1
102184428662561384645	0	2
109641970228283237386	0	2
111242022821986815316	0	1
102407528040831558639	0	1
117360103600409535739	0	2
110367546804237452889	0	1
114180866831850234000	0	1
117463284268445133287	0	1
110215708496522939991	0	1
116426856572060857037	0	2
108464051335402226680	0	1
100197756586698521738	0	1
105813701068511899418	0	1
115891230387484725858	0	2
111801042405027358379	0	1
116795161954909872149	0	1
113895757504658643526	0	1
110955794934773798071	0	1
109345865429707844168	0	1
117415172384840716734	0	2
108039606928186244729	0	1
118303245777999095791	0	2
102146414203682149837	0	2
105314067116199943882	0	1
106579190189287944536	0	3
110042512432413772727	0	2
111072241480417627191	0	1
105062021525166335528	0	2
115743003961327538050	0	1
108608451730739256125	0	2
114108578576957148102	0	1
112687120095990604728	0	1
116415680507412220854	0	1
101268387452694553936	0	1
117489719308961334987	0	1
116438603972340062055	0	1
103652104484740643755	0	3
101304314150594135482	0	1
101567686389173421706	0	1
109050107863846136002	0	2
115045465856038711729	0	1
115366624923467413091	0	1
107578475734229635225	0	1
118239708588385194858	0	2
111924432457519468020	0	2
118376713757104359544	0	2
106812353891907639293	0	1
112042014201468594771	0	1
114838255487560800704	0	1
106687590803153376067	0	1
110492063004265612431	0	2
109204863030492721026	0	2
113429176524057112703	0	1
103981527513996142809	0	1
102295892244191044193	0	1
115076337182080225257	0	2
114459654738061491522	0	2
115836722305915213977	0	2
113065206498246855586	0	1
104957819454738884673	0	1
118161298737497440336	0	2
108658853913186600512	0	1
113007652673980589649	0	1
105773781211679853353	0	1
104371435528150921650	0	2
103096391434062438097	0	2
113224301981519210459	0	2
106037630578126019323	0	2
104547479578794185941	0	2
102952346214218463718	0	1
102879926723765458903	0	2
116355285030133048112	0	2
111379026657101157995	0	1
100060736817358360806	0	2
108730891819413525439	0	1
113078788648919261909	0	2
106116309894154167936	0	1
109351566851431429800	0	2
114197728097920268135	0	1
111920649327427068114	0	1
118419258318516805546	0	2
111910535419751834600	0	2
110255709702147736441	0	1
116038350716337582317	0	1
101734491933104822226	0	2
111915787075701688418	0	1
117214313689757671977	0	2
108487704755892354468	0	1
108623241107635805071	0	1
113046410027988176936	0	2
115948986521808202385	0	1
104543747523266493483	0	1
108497038204779014845	0	1
116552636517228859900	0	1
117381185784348491514	0	2
103791857800149318323	0	2
109601009311059762503	0	1
115990260207311840638	0	2
116680161220060343509	0	1
116380653872256638224	0	2
108575961322871913333	0	2
109642407447455585167	0	1
112567117703230042072	0	1
116259043236475953037	0	1
106089837993051709758	0	2
109321743890995716651	0	1
100635199823372514242	0	1
114954712448394413847	0	2
104534380308019152290	0	1
103184227409155950777	0	1
114975395101514335516	0	1
106129703344859067339	0	1
101514107857336767747	0	2
113062199363306905623	0	2
102523020817764358367	0	1
100977678341657858013	0	1
107307708524394964276	0	1
102294154344875880082	0	1
105535247347788377245	0	1
102549623343643093965	0	1
115659381740440493762	0	1
104220541664395498712	0	1
109687008378558523762	0	2
104300905002221104754	0	1
104873021163951124714	0	2
102075502307857613322	0	1
113376107215245749249	0	1
109657624862688852375	0	1
109783916924896941830	0	2
107159481602229362655	0	2
101660858886010338254	0	1
105812804246298442915	0	1
101799324245089780949	0	1
103355828447574595701	0	1
115501533932028052673	0	1
110911916608524574152	0	2
106262424995805724246	0	1
102089688125376718549	0	1
116521610682324260680	0	1
107484244624460943125	0	1
113941490892811952666	0	1
117036888556644526115	0	2
114830191140996195398	0	2
112360877887145932233	0	1
111056444123779199997	0	1
101653113390846615049	0	1
104591761732283774043	0	1
111802754925114763101	0	1
105000875740568674706	0	2
116056467215954146450	0	1
112282212796964740130	0	1
115694135638787408724	0	1
102552880543713181525	0	1
106614510278165896512	0	2
109040275352792268350	0	2
109329533304048146236	0	1
105421057423009814548	0	2
113465799753001273616	0	1
110399185565600323230	0	1
101813354733932909678	0	1
102228097879574601296	0	2
104683587911483636596	0	2
105840111265403535654	0	2
114330674492518947055	0	2
108572997575267586337	0	1
117630946657875928602	0	1
102979263661782211525	0	2
113142250702474269711	0	1
100848471312240602471	0	1
101812976245192927574	0	1
103204930938817570135	0	1
105857147097895520566	0	2
117464410931711414271	0	1
108227766059398780608	0	2
116306683618740308150	0	1
103229534559239679893	0	1
106835527256079594526	0	2
109147614746022635692	0	1
106178583455047889906	0	1
104859346014137939134	0	1
106329564229612059458	0	1
105400672089711238360	0	1
107120385844936556531	0	2
102251766629138634463	0	1
101634972359197853733	0	1
115716975235711625176	0	1
101915227705460638776	0	1
117580334862683341512	0	2
107245848055437034624	0	1
110604075396229317429	0	1
105638696998409169520	0	1
103020087355939742123	0	1
106777383482946175314	0	1
103991716516369698018	0	1
102043085355425659178	0	1
108552852799000979597	0	2
107455392897059137525	0	1
111961464973554286254	0	1
114500123940436101602	0	1
100556897150850716981	0	1
107228327000259967745	0	1
115973983464852041020	0	2
104754473803027069876	0	2
102102343676622575335	0	1
115993155958620671742	0	1
113422603820442115811	0	1
114919915226752492773	0	1
101948357432176602599	0	1
100001803773152492451	0	1
113950109696785210472	0	2
104120758022073626695	0	1
110555297068667896528	0	1
117528910726956582907	0	1
100990802010042991403	0	1
110972318601650054660	0	2
112856852069290617900	0	2
103884843154949413644	0	2
100532748295806038875	0	1
110925473544483053569	0	1
116848411883646700104	0	2
100622502206917250723	0	1
117769183950879842645	0	2
111348912152371258922	0	1
107944083207487427694	0	2
109432665441779765819	0	2
115281302998726339527	0	1
110990982886509613084	0	1
112395956093280877939	0	1
109083209902337691886	0	1
115866542052252108031	0	2
104312101745348855122	0	2
108118246138877929062	0	1
116445649889966714632	0	2
104313782265210957801	0	1
110226111560242545695	0	2
107592494492193543612	0	1
112167619931817269636	0	2
113442485489276644417	0	1
111184157083393352278	0	1
107202319058481094174	0	1
116135963476096063106	0	1
101864551594535183656	0	1
111263765689084305480	0	1
117416276497260539668	0	1
112582671124715989188	0	2
103520302320671933587	0	1
108927852246718577163	0	1
100860729679253738753	0	2
103527592457462565990	0	1
101175509352518427726	0	2
115694173861709351323	0	1
105346954017303214847	0	2
100031852932201570050	0	1
111728089482067381606	0	1
103522381395520916508	0	1
107205202166971363528	0	1
114699113735978841366	0	2
114597803448853770006	0	1
101336725040542920394	0	2
109743282915484037978	0	1
106324123467069891099	0	1
106076550553840952962	0	1
104566036510148529746	0	1
105251016907897564702	0	2
103384136848628795515	0	1
108678536678815991201	0	2
101341716829353760937	0	1
115110315270201006571	0	1
114403979364136057168	0	2
101942903620250281696	0	1
114646012645957748689	0	1
117876455225579101939	0	2
110163810147675006375	0	2
115304676279298648745	0	1
112944720844947065015	0	2
107930758893139892849	0	1
106715538773874086695	0	2
103635560854722598764	0	1
102918064082723690004	0	2
101062092876913154235	0	1
100569688293113899798	0	1
114564355960507159444	0	2
114757828002716893774	0	1
110465672043656996295	0	1
117032773678442908606	0	2
117810420001614797779	0	1
112552063323035600956	0	1
116912273033467156297	0	1
114685723668493364887	0	1
109505213127312877306	0	2
111131241018584590674	0	2
114283344058175789562	0	2
116022156544995620477	0	1
112247611440196124954	0	1
106926363141423152118	0	1
113813274156978819148	0	1
109725632622469813325	0	1
117747519402946677522	0	1
101693014555125876600	0	2
109060195099924633352	0	1
104516698291477982321	0	2
112589738113520754034	0	1
114906480309425755480	0	1
102002416005009227991	0	1
117867772481375558351	0	2
114271265748247772016	0	2
115949346423495632626	0	1
110588263460639664028	0	1
115854627409048262045	0	2
116706153803896610134	0	1
106502607787729635990	0	2
118322204469107190686	0	1
108599058013377623120	0	1
117034741859407054850	0	2
110677843573216268994	0	2
113067953912005058151	0	1
108478935769402351252	0	2
108660184952722259169	0	2
117599539762680945739	0	1
115006061098436117385	0	1
107318455538025660709	0	2
113036685545904215767	0	2
101664453409254657587	0	1
114777683783632447465	0	1
100679973417070601526	0	1
103720777859156643423	0	1
100765827185632795164	0	1
108998022078946637101	0	1
100075160462198738161	0	1
118288096864347764089	0	1
109192256324675137773	0	1
113592036791543362211	0	1
112898861999773266588	0	2
112330195727204081851	0	1
102671307375200696706	0	1
112150186487261109035	0	1
100223059795902095775	0	1
104336928388778206711	0	1
109287020152672215822	0	1
105161433838355128817	0	1
116918406797649901878	0	1
112716498939198144931	0	2
103153247122233483421	0	1
112163482957100991885	0	1
113718280152724114356	0	1
110999643891411006365	0	2
107025264973231459230	0	1
104009466852534069400	0	1
100438893716134579256	0	2
106530483749522759228	0	1
115400739861155362045	0	1
116584112389347701588	0	2
111055025952002702931	0	1
110411499216725051179	0	2
110168126908245477964	0	2
111729686673821534950	0	1
100584818713801104648	0	1
109290140154357105474	0	2
112306059068625832413	0	2
109252257877777459957	0	2
108094882766264948411	0	1
111734037887566690461	0	2
111895349801038427546	0	2
105909304606495162073	0	1
105643161078399965865	0	1
103127201376531395186	0	1
110823121488952961125	0	1
103623163172113566856	0	2
106615249681148107876	0	1
110123773096612102856	0	2
106854628669896656823	0	2
105187867680252229908	0	2
116882243503180629315	0	1
117030595458474812773	0	1
103495531457133077652	0	2
108363751592363667557	0	1
115668910142005081942	0	1
105152125414807222774	0	2
104754116165905764716	0	2
108572024831133433382	0	1
103618244832690689689	0	2
100675311559073723229	0	1
106096543469669410794	0	1
100870906078683909623	0	1
104256046390246309927	0	2
102048983853049524907	0	2
105077128045308907894	0	1
113798198844216662312	0	1
112530390410504635027	0	1
104750088449691547364	0	1
102686993934175943671	0	2
116114637671954392571	0	1
100420349253169050253	0	2
112146712817578695637	0	2
101070766035462785293	0	1
106020656672669350880	0	1
108381837924186809382	0	1
102917774273044202480	0	2
110296174507909138134	0	2
101388192846948683219	0	1
112778694337605586457	0	2
116433417896433834821	0	1
