#node_label	#score	#gender
101829918821056166648	1.0	1
117136962215708145516	1.0	1
108592492626878929409	1.0	2
111998338940092190271	1.0	2
100067033524056131403	1.0	2
114005662762897105556	1.0	2
107840062077240024350	1.0	2
115484778057267151339	1.0	2
103145406846784293020	0.5	2
104778353019043232500	0.5	1
104723167398398004122	0.5	1
107708625917544129773	0.5	1
113722211762693166526	0.5	1
106170102981460245504	0.5	1
110631584319300141261	0.5	1
115687372850366459426	0.5	1
105390077271236874234	0.5	1
111975224012018194892	0.5	2
101941876824901549285	0.5	2
104591893998825912318	0.5	2
108894449265020302496	0.5	1
102759194596429227036	0.5	1
105927290057910590380	0.5	1
100492888463256600334	0.5	1
113526438481352689007	0.5	1
115489093988888524022	0.5	1
105120100085902599040	0.5	1
110656253137238747090	0.5	2
106649978359921982022	0.5	1
109410701460407703403	0.5	1
112801448828869860546	0.5	1
102742333797709782764	0.5	1
101023776512660753777	0.5	1
107489144252174167638	0.5	1
111852119488463725230	0.5	1
115724883099396204735	0.5	1
113743960123776346080	0.5	1
112968305388793808815	0.5	1
105389364748387891649	0.5	1
107872453590280383097	0.5	1
102293250624615465818	0.5	1
118007706416783694636	0.5	1
110258939852892144752	0.5	2
113789110566197571887	0.5	2
102541295037745440355	0.5	1
104931672265303230489	0.3333333333333333	1
117113543191939976895	0.3333333333333333	1
105629715514672156567	0.3333333333333333	1
100580349003099136931	0.3333333333333333	1
105840250344632516141	0.3333333333333333	1
107139739165979847986	0.3333333333333333	1
104380036950579300637	0.3333333333333333	1
117942605302461709656	0.3333333333333333	1
107277383916180293265	0.3333333333333333	1
104277202662943073951	0.3333333333333333	1
114229157887417365950	0.3333333333333333	1
111721050801656598782	0.3333333333333333	2
112298538154248260258	0.3333333333333333	2
100974702573580921223	0.3333333333333333	2
109109427803573497734	0.3333333333333333	1
110364855552755751336	0.3333333333333333	1
103934498584461808445	0.3333333333333333	1
110548244043172681974	0.3333333333333333	1
111584384391407513657	0.3333333333333333	1
117810670330594453912	0.3333333333333333	1
114561549698767128587	0.3333333333333333	1
114972221948028006870	0.3333333333333333	1
106846340899002453404	0.3333333333333333	1
104342313215221608158	0.3333333333333333	1
107308430964327858950	0.3333333333333333	1
103233186899843791140	0.3333333333333333	2
112311470127292513285	0.3333333333333333	2
106237174356318230057	0.3333333333333333	2
103245041057625130355	0.3333333333333333	1
109095289428532932206	0.3333333333333333	1
101011724459127748526	0.3333333333333333	1
113953524641382928797	0.3333333333333333	1
103477821462069969842	0.3333333333333333	1
115936804176235600319	0.3333333333333333	1
113509398790435664089	0.3333333333333333	2
101008090490798015593	0.3333333333333333	2
112205272123378386230	0.3333333333333333	1
104932441955983306721	0.3333333333333333	1
107475835798405892541	0.3333333333333333	1
103772850606622479484	0.3333333333333333	1
102655243537270905389	0.3333333333333333	1
114835618008913240560	0.3333333333333333	1
103698889037599783920	0.3333333333333333	2
103472141935496784565	0.3333333333333333	1
103412293208840577867	0.3333333333333333	1
116056087197334542344	0.3333333333333333	1
106985225777894422538	0.3333333333333333	2
104828031573198340946	0.3333333333333333	1
100552531898971306220	0.3333333333333333	1
114955415628566000965	0.3333333333333333	1
112027450030109652155	0.3333333333333333	1
116438477730966655432	0.3333333333333333	1
117710159389064279424	0.3333333333333333	2
112651712578445880355	0.3333333333333333	1
106369182367169177791	0.3333333333333333	1
103640868363269754000	0.3333333333333333	1
115313918520629129044	0.3333333333333333	2
102233770004174020180	0.3333333333333333	1
108062915397530291442	0.3333333333333333	2
113686253941057080055	0.3333333333333333	1
116265180994399322519	0.3333333333333333	2
117491275366025525159	0.3333333333333333	2
107189810823071706764	0.3333333333333333	1
107459220492917008623	0.3333333333333333	1
106244331832224111960	0.3333333333333333	2
103364024324721115547	0.3333333333333333	1
103752943025677384806	0.3333333333333333	1
102367073395134437779	0.3333333333333333	1
111349868439224262161	0.3333333333333333	1
105452294703789324235	0.3333333333333333	1
107095456547072569096	0.3333333333333333	1
117640248138077345065	0.3333333333333333	1
118234772739219454819	0.3333333333333333	1
110677399908549124400	0.3333333333333333	1
111514735588177976561	0.3333333333333333	1
109136095613943961344	0.3333333333333333	1
115440213129297896810	0.3333333333333333	1
101670592154326222488	0.3333333333333333	2
103011932517741374303	0.3333333333333333	1
118210774411660218412	0.3333333333333333	1
107386249394822179765	0.3333333333333333	1
109002964461887714649	0.3333333333333333	1
104897874677397845918	0.3333333333333333	1
113008325420407083982	0.3333333333333333	1
106160131570038580166	0.3333333333333333	1
104705221992769343704	0.3333333333333333	1
111500093521014695341	0.3333333333333333	1
104470581700601992271	0.3333333333333333	1
114580307878074936861	0.3333333333333333	1
105406713523222664494	0.3333333333333333	1
113175016632086265114	0.3333333333333333	2
105185455174342753611	0.3333333333333333	1
113738778212075149930	0.3333333333333333	1
105503602075625430087	0.3333333333333333	1
102871123574468799566	0.3333333333333333	1
104891536829161719797	0.3333333333333333	1
109940597696193991152	0.3333333333333333	1
105907506846015059356	0.3333333333333333	1
102485721261724622399	0.3333333333333333	1
104265751273656254845	0.3333333333333333	1
107161747644004279548	0.3333333333333333	1
107733223155249215242	0.3333333333333333	1
111938384259313646848	0.3333333333333333	1
112682502973212166227	0.3333333333333333	1
110202148260796990473	0.3333333333333333	1
102958145054444947691	0.3333333333333333	1
111991872691699013484	0.3333333333333333	2
102865263115020893218	0.3333333333333333	1
102029505169101002492	0.3333333333333333	1
108085998837511913226	0.3333333333333333	1
116077052144599127950	0.3333333333333333	1
114051322401103919567	0.3333333333333333	1
101214841967281809074	0.3333333333333333	1
106678801573617130538	0.3333333333333333	1
102022464583159378737	0.3333333333333333	1
111654988216301084265	0.3333333333333333	1
113409086302056667844	0.3333333333333333	1
110859635804619214661	0.3333333333333333	1
103407853697518275467	0.3333333333333333	1
102560802882566983335	0.3333333333333333	1
116119893029262153595	0.3333333333333333	1
112483478278653569632	0.3333333333333333	2
111538684930665702515	0.3333333333333333	1
105437702363751748354	0.3333333333333333	1
116350850471110345426	0.3333333333333333	1
110692522921580153907	0.3333333333333333	1
106724435919605472652	0.3333333333333333	1
116947906726568301788	0.3333333333333333	2
110463034805904797626	0.3333333333333333	1
111709710017308986916	0.3333333333333333	1
106512394490409548810	0.3333333333333333	1
115746067570754847637	0.3333333333333333	1
104806058479940851108	0.3333333333333333	1
113770461910835900905	0.3333333333333333	1
103449995781766635357	0.3333333333333333	1
104855080168513246639	0.3333333333333333	1
107015885392045603867	0.3333333333333333	1
117697399358826098478	0.3333333333333333	2
104762925488648743919	0.3333333333333333	1
115994776758481717942	0.3333333333333333	1
114338270254521043906	0.3333333333333333	1
113339552992922631802	0.3333333333333333	1
103216887847401478447	0.3333333333333333	1
115837631260285579546	0.3333333333333333	2
116947923643606285942	0.3333333333333333	1
112269332603694088394	0.3333333333333333	1
107803544756471423402	0.3333333333333333	1
118176635144720693012	0.3333333333333333	1
110258598415939907971	0.3333333333333333	2
116419531887099225758	0.3333333333333333	1
116658211265587112997	0.3333333333333333	1
110598861844392285549	0.3333333333333333	1
103977761514480488970	0.3333333333333333	1
114473325992080135330	0.3333333333333333	1
100955790940479209019	0.3333333333333333	1
116043947632177598920	0.3333333333333333	1
114394128653474707020	0.3333333333333333	1
111674748486766258557	0.3333333333333333	1
106719979779567208605	0.3333333333333333	1
112870552917404973130	0.3333333333333333	1
105072305864951447999	0.3333333333333333	1
116617404188972715286	0.3333333333333333	1
116331515612347682749	0.3333333333333333	1
101955218540476497502	0.3333333333333333	1
103079526275359000556	0.3333333333333333	1
107005847245951907687	0.3333333333333333	2
102014063659472815059	0.3333333333333333	1
104540999868216683021	0.3333333333333333	1
116772733228022884924	0.3333333333333333	1
108759901321068677229	0.3333333333333333	2
101094105348372997640	0.3333333333333333	2
109887665686445998048	0.3333333333333333	1
100472608497932134515	0.3333333333333333	1
115204805503581947511	0.3333333333333333	1
105170424168673410729	0.3333333333333333	2
108082814806291478395	0.3333333333333333	1
103700409466770985134	0.3333333333333333	1
103537153144510961548	0.3333333333333333	1
102518365620075109973	0.3333333333333333	1
116532796765106918781	0.3333333333333333	2
112753673795733261069	0.3333333333333333	1
102132729483159543573	0.3333333333333333	1
109660946159817383241	0.3333333333333333	1
116922856661386392350	0.3333333333333333	1
102254921263609226645	0.3333333333333333	1
115774797671804302541	0.3333333333333333	1
106992323093389636048	0.3333333333333333	1
105216491640488683417	0.3333333333333333	2
117491021008888340305	0.3333333333333333	2
106206424594758074492	0.3333333333333333	1
107021386578061403393	0.3333333333333333	1
104556678764530009089	0.3333333333333333	1
118434352608031400845	0.3333333333333333	1
108494946397743992507	0.3333333333333333	1
104541959256591361052	0.3333333333333333	1
100384938102219631840	0.3333333333333333	1
116810849227927337738	0.3333333333333333	1
106289562822644692555	0.3333333333333333	1
109807028137683843781	0.3333333333333333	1
115080215652229659698	0.3333333333333333	1
107566737427662380385	0.3333333333333333	1
104172605235456337283	0.3333333333333333	2
110329781365538654444	0.3333333333333333	2
100621204114976031079	0.3333333333333333	1
111192490533881933800	0.3333333333333333	1
115389600834458166596	0.3333333333333333	1
100892612779426154375	0.3333333333333333	1
103274398541354707265	0.3333333333333333	2
114729740472671073461	0.3333333333333333	1
101579422741533419411	0.3333333333333333	1
103670194318217477765	0.3333333333333333	1
112052207145399138088	0.3333333333333333	1
106753581955676569553	0.3333333333333333	2
115978949584209885559	0.3333333333333333	1
105044049419763533097	0.3333333333333333	1
117764656317189329352	0.3333333333333333	1
105379364953109830773	0.3333333333333333	1
109718346641639271496	0.3333333333333333	1
114750927985208119278	0.3333333333333333	1
101329200678818469388	0.3333333333333333	1
108721466183079531495	0.3333333333333333	1
113859540036726448291	0.3333333333333333	2
103892613881515436882	0.3333333333333333	1
102476152658204495450	0.3333333333333333	2
117498098305644899120	0.3333333333333333	1
118074930118880730333	0.3333333333333333	1
104292056483893080379	0.3333333333333333	2
102611762242849838922	0.3333333333333333	1
103251327896115493952	0.3333333333333333	2
105845861210914905032	0.3333333333333333	1
103883717645160668210	0.3333333333333333	1
112594607056304480509	0.3333333333333333	2
100609929356873885072	0.3333333333333333	1
113809685075072670366	0.3333333333333333	1
109246107083980777171	0.3333333333333333	1
116635061583722144944	0.3333333333333333	2
106241782355465437457	0.3333333333333333	1
101119987948211275866	0.3333333333333333	1
105589087510104431580	0.3333333333333333	1
101035196437264488455	0.3333333333333333	1
110007205463584534134	0.3333333333333333	1
108542426628002931624	0.3333333333333333	1
111890945016831896743	0.3333333333333333	1
111835024921462866899	0.3333333333333333	1
110971010308065250763	0.3333333333333333	1
104378154756194093727	0.3333333333333333	1
111113229230464648959	0.3333333333333333	1
110188733874584417556	0.3333333333333333	1
103147347309732225253	0.3333333333333333	1
115230288324573016906	0.3333333333333333	1
102195144388135237932	0.3333333333333333	1
104406280327740142903	0.3333333333333333	1
113181621354351021235	0.3333333333333333	1
103047633612936386778	0.3333333333333333	1
111324012410917919847	0.3333333333333333	1
110171339580648239267	0.3333333333333333	1
109390492169840807116	0.3333333333333333	1
111228523722121138907	0.3333333333333333	1
103929057358376044772	0.3333333333333333	1
113628787636315115995	0.3333333333333333	1
114169149820478856488	0.3333333333333333	1
113920526057233976680	0.3333333333333333	2
115530776534617554663	0.3333333333333333	1
105472596684664595999	0.3333333333333333	1
116037474958183519388	0.3333333333333333	1
110745311686653416378	0.3333333333333333	1
109880473812184528356	0.3333333333333333	1
109774951215877430341	0.3333333333333333	1
110945896776944314708	0.3333333333333333	1
102102223169944561281	0.3333333333333333	1
100296793131660318829	0.3333333333333333	1
105982285104039392875	0.3333333333333333	1
101088325807711686479	0.3333333333333333	1
108838325803746121114	0.3333333333333333	1
116247667398036716276	0.3333333333333333	1
114913472373785699537	0.3333333333333333	1
112944155404327241166	0.3333333333333333	1
105933969669785529812	0.3333333333333333	1
103009042022920905686	0.3333333333333333	1
105638035132192474170	0.3333333333333333	1
101904565103073096195	0.3333333333333333	1
104380581224549491750	0.3333333333333333	2
116678377243407600427	0.3333333333333333	2
110570190335649752012	0.3333333333333333	1
101101432038403581917	0.3333333333333333	2
116706759796316956635	0.3333333333333333	2
106275293995490271192	0.3333333333333333	1
100171160323617338451	0.3333333333333333	1
105785197801929483800	0.3333333333333333	2
104639356062913210803	0.3333333333333333	1
114608978230857086565	0.3333333333333333	1
111718830236077991058	0.3333333333333333	1
117360484062846434303	0.3333333333333333	1
107297378329620440295	0.3333333333333333	1
113942924458800963659	0.3333333333333333	1
103697821787469756035	0.3333333333333333	1
118048139271163842678	0.3333333333333333	1
105640765558937706569	0.3333333333333333	1
106893785144116951996	0.3333333333333333	1
101568956202899798139	0.3333333333333333	1
110834201342884968996	0.3333333333333333	2
116000959328274308893	0.3333333333333333	1
114310944768734887811	0.3333333333333333	1
115883886376918081846	0.3333333333333333	2
105551989431666449555	0.3333333333333333	1
112143275229786859149	0.3333333333333333	2
103227884410380468088	0.3333333333333333	1
114193007904293272427	0.3333333333333333	2
109792655034341345110	0.3333333333333333	2
110307335194963761800	0.3333333333333333	2
100851819952878496176	0.3333333333333333	1
116160296886796853429	0.3333333333333333	2
104914829730501706316	0.3333333333333333	2
109368428708794414357	0.3333333333333333	1
117807705400441218332	0.3333333333333333	2
102384669117825357195	0.3333333333333333	2
108221835031756703002	0.3333333333333333	1
108209879935982921111	0.3333333333333333	1
105575110775527575127	0.3333333333333333	1
116135001449101429665	0.3333333333333333	1
107743243961862129539	0.3333333333333333	1
115605115857817552535	0.3333333333333333	2
101302772648821631521	0.3333333333333333	1
115213992828326539397	0.3333333333333333	2
111831478459732211063	0.3333333333333333	1
115058384974405026221	0.3333333333333333	1
106565143050969197990	0.3333333333333333	1
102227359845636175866	0.3333333333333333	1
100041278096196429823	0.3333333333333333	1
107958711860940415885	0.3333333333333333	1
100283186286635609856	0.3333333333333333	1
108177381721794114207	0.3333333333333333	1
115329901579467138335	0.3333333333333333	1
115653522232867695783	0.3333333333333333	1
108727355581569174388	0.3333333333333333	1
100327836545033470159	0.3333333333333333	1
109888379776056131514	0.3333333333333333	1
117440800608070428322	0.3333333333333333	2
100401683392479420272	0.3333333333333333	1
106031725249629160824	0.3333333333333333	1
112652419137339945915	0.3333333333333333	1
103806016066388243587	0.3333333333333333	1
105935011747900031764	0.3333333333333333	1
112279386188932484662	0.3333333333333333	2
100566894659845026162	0.3333333333333333	2
113477263173666842886	0.3333333333333333	1
103519655975029093996	0.3333333333333333	1
106105726703218541701	0.3333333333333333	1
113158814439512755352	0.3333333333333333	2
107954398003273214795	0.3333333333333333	2
110889775111765717798	0.3333333333333333	1
110890406272830624608	0.3333333333333333	1
105656572281780568085	0.3333333333333333	1
104182876112695525975	0.3333333333333333	1
117741745713138927677	0.3333333333333333	1
105163907830710862802	0.3333333333333333	1
115583644746174615556	0.3333333333333333	2
101929039478960520672	0.3333333333333333	1
104883225114764427198	0.3333333333333333	1
101140516949313637221	0.3333333333333333	2
108748471802813119483	0.3333333333333333	1
103252287944370268046	0.3333333333333333	2
115003241055650548986	0.3333333333333333	1
116074343515327927991	0.3333333333333333	1
101384112455887732241	0.3333333333333333	1
107880974706815787171	0.3333333333333333	1
104232333688560515077	0.3333333333333333	1
101790464138367096305	0.3333333333333333	1
112447253390876285565	0.3333333333333333	1
108273660324649677046	0.3333333333333333	1
101546147081486036828	0.3333333333333333	2
117574356623680867920	0.3333333333333333	1
103315313517765773789	0.3333333333333333	1
103239560454875806844	0.3333333333333333	1
110553894819307316598	0.3333333333333333	1
105601859867990103815	0.3333333333333333	1
109795454744520479022	0.3333333333333333	1
117408889341288914294	0.3333333333333333	1
102101676458721740056	0.3333333333333333	2
112021534332747330848	0.3333333333333333	1
101481948928469258135	0.3333333333333333	1
110484413619969864191	0.3333333333333333	1
103157838382139356964	0.3333333333333333	2
107561382312948155838	0.3333333333333333	1
108981679893410895534	0.3333333333333333	1
116506870245607994754	0.3333333333333333	1
116100539312079966974	0.3333333333333333	1
113729652996363465231	0.3333333333333333	1
108990610107970137958	0.3333333333333333	1
116696943168863559388	0.3333333333333333	1
100668872320235339612	0.3333333333333333	2
109522193578764168033	0.3333333333333333	1
114335257693284472091	0.3333333333333333	1
117841995755821586446	0.3333333333333333	1
100811733418406054662	0.3333333333333333	1
105287416910500341284	0.3333333333333333	2
105460987293072015130	0.3333333333333333	1
111402735079180150346	0.3333333333333333	1
105284909171916066479	0.3333333333333333	1
110970478049227720359	0.3333333333333333	1
107423800169282621610	0.3333333333333333	1
113209788861124695757	0.3333333333333333	2
116010637862292686074	0.3333333333333333	1
109638677974287539994	0.3333333333333333	1
113507125969262451989	0.3333333333333333	1
118095784302762315480	0.3333333333333333	2
108910048153006887552	0.3333333333333333	1
118217464013850604733	0.3333333333333333	1
110798258135890723173	0.3333333333333333	1
105515756598232617812	0.3333333333333333	1
103761316115981403222	0.3333333333333333	1
102406042148418309977	0.3333333333333333	1
113831137807594102699	0.3333333333333333	1
100962871525684315897	0.3333333333333333	1
104370594274936446063	0.3333333333333333	1
101789011227801183737	0.3333333333333333	2
102762278318790381974	0.3333333333333333	1
103986857822813239790	0.3333333333333333	1
116339430670263519533	0.3333333333333333	1
104474402194287396870	0.3333333333333333	1
100169245463332350626	0.3333333333333333	1
111144389496315143142	0.3333333333333333	2
106120248883783560821	0.3333333333333333	1
100358994198405696624	0.3333333333333333	1
115505611402423023943	0.3333333333333333	1
109654360331158943231	0.3333333333333333	1
118312289291920314925	0.3333333333333333	1
115220228182866909424	0.3333333333333333	2
103154767864398131776	0.3333333333333333	1
118059426333954151141	0.3333333333333333	1
102982883537954733135	0.3333333333333333	2
101260642389146169174	0.3333333333333333	1
113001548033736910371	0.3333333333333333	1
100733334063966339322	0.3333333333333333	2
104127480721628491254	0.3333333333333333	1
101913623470973115315	0.3333333333333333	1
101103242784230519197	0.3333333333333333	1
115111902757485641613	0.3333333333333333	1
115659255952431552297	0.3333333333333333	2
110308504049793867883	0.3333333333333333	2
109217461409629684011	0.3333333333333333	1
112877008808055264939	0.3333333333333333	1
111133089087698745842	0.3333333333333333	1
111822826271964846627	0.3333333333333333	1
109549484898750371360	0.3333333333333333	1
112661262066626464523	0.3333333333333333	1
115222576706856481129	0.3333333333333333	1
115754371967324227307	0.3333333333333333	1
101313088594783802183	0.3333333333333333	1
104420308250901910158	0.3333333333333333	1
115115161887111700191	0.3333333333333333	1
110122907004584858863	0.3333333333333333	2
103102581616407808980	0.3333333333333333	2
102147447036233936372	0.3333333333333333	1
103098035528591529767	0.3333333333333333	1
115391090911429381573	0.3333333333333333	2
105742591547943280092	0.3333333333333333	1
106035570729285450613	0.3333333333333333	2
109633732820372995629	0.3333333333333333	1
108470782772821648496	0.3333333333333333	2
118391348074574561641	0.3333333333333333	1
100458759797322732511	0.3333333333333333	1
104195596535276000851	0.3333333333333333	1
102434883684551427351	0.3333333333333333	1
116056645771775490363	0.3333333333333333	1
111241263379733454446	0.3333333333333333	2
109579042529957997981	0.3333333333333333	1
118308068668321612555	0.3333333333333333	2
101916731326740171496	0.3333333333333333	1
101188200134011189910	0.3333333333333333	2
117677434193419083498	0.3333333333333333	1
100904865892153488706	0.3333333333333333	1
114056084994793924628	0.3333333333333333	1
108710095010646545899	0.3333333333333333	1
106679217619062767542	0.3333333333333333	1
117561536843314919073	0.3333333333333333	1
107944050637158587585	0.3333333333333333	2
110987915208098080410	0.3333333333333333	1
113962866520226485377	0.3333333333333333	1
118342749723004617709	0.3333333333333333	1
117604474758066227896	0.3333333333333333	2
103866938540596131433	0.3333333333333333	1
111644835845967213449	0.3333333333333333	1
114753496995891786832	0.3333333333333333	1
101859489363185724132	0.3333333333333333	2
115958398724943172938	0.3333333333333333	1
118163822095608736409	0.3333333333333333	2
103373050673209589428	0.3333333333333333	2
114710252756870389187	0.3333333333333333	1
102370747100847006365	0.3333333333333333	2
101508158571685794831	0.3333333333333333	1
110005870117760401605	0.3333333333333333	1
110855267078582634011	0.3333333333333333	1
104558996796696834366	0.3333333333333333	1
118249659762501201824	0.3333333333333333	2
103350718269700384071	0.3333333333333333	1
102906994070536647048	0.3333333333333333	2
116490991367441571666	0.3333333333333333	1
101428086335852185675	0.3333333333333333	1
103885915853832286234	0.3333333333333333	1
105621403584928506108	0.3333333333333333	1
102040763864961338414	0.3333333333333333	1
101554358085977409453	0.3333333333333333	1
118215864369977057082	0.3333333333333333	1
104358861143448769861	0.3333333333333333	2
107379680601055044776	0.3333333333333333	1
113438256900303213931	0.3333333333333333	1
109504515764879498278	0.3333333333333333	2
110511685769077130162	0.3333333333333333	1
114349130265760177161	0.3333333333333333	1
103776299476527190352	0.3333333333333333	1
114369704013100203178	0.3333333333333333	1
115560798821543443948	0.3333333333333333	2
111183544898345861350	0.3333333333333333	1
117865945859719231324	0.3333333333333333	1
111749793836380057642	0.3333333333333333	1
111903892788414265541	0.3333333333333333	1
118340132086483099005	0.3333333333333333	1
108234504729950216883	0.3333333333333333	1
110656883570383421327	0.3333333333333333	1
117440562136163282023	0.3333333333333333	1
116561223902153824937	0.3333333333333333	2
100425739170055690781	0.3333333333333333	1
117765072461117547929	0.3333333333333333	1
105237212888595777019	0.3333333333333333	1
112230632128785680813	0.3333333333333333	1
102554407414282880001	0.3333333333333333	1
116746256066987365153	0.3333333333333333	1
116438093255495233247	0.3333333333333333	1
117105764275907696041	0.3333333333333333	1
117908990679728978748	0.3333333333333333	1
113278937129481000981	0.3333333333333333	2
117272767006069745879	0.3333333333333333	1
113887679885697887124	0.3333333333333333	2
106833332484614513275	0.3333333333333333	1
118286250147898282779	0.3333333333333333	1
100678762408497098143	0.3333333333333333	1
117280849472365811158	0.3333333333333333	1
108427707415150409247	0.3333333333333333	1
103080784632791833659	0.3333333333333333	1
111862324534985995584	0.3333333333333333	2
104768621699284314998	0.3333333333333333	2
118026639398463272784	0.3333333333333333	1
100936611936552412031	0.3333333333333333	1
107714926112659632128	0.3333333333333333	1
112795349407695657605	0.3333333333333333	1
118055814112266323118	0.3333333333333333	1
104034937425481327639	0.3333333333333333	1
101510589209151784871	0.3333333333333333	2
105824137254017930790	0.3333333333333333	1
103125254078422850688	0.3333333333333333	1
118157552622616628536	0.3333333333333333	1
108389036436404903393	0.3333333333333333	1
103787580098002291418	0.3333333333333333	1
108110794992218664312	0.3333333333333333	1
112140510300173332797	0.3333333333333333	1
106184776095468420185	0.3333333333333333	1
100968313568314999910	0.3333333333333333	1
110344015634844167543	0.3333333333333333	1
102143577107646910352	0.3333333333333333	2
118161364821865275134	0.3333333333333333	1
113891828412719247078	0.3333333333333333	1
116927591687006554468	0.3333333333333333	1
115992513109398635156	0.3333333333333333	1
117945473480868380086	0.3333333333333333	1
103126925591895327692	0.3333333333333333	1
111347373455607606946	0.3333333333333333	2
107920154302568162488	0.3333333333333333	1
111726459705245415071	0.3333333333333333	1
107438998639340158528	0.3333333333333333	1
108562908057958673728	0.3333333333333333	1
101429616110119376422	0.3333333333333333	1
115592016065916157642	0.3333333333333333	1
113310656793343815254	0.3333333333333333	1
107798867186542046341	0.3333333333333333	1
116009632176436768157	0.3333333333333333	1
105246828264278441318	0.3333333333333333	1
104927293172660676732	0.3333333333333333	1
114823329938030546555	0.3333333333333333	1
108402879846936281735	0.3333333333333333	1
103503784030163121732	0.3333333333333333	1
113733130744129278876	0.3333333333333333	1
104320324824027999822	0.3333333333333333	1
101959247097263572973	0.3333333333333333	1
100972662246126046763	0.3333333333333333	1
110578390848245766005	0.3333333333333333	1
106934660740935963306	0.3333333333333333	1
105396609818194584786	0.3333333333333333	1
105602558213766353371	0.3333333333333333	1
116799045993451756042	0.3333333333333333	1
110168117080267015976	0.3333333333333333	1
112434623663372418124	0.3333333333333333	1
115011646412956679108	0.3333333333333333	1
117750925255977689651	0.3333333333333333	2
116479026640845408871	0.3333333333333333	1
117058794763073546749	0.3333333333333333	1
108111371538822730335	0.3333333333333333	1
112726412224552205610	0.3333333333333333	1
100610815908101628801	0.3333333333333333	1
118209762617061765947	0.3333333333333333	2
101799406636792505677	0.3333333333333333	1
112137071107919749628	0.3333333333333333	1
100918044514429497479	0.3333333333333333	1
104723721532051093136	0.3333333333333333	2
109738929068234243981	0.3333333333333333	1
117105039195451218708	0.3333333333333333	1
111041348042293541079	0.3333333333333333	1
109435754812208152280	0.3333333333333333	2
112322792296174873610	0.3333333333333333	1
107732141541561312641	0.3333333333333333	2
114489504825638353488	0.3333333333333333	1
116383082805688088798	0.3333333333333333	1
113543880726286626830	0.3333333333333333	1
102456777374003067692	0.3333333333333333	1
113372014271548958684	0.3333333333333333	1
117222901917370521085	0.3333333333333333	1
105524296818768831092	0.3333333333333333	1
112081582311024489617	0.3333333333333333	1
114977829426881889492	0.3333333333333333	1
108551108122376805989	0.3333333333333333	1
101643794434997549451	0.3333333333333333	2
109944522594844042343	0.3333333333333333	1
101875322955671353494	0.3333333333333333	2
117819671466113107345	0.3333333333333333	1
106145469678511903598	0.3333333333333333	2
108740946527159812223	0.3333333333333333	1
111905796037369659608	0.3333333333333333	2
106022059623331640125	0.3333333333333333	1
106449593681218312564	0.3333333333333333	1
100791908226424744328	0.3333333333333333	1
109290081130683690010	0.3333333333333333	1
105646458226420473639	0.3333333333333333	1
117599181480696978620	0.3333333333333333	1
117280301082168371727	0.3333333333333333	1
107420755679696384063	0.3333333333333333	1
102245160667846222465	0.3333333333333333	2
111975545018506506119	0.3333333333333333	1
104401462206426890612	0.3333333333333333	1
107362628080904735459	0.3333333333333333	1
115946655083833154276	0.3333333333333333	2
110383323591613559322	0.3333333333333333	1
105800931235510181650	0.3333333333333333	1
112162067187975810298	0.3333333333333333	1
106569322839607148261	0.3333333333333333	2
106329623209697686110	0.3333333333333333	1
105358402547726784850	0.3333333333333333	1
109493490725321636855	0.3333333333333333	1
113890545538451545819	0.3333333333333333	2
114452583189695653393	0.3333333333333333	1
103585495295278181531	0.3333333333333333	1
101661202742163830758	0.3333333333333333	1
113079112416450593023	0.3333333333333333	1
108595456808850731771	0.3333333333333333	1
113031754286259898178	0.3333333333333333	1
117850061384649333790	0.3333333333333333	1
102734413618402415708	0.3333333333333333	1
111302966137190750480	0.3333333333333333	1
117386232350873428301	0.3333333333333333	1
101476255392007698592	0.3333333333333333	1
100947550708809260049	0.3333333333333333	1
118234987237484711962	0.3333333333333333	2
112052311699854553980	0.3333333333333333	1
105669924377560628246	0.3333333333333333	1
106785393644157011306	0.3333333333333333	1
117721559992561950311	0.3333333333333333	1
111513175269598249760	0.3333333333333333	1
107285981046059629192	0.3333333333333333	1
110565451469358079473	0.3333333333333333	1
108123506134776646550	0.3333333333333333	1
109909429289936483114	0.3333333333333333	1
116204437472476177397	0.3333333333333333	1
107449756441836046157	0.3333333333333333	1
102434702507641641366	0.3333333333333333	1
103011662826175289775	0.3333333333333333	2
102909547289727561969	0.3333333333333333	1
111582178452856649868	0.3333333333333333	1
113212564798246057056	0.3333333333333333	1
114206318263110605424	0.3333333333333333	2
104975154049785009296	0.3333333333333333	2
117531833583575296620	0.3333333333333333	1
108032623298499022371	0.3333333333333333	1
107468203267811929248	0.3333333333333333	1
101524375883443415732	0.3333333333333333	1
106991008623361651687	0.3333333333333333	1
111558637538876350858	0.3333333333333333	1
104376626976827590822	0.3333333333333333	2
108405279380519094647	0.3333333333333333	1
107004843925454095805	0.3333333333333333	1
111151133269873073822	0.3333333333333333	1
109330684746468207713	0.3333333333333333	1
101783485458458787405	0.3333333333333333	1
108834544234077411259	0.3333333333333333	1
117357239383552297326	0.3333333333333333	2
111142352210548917283	0.3333333333333333	1
111297688846219234682	0.3333333333333333	1
107073852799630124249	0.3333333333333333	1
108349993144739467020	0.3333333333333333	1
109746540495919889829	0.3333333333333333	1
110007985879373540875	0.3333333333333333	1
112632260187323187916	0.3333333333333333	1
114135879980083602468	0.3333333333333333	1
111232346000552816062	0.3333333333333333	1
118117334978421992071	0.3333333333333333	2
108628946684172970453	0.3333333333333333	1
111735682302417497800	0.3333333333333333	2
104051069913864446196	0.3333333333333333	1
106032143128915938009	0.3333333333333333	1
105294765328544716331	0.3333333333333333	1
111046328694966496038	0.3333333333333333	1
110791407489331796902	0.3333333333333333	1
106220969801795864065	0.3333333333333333	1
111433926516886244464	0.3333333333333333	1
104072866653298861451	0.3333333333333333	1
106898484855894852966	0.3333333333333333	2
103913078739565411962	0.3333333333333333	1
110787588731552125339	0.3333333333333333	1
105865268001904567389	0.3333333333333333	1
117876399076277118155	0.3333333333333333	2
101477514246180584541	0.3333333333333333	1
100148131753059528231	0.3333333333333333	1
116982703791258521452	0.3333333333333333	1
116889600203618136583	0.3333333333333333	2
101740665881541051348	0.3333333333333333	1
101957349312029873767	0.3333333333333333	1
104334993139856754317	0.3333333333333333	2
115274420552571826637	0.3333333333333333	1
115111094068718754134	0.3333333333333333	1
108901237855028365685	0.3333333333333333	2
113656379833336702679	0.3333333333333333	3
114898018843211717646	0.3333333333333333	1
116594169782616598727	0.3333333333333333	1
101248054507015265353	0.3333333333333333	1
105173130154829697850	0.3333333333333333	1
108665887827650124203	0.3333333333333333	1
104175800083885366194	0.3333333333333333	1
116561012331692075800	0.3333333333333333	1
115862341877834013198	0.3333333333333333	1
109851037140005639446	0.3333333333333333	1
107507539268974734333	0.3333333333333333	1
111408626247857759665	0.3333333333333333	1
100042103285281335447	0.3333333333333333	2
112111242595141814227	0.3333333333333333	1
113456203738507213575	0.3333333333333333	2
110022074717522784473	0.3333333333333333	1
118307222327537445242	0.3333333333333333	1
110937022523802941285	0.3333333333333333	1
100338540289184060850	0.3333333333333333	1
112288065781051354839	0.3333333333333333	1
118418436905562612953	0.3333333333333333	2
108450221981099507967	0.3333333333333333	1
115481103967401468109	0.3333333333333333	1
114200852737197778102	0.3333333333333333	1
115531985781539115408	0.3333333333333333	1
100774031306758933581	0.3333333333333333	1
113439083777685002957	0.3333333333333333	1
116285826386419620082	0.3333333333333333	1
106360687191375633839	0.3333333333333333	1
105602974021350689319	0.3333333333333333	1
105524952191381141516	0.3333333333333333	1
115071924927821952469	0.3333333333333333	1
112648919170442406341	0.3333333333333333	1
106096361729029699575	0.3333333333333333	1
105321861074597835055	0.3333333333333333	1
108442844427459883217	0.3333333333333333	1
116064889536351872000	0.3333333333333333	1
110874643485851794601	0.3333333333333333	2
117398873042187838160	0.3333333333333333	1
113219234233002030280	0.3333333333333333	1
113698025855960152138	0.3333333333333333	1
118274547296450170219	0.3333333333333333	1
103399149369474669101	0.3333333333333333	1
103561847705963058569	0.3333333333333333	1
117633122225583480245	0.3333333333333333	1
114530703093564359827	0.3333333333333333	1
101205158768960115200	0.3333333333333333	1
117042430101993837427	0.3333333333333333	1
107144622689726562372	0.3333333333333333	1
101812076448641794357	0.3333333333333333	2
112912440438084031232	0.3333333333333333	2
113919259608990953398	0.3333333333333333	1
104464509525006371077	0.3333333333333333	1
112015850049120816948	0.3333333333333333	1
104116239454208092099	0.3333333333333333	1
112466252788633155794	0.3333333333333333	1
113395651153032876374	0.3333333333333333	1
106850633151844976100	0.3333333333333333	1
101207314779512610092	0.3333333333333333	1
107543460658107759808	0.3333333333333333	1
116501349542487986139	0.3333333333333333	1
102125950139128626032	0.3333333333333333	2
104175289386948474434	0.3333333333333333	1
116769039959883891726	0.3333333333333333	1
107738052316470416814	0.3333333333333333	1
108800259685892983047	0.3333333333333333	1
103652441454188509895	0.3333333333333333	1
110334143643816920823	0.3333333333333333	1
110173998251917253344	0.3333333333333333	1
110427026721802962737	0.3333333333333333	2
104605289181301085634	0.3333333333333333	1
112791456928724330032	0.3333333333333333	1
117732725348646207385	0.3333333333333333	1
103049640441454897844	0.3333333333333333	1
111213696402662884531	0.3333333333333333	1
117467979182503050040	0.3333333333333333	1
115076389471719869628	0.3333333333333333	1
102492915727603850567	0.3333333333333333	1
114528278590085046475	0.3333333333333333	2
103890729645166628689	0.3333333333333333	1
116540317535797197534	0.3333333333333333	1
107903247163748995532	0.3333333333333333	1
111250863427532971402	0.3333333333333333	1
107343380917808930971	0.3333333333333333	1
115633632300685704236	0.3333333333333333	1
101484944350962755247	0.3333333333333333	1
110754790260134943366	0.3333333333333333	1
115280832342226232004	0.3333333333333333	1
106458554244835260890	0.3333333333333333	1
106869328657379778203	0.3333333333333333	2
107550335129662216109	0.3333333333333333	1
110906119292271228320	0.3333333333333333	1
110502833538176908275	0.3333333333333333	1
112921894149246301401	0.3333333333333333	2
112087707257500460227	0.3333333333333333	1
116318044389289937577	0.3333333333333333	2
107331626870497071558	0.3333333333333333	2
105392770307445426481	0.3333333333333333	1
109523302262898329619	0.3333333333333333	1
117795093361975201173	0.3333333333333333	1
100463112827432518732	0.3333333333333333	1
114707905712551612193	0.3333333333333333	2
108393668264332230101	0.3333333333333333	1
115931169998956348695	0.3333333333333333	1
108489529655976455784	0.3333333333333333	1
110725988306174718965	0.3333333333333333	1
109812154559522809355	0.3333333333333333	2
109079099537259226600	0.3333333333333333	2
107564207338213653485	0.3333333333333333	2
116962153568597271537	0.3333333333333333	1
115128808368924712465	0.3333333333333333	2
113171764796409359645	0.3333333333333333	1
115120856388820348736	0.3333333333333333	1
107656441989772047043	0.3333333333333333	1
109934217318368598860	0.3333333333333333	1
111076127406109584342	0.3333333333333333	2
116455200564503192965	0.3333333333333333	1
111304467646929665855	0.3333333333333333	1
109742804342446573548	0.3333333333333333	1
115539584789589326849	0.3333333333333333	1
112547787110181924087	0.3333333333333333	1
111005570197962924384	0.3333333333333333	1
116562123344603523300	0.3333333333333333	1
103102985156491352257	0.3333333333333333	2
111108999698447192886	0.3333333333333333	2
108108084972401378722	0.3333333333333333	1
109110758943024986533	0.3333333333333333	1
118058794383720702307	0.3333333333333333	2
104987932455782713675	0.3333333333333333	1
118169756271670551157	0.3333333333333333	1
106294738773145690221	0.3333333333333333	1
115065563322811017070	0.3333333333333333	1
110159306642698690348	0.3333333333333333	1
102672374688772458990	0.3333333333333333	1
103483946223213592002	0.3333333333333333	1
111895201268622692277	0.3333333333333333	1
113843009097459888314	0.3333333333333333	1
117434041186347435092	0.3333333333333333	1
107221142875015274837	0.3333333333333333	2
111856427400498745265	0.3333333333333333	2
103139040842124238411	0.3333333333333333	1
115586898390417250687	0.3333333333333333	1
107022978036548482528	0.3333333333333333	2
115530024341257565365	0.3333333333333333	2
109743927448056385194	0.3333333333333333	1
114699780864258329431	0.3333333333333333	1
101943035898572565380	0.3333333333333333	1
105720374917117266351	0.3333333333333333	1
100741886359727995612	0.3333333333333333	1
106756633331481645467	0.3333333333333333	2
105209854925481789028	0.3333333333333333	1
112803481233104137827	0.3333333333333333	1
117125451619389035762	0.3333333333333333	1
101558201988184499670	0.3333333333333333	1
105754002562827402350	0.3333333333333333	1
115340120780257508791	0.3333333333333333	1
110744350679012470358	0.3333333333333333	1
108153298436385586584	0.3333333333333333	1
108629717769018996477	0.3333333333333333	1
105318217552727882571	0.3333333333333333	1
105426743019195604827	0.3333333333333333	1
107800601648398385670	0.3333333333333333	1
102715042925211875133	0.3333333333333333	2
110527094571018831478	0.3333333333333333	1
110433465871086860393	0.3333333333333333	1
109970338579215706051	0.3333333333333333	1
116899034855319373495	0.3333333333333333	1
107918069294314435082	0.3333333333333333	1
115370996311184482015	0.3333333333333333	1
104506173414420325418	0.3333333333333333	1
104396891693584896565	0.3333333333333333	1
113863230172644528314	0.3333333333333333	2
102795966270985998150	0.3333333333333333	1
112960723772418803264	0.3333333333333333	1
105034949362507677166	0.3333333333333333	2
115289524882519831247	0.3333333333333333	1
117564680557519035434	0.3333333333333333	1
103969372934305933508	0.3333333333333333	1
114672443824698058678	0.3333333333333333	1
107648173437404073967	0.3333333333333333	2
105706178492556563330	0.3333333333333333	1
117511955612172117914	0.3333333333333333	1
117126661563615740049	0.3333333333333333	1
103679793185531964246	0.3333333333333333	1
114814005044450108245	0.3333333333333333	2
106168607919515774186	0.3333333333333333	1
117854769497679103742	0.3333333333333333	1
105474322833740648426	0.3333333333333333	1
110000414893249299326	0.3333333333333333	1
103306876714294066693	0.3333333333333333	1
100078878374475798187	0.3333333333333333	2
117139337839412508538	0.3333333333333333	2
103667678270324179713	0.3333333333333333	1
102618973624412901405	0.3333333333333333	1
107396656126703375612	0.3333333333333333	1
102450415382144556678	0.3333333333333333	2
112856727349246364776	0.3333333333333333	1
101822180524655938027	0.3333333333333333	1
117790146286148495130	0.3333333333333333	1
116733326109275029718	0.3333333333333333	1
109967637068419790220	0.3333333333333333	2
104763480255337902487	0.3333333333333333	1
102624444344643467709	0.3333333333333333	1
100379544576801445952	0.3333333333333333	2
113381419568450917747	0.3333333333333333	1
109241435991858647768	0.3333333333333333	1
108437871879281403721	0.3333333333333333	2
103857876783441100226	0.3333333333333333	2
101965232098049360563	0.3333333333333333	2
113020499347875878373	0.3333333333333333	1
100830123352736594226	0.3333333333333333	1
113258478883695264742	0.3333333333333333	1
106209004360568273507	0.3333333333333333	1
104031145895548702140	0.3333333333333333	1
110909607055906584548	0.3333333333333333	1
102530368133542641112	0.3333333333333333	1
118118349987811516739	0.3333333333333333	1
104632498797538161009	0.3333333333333333	1
109596219054914376350	0.3333333333333333	1
114789052294324286806	0.3333333333333333	1
117211092043045415977	0.3333333333333333	1
110986824202675925688	0.3333333333333333	1
100225101225176554894	0.3333333333333333	1
109964959136982994865	0.3333333333333333	2
107949632790881523566	0.3333333333333333	1
107075677262569804260	0.3333333333333333	1
110060174242721498001	0.3333333333333333	1
114721857336019906486	0.3333333333333333	1
109261971356283437190	0.3333333333333333	1
105343454923517993908	0.3333333333333333	1
112492933628695918241	0.3333333333333333	1
118308074381355834577	0.3333333333333333	1
114585365564249361309	0.3333333333333333	2
116834613510435630346	0.3333333333333333	1
106600413552895970272	0.3333333333333333	1
109821038180443243017	0.3333333333333333	2
107188644308200975786	0.3333333333333333	1
115121985249152159383	0.3333333333333333	2
114124121045669648448	0.3333333333333333	1
115651729704711271796	0.3333333333333333	1
109487198890018213042	0.3333333333333333	2
108760030237040972699	0.3333333333333333	1
107742567767125793693	0.3333333333333333	1
105672532711914455738	0.3333333333333333	1
102950241390416468435	0.3333333333333333	1
100804402913068183361	0.3333333333333333	3
114914135000060043822	0.3333333333333333	1
112712849778962804625	0.3333333333333333	1
101396087935203987162	0.3333333333333333	1
105432209521033004637	0.3333333333333333	1
106990819982242836820	0.3333333333333333	1
102812929107875086928	0.3333333333333333	1
104244862479263634293	0.3333333333333333	1
118256742706141559491	0.3333333333333333	1
118333009720408143699	0.3333333333333333	2
110109050164240978800	0.3333333333333333	2
108483700324316970657	0.3333333333333333	1
112314186335447733516	0.3333333333333333	2
106563076987268237912	0.3333333333333333	1
106210425220361000884	0.3333333333333333	2
110030220986081791922	0.3333333333333333	1
108503520425753342947	0.3333333333333333	1
110043378287052618138	0.3333333333333333	1
108809238871290369247	0.3333333333333333	1
105262362497121611013	0.3333333333333333	2
106156985265464360541	0.3333333333333333	1
117720859528939537832	0.3333333333333333	2
106644585677637197494	0.3333333333333333	2
115950459566444630295	0.3333333333333333	2
100166574026602260159	0.3333333333333333	1
115230695084310626614	0.3333333333333333	1
103976158215792100333	0.3333333333333333	1
107495277214296427779	0.3333333333333333	1
100838609505485154019	0.3333333333333333	1
112364181475297994191	0.3333333333333333	1
106132563999059898886	0.3333333333333333	2
114084777948653486996	0.3333333333333333	1
110276541203447377476	0.3333333333333333	2
116529815860867544557	0.3333333333333333	1
115567379683023959182	0.3333333333333333	1
107424840100129188090	0.3333333333333333	1
105001226804902733960	0.3333333333333333	2
103535806271845766896	0.3333333333333333	1
117211188266299551948	0.3333333333333333	1
106463618470062510615	0.3333333333333333	1
106375448439069562896	0.3333333333333333	1
111731243339944564597	0.3333333333333333	1
113393119735348911805	0.3333333333333333	1
112747446779139488257	0.3333333333333333	1
103131233834166863270	0.3333333333333333	1
109502062797751080516	0.3333333333333333	2
118315379895117728646	0.3333333333333333	1
118089892017613224774	0.3333333333333333	1
110767554316695670525	0.3333333333333333	2
109429236594408016618	0.3333333333333333	1
116209386927422884868	0.3333333333333333	2
112917540183250234327	0.3333333333333333	1
111419564832268061657	0.3333333333333333	1
113664406921737357882	0.3333333333333333	1
109067715207720642231	0.3333333333333333	1
108257497659531463336	0.3333333333333333	1
106356302054336184712	0.3333333333333333	2
104959109315113182176	0.3333333333333333	1
105663154402166276187	0.3333333333333333	1
108276017039691136956	0.3333333333333333	1
110807748106301476611	0.3333333333333333	2
102511707418713119458	0.3333333333333333	1
115786866240669187806	0.3333333333333333	2
104462950065092332327	0.3333333333333333	1
107829011166693569753	0.3333333333333333	1
114614871042282238013	0.3333333333333333	1
109338621568823162690	0.3333333333333333	1
110918518132080106257	0.3333333333333333	1
104242525397757047995	0.3333333333333333	2
102012469559842423172	0.3333333333333333	1
116410900879804902915	0.3333333333333333	1
118067929752122035944	0.3333333333333333	1
113795961594472514455	0.3333333333333333	2
111976189447364118963	0.3333333333333333	1
102499880205658868653	0.3333333333333333	1
114128098947779063486	0.3333333333333333	1
116660193285327869972	0.3333333333333333	1
108583549213384762507	0.3333333333333333	1
116011252490222413570	0.3333333333333333	1
109371009787047031940	0.3333333333333333	2
110714763382504930795	0.3333333333333333	2
104655297351923268135	0.3333333333333333	1
104560661985422965465	0.3333333333333333	1
104930422493673232502	0.3333333333333333	2
101952997688958127970	0.3333333333333333	1
105132157623412743785	0.3333333333333333	2
105357401962659664864	0.3333333333333333	1
112507886156998828584	0.3333333333333333	2
102902625410580020337	0.3333333333333333	1
115571267671256018716	0.3333333333333333	1
102833622706620944824	0.3333333333333333	2
111299245834134954469	0.3333333333333333	1
101595117115653228833	0.3333333333333333	2
106957385563551399756	0.3333333333333333	1
103271447027451185788	0.3333333333333333	2
117609074387781485841	0.3333333333333333	1
108202989932786461870	0.3333333333333333	1
110480897805333327129	0.3333333333333333	1
102752115506899431228	0.3333333333333333	2
103703057449089731024	0.3333333333333333	2
109187261328438975114	0.3333333333333333	1
116648001284772609387	0.3333333333333333	1
103847352689828733042	0.3333333333333333	1
114144167816919387092	0.3333333333333333	2
111292852688797062644	0.3333333333333333	1
108866766699357318662	0.3333333333333333	2
103218510052715948119	0.3333333333333333	2
107607271348767958034	0.3333333333333333	2
106593237562533257562	0.3333333333333333	1
103814318968872067095	0.3333333333333333	2
111700516584018069412	0.3333333333333333	1
117100798778048343263	0.3333333333333333	1
116570889542655364711	0.3333333333333333	1
108752930389450227648	0.3333333333333333	2
108464819424870648074	0.3333333333333333	2
117439726142720584478	0.3333333333333333	1
112307283830146683885	0.3333333333333333	1
108628443227381208695	0.3333333333333333	2
115052421774883402661	0.3333333333333333	1
106775609116257959283	0.3333333333333333	1
104043051299704809135	0.3333333333333333	2
116754590550251315975	0.3333333333333333	2
101389442397237522148	0.3333333333333333	1
111593871006738813889	0.3333333333333333	1
111733089914140628135	0.3333333333333333	1
116595967470006523047	0.3333333333333333	2
117667127854309405610	0.3333333333333333	1
117852902099947130312	0.3333333333333333	1
114504022490238986254	0.3333333333333333	1
107267083823737229376	0.3333333333333333	1
100226243464817203257	0.3333333333333333	1
109542911649507348876	0.3333333333333333	2
112848701572907611068	0.3333333333333333	1
103850326109556474629	0.3333333333333333	1
105519355905876015029	0.3333333333333333	1
101337662271487138024	0.3333333333333333	1
104645613868020523339	0.3333333333333333	1
113813534502443050477	0.3333333333333333	1
107826898160241010115	0.3333333333333333	3
108908215773519298358	0.3333333333333333	1
117173444820116260805	0.3333333333333333	2
112110858722565266390	0.3333333333333333	1
105146060706924233930	0.3333333333333333	1
115347824062413314605	0.3333333333333333	1
114277281405466837036	0.3333333333333333	1
100603420708037491047	0.3333333333333333	1
111485501208531423117	0.3333333333333333	2
108379931611829463113	0.3333333333333333	1
112802031539318458586	0.3333333333333333	1
110203240240274918404	0.3333333333333333	1
101033463733496411434	0.3333333333333333	2
100341986997778772883	0.3333333333333333	1
117670223716788465006	0.3333333333333333	1
107825480915810491568	0.3333333333333333	1
107979651021469607748	0.3333333333333333	1
103810198829973699179	0.3333333333333333	2
114937629945637321096	0.3333333333333333	2
116558562366390541447	0.3333333333333333	1
108912621503835070261	0.3333333333333333	1
101907373083489337511	0.3333333333333333	1
115444417112070401130	0.3333333333333333	1
108894901907715020153	0.3333333333333333	2
105756104405784964691	0.3333333333333333	1
105788536249289182288	0.3333333333333333	1
104411436748010400299	0.3333333333333333	1
115008911624864960721	0.3333333333333333	1
114514504476442464770	0.3333333333333333	1
110953639273542670640	0.3333333333333333	1
100413824026516874860	0.3333333333333333	1
100267777884892163462	0.3333333333333333	1
108351379315576829114	0.3333333333333333	1
118073713365911687120	0.3333333333333333	1
115490868856377625184	0.3333333333333333	1
114428750997696634020	0.3333333333333333	2
111720185193650373558	0.3333333333333333	1
116802951796325624865	0.3333333333333333	1
113003951551502135978	0.3333333333333333	1
104992798176478601465	0.3333333333333333	1
112075476058819393084	0.3333333333333333	1
116272870812037282078	0.3333333333333333	1
102466574310924737700	0.3333333333333333	1
101395499647231421569	0.3333333333333333	1
102768114339985212844	0.3333333333333333	1
108873304153780597752	0.3333333333333333	1
100473244509062237147	0.3333333333333333	1
103657280492137983446	0.3333333333333333	2
117865657916498538688	0.3333333333333333	1
113566412796628737771	0.3333333333333333	1
100034755726546091316	0.3333333333333333	1
108108877694888605239	0.3333333333333333	1
109372974572557264826	0.3333333333333333	2
111742559041861479895	0.3333333333333333	1
117968578376881155400	0.3333333333333333	2
115031186148141783321	0.3333333333333333	1
103796857605429327044	0.3333333333333333	1
109640485316880454144	0.3333333333333333	1
107885387668324360261	0.3333333333333333	2
118415538382000960098	0.3333333333333333	1
114466658017910624988	0.3333333333333333	1
104473887246293905562	0.3333333333333333	2
108621605232188649028	0.3333333333333333	1
117520662938613350446	0.3333333333333333	1
110008116244179984313	0.3333333333333333	2
109675421287495265133	0.3333333333333333	1
109289998233467576352	0.3333333333333333	1
115690704193312436919	0.3333333333333333	1
115360471097759949621	0.3333333333333333	1
104547122294871942949	0.3333333333333333	1
118345090757151676791	0.3333333333333333	1
116307911956851384448	0.3333333333333333	1
109468054380890853863	0.3333333333333333	1
107069913698089137475	0.3333333333333333	1
108163337062552154897	0.3333333333333333	1
108693140064226726422	0.3333333333333333	2
102774020010758501058	0.3333333333333333	1
114402718274188318870	0.3333333333333333	1
103678929192213568672	0.3333333333333333	1
113455290791279442483	0.3333333333333333	1
104122746783430190014	0.3333333333333333	1
101027374641604771082	0.3333333333333333	1
108619653519122895791	0.3333333333333333	1
108339422611196949427	0.3333333333333333	1
117792065524163931209	0.3333333333333333	1
112380861379242468878	0.3333333333333333	2
113138673196836811792	0.3333333333333333	2
104838252503679069603	0.3333333333333333	2
113483482538827761186	0.3333333333333333	2
105459830584243636071	0.3333333333333333	1
109733876730404017476	0.3333333333333333	1
115037301671480106301	0.3333333333333333	1
103908448964312073643	0.3333333333333333	1
101046441648631312966	0.3333333333333333	1
113619297753724860621	0.3333333333333333	1
114584286136168849819	0.3333333333333333	1
116143938603101885158	0.3333333333333333	1
100476028538979544872	0.3333333333333333	2
102717360415568313383	0.3333333333333333	1
108742841816580780267	0.3333333333333333	1
105734935003600818916	0.3333333333333333	1
110868701913486935395	0.3333333333333333	1
105080829848875955741	0.3333333333333333	1
118346523410639882321	0.3333333333333333	1
108403767109461825845	0.3333333333333333	1
117806830913619242931	0.3333333333333333	2
117281994409815890787	0.3333333333333333	1
116456009766133800359	0.3333333333333333	1
113497497600396915835	0.3333333333333333	1
103574263845979425189	0.3333333333333333	1
116729963911769911657	0.3333333333333333	1
117728551543397284525	0.3333333333333333	1
112349918645007947398	0.3333333333333333	1
104589224110531519308	0.3333333333333333	1
105950725902891401635	0.3333333333333333	2
103492094648269950319	0.3333333333333333	1
104635208492390994067	0.3333333333333333	2
115437881143074899830	0.3333333333333333	1
110916106244592293363	0.3333333333333333	1
113664876767408759987	0.3333333333333333	2
114858496219143473247	0.3333333333333333	2
108909492433674629621	0.3333333333333333	1
106070601618864326937	0.3333333333333333	2
100616648198520718139	0.3333333333333333	1
103925290456005146734	0.3333333333333333	1
116472423586843365534	0.3333333333333333	1
110226026994630736269	0.3333333333333333	1
113875929160127197425	0.3333333333333333	1
111804247239824865164	0.3333333333333333	1
109452949873475779897	0.3333333333333333	1
113998288664962112706	0.3333333333333333	1
105900187404228390961	0.3333333333333333	1
113119634935235376742	0.3333333333333333	1
104330156508504717257	0.3333333333333333	1
104576225810883559652	0.3333333333333333	1
104737048903894625958	0.3333333333333333	1
109917336159709947099	0.3333333333333333	1
101323615061776277624	0.3333333333333333	1
101265287919160637317	0.3333333333333333	2
113165426428179474554	0.3333333333333333	1
100429564727464307274	0.3333333333333333	2
101257022865886917243	0.3333333333333333	1
107213397269038689202	0.3333333333333333	1
113403112154194398439	0.3333333333333333	2
114482370600849578518	0.3333333333333333	1
106832159448552618946	0.3333333333333333	2
115185449105972818666	0.3333333333333333	1
107241716407110841507	0.3333333333333333	1
112005484203762930233	0.3333333333333333	1
110040221785656868352	0.3333333333333333	1
111878407888395485082	0.3333333333333333	1
113088210779766629285	0.3333333333333333	1
100799578871897092901	0.3333333333333333	1
110524006957547011426	0.3333333333333333	1
113025384249774110525	0.3333333333333333	1
107530472018245404714	0.3333333333333333	1
107322537767043048537	0.3333333333333333	1
104266135600915178310	0.3333333333333333	1
102457933428984441182	0.3333333333333333	1
112047365683033493924	0.3333333333333333	2
106684105564729483790	0.3333333333333333	2
106073544146251305291	0.3333333333333333	1
106078110946979488812	0.3333333333333333	1
103549795859489336114	0.3333333333333333	1
103739365516449391254	0.3333333333333333	1
100918751310613131472	0.3333333333333333	2
106075926887576280408	0.3333333333333333	1
102932986213331794453	0.3333333333333333	2
108855274112594118541	0.3333333333333333	1
105545024243372028126	0.3333333333333333	1
116005508984353537141	0.3333333333333333	2
100941525983360897584	0.3333333333333333	1
106962741502202371434	0.3333333333333333	1
116600660010359542514	0.3333333333333333	2
100236264467571538324	0.3333333333333333	1
117525055878846211672	0.3333333333333333	1
110053263559112570543	0.3333333333333333	1
112946414169405920789	0.3333333333333333	1
104760051537650258950	0.3333333333333333	1
109168877943381283013	0.3333333333333333	1
108754677323497506270	0.3333333333333333	2
110393782784359507365	0.3333333333333333	2
112549865623022776088	0.3333333333333333	2
117799543613709506993	0.3333333333333333	2
102824752483621136665	0.3333333333333333	1
107998653347447314576	0.3333333333333333	1
100121771572038665942	0.3333333333333333	1
104590730428339310227	0.3333333333333333	1
112708779947867358733	0.3333333333333333	2
102658173359928312065	0.3333333333333333	1
107449654301674431520	0.3333333333333333	1
111699743461359545954	0.3333333333333333	1
107679117401842711357	0.3333333333333333	1
104617315551244414526	0.3333333333333333	1
117790991727782414288	0.3333333333333333	2
112875516540639691436	0.3333333333333333	1
117959241991509944145	0.3333333333333333	1
117544597103874766231	0.3333333333333333	1
109121043800922287530	0.3333333333333333	1
101709418600792357628	0.3333333333333333	1
100404352969213892988	0.3333333333333333	2
107428469635365733087	0.3333333333333333	2
106199796227553793189	0.3333333333333333	2
101888737037632744263	0.3333333333333333	2
110806140785447265227	0.3333333333333333	2
107499148616904747030	0.3333333333333333	1
112617571814126522421	0.3333333333333333	1
102338044835409626487	0.3333333333333333	1
106793786825005938931	0.3333333333333333	1
101046962256957926334	0.3333333333333333	1
111284621100239341581	0.3333333333333333	1
107033542025676408078	0.3333333333333333	2
110836490849183067559	0.3333333333333333	2
101198120578225838022	0.3333333333333333	2
105067663123386047324	0.3333333333333333	1
114861795231952091574	0.3333333333333333	2
113185113831991933982	0.3333333333333333	1
100082373368279122592	0.3333333333333333	1
108036637513915049436	0.3333333333333333	1
115507315957243818037	0.3333333333333333	1
101059416020608978287	0.3333333333333333	1
114963025199409260443	0.3333333333333333	1
112889470949411680962	0.3333333333333333	1
101776942451395450821	0.3333333333333333	1
105865424561236837302	0.3333333333333333	1
115639700532046080427	0.3333333333333333	1
112055757278778866271	0.3333333333333333	1
117210614636355259315	0.3333333333333333	1
116420307073324606180	0.3333333333333333	2
118429565186789904681	0.3333333333333333	1
106043648001815118621	0.3333333333333333	1
109771009038942946531	0.3333333333333333	1
104969869726293835463	0.3333333333333333	2
105433810468068466457	0.3333333333333333	1
117631825061681296446	0.3333333333333333	2
115281424372604157481	0.3333333333333333	2
109435734596610253348	0.3333333333333333	2
102912122949744003232	0.3333333333333333	1
111510781880576359501	0.3333333333333333	2
105736363132830887409	0.3333333333333333	2
103839821411213167922	0.3333333333333333	1
117115823847583605252	0.3333333333333333	2
113807121478642655569	0.3333333333333333	1
108224649450414809762	0.3333333333333333	2
107982474099703846460	0.3333333333333333	1
101504199149919685088	0.3333333333333333	1
114426336887746285520	0.3333333333333333	1
104322237605701535598	0.3333333333333333	1
102182515884726101443	0.3333333333333333	1
112015620991192249441	0.3333333333333333	2
101533352934873050852	0.3333333333333333	1
110552130182194634361	0.3333333333333333	1
115011035599082537861	0.3333333333333333	1
118018592585717418852	0.3333333333333333	1
113987248301500933670	0.3333333333333333	1
106949208724083449185	0.3333333333333333	1
102601697712655567011	0.3333333333333333	1
113578162961963546021	0.3333333333333333	1
101148978404736312587	0.3333333333333333	1
105571367382401829756	0.25	1
101220763711015957928	0.25	1
106038153676060815898	0.25	1
106091050631218132314	0.25	1
116492394921952587453	0.25	1
114995069346586882936	0.25	2
104873145996437055631	0.25	1
113190229460560085138	0.25	1
111288399287881066490	0.25	1
103271875952524841365	0.25	1
113775216082198424237	0.25	2
114457137132357379883	0.25	1
103180225487085016120	0.25	2
101594994894172024242	0.25	1
103000734287338406086	0.25	1
113472601689595052712	0.25	2
108177835910929170429	0.25	2
109278663555282462593	0.25	2
104580078354721483337	0.25	2
115783794965589110885	0.25	2
114846708482997637670	0.25	1
103349181687339452513	0.25	1
114205886464523850911	0.25	1
114733221311854027249	0.25	2
105267656376269695918	0.25	1
110501074456405567420	0.25	1
115733604509184177258	0.25	1
106657794796460623909	0.25	1
118248968414699246281	0.25	1
114264170667286298228	0.25	1
102741216182615098670	0.25	1
106173671408615232285	0.25	1
104468325220385460810	0.25	2
114790424055754975707	0.25	1
112970980012435940193	0.25	2
115686992336431298816	0.25	1
113945158166040832137	0.25	2
118270038016169755776	0.25	1
114743704471276253503	0.25	1
118228519258164366941	0.25	1
101789619439327096679	0.25	1
112919733843233887503	0.25	1
116079037432576560881	0.25	3
118437039478327492127	0.25	1
104429232450469471769	0.25	2
105231704254423883185	0.25	1
109678206263874497523	0.25	1
105941540459124123898	0.25	2
114975356023499308275	0.25	2
118215299072807299781	0.25	2
110428208980667090075	0.25	2
113586567516084008409	0.25	1
118009336230742847661	0.25	2
114157104224723561801	0.25	1
108746570134240045314	0.25	1
101564208190134437985	0.25	2
100095245926948995335	0.25	1
117443217206442118345	0.25	1
101804557415517393412	0.25	2
105716259720700349538	0.25	2
101822465806938657698	0.25	2
109776147543681451664	0.25	1
101502848398462970704	0.25	2
112016758168531084450	0.25	1
106180849878966653229	0.25	1
113060870760290326234	0.25	1
114646890307069107918	0.25	1
112886282104567148455	0.25	1
103147572889121877478	0.25	1
118036378782834084572	0.25	1
104532208219601959187	0.25	2
112869004210157355587	0.25	1
104555560442231092804	0.25	2
102599404030644248682	0.25	2
114000144714480511683	0.25	2
111207601369830522483	0.25	2
111526611393748188248	0.25	2
113538211558955323359	0.25	1
104755336394155711931	0.25	1
107953073710704668222	0.25	1
113991330141699293513	0.25	1
100054924316489852924	0.25	1
113521595705684255979	0.25	1
100947437175799554403	0.25	1
117579105958307238142	0.25	1
111606605797730513407	0.25	1
110593319771693604646	0.25	1
110250614197455245208	0.25	1
104867195847530572607	0.25	2
114236604403554541461	0.25	2
112913484150349941453	0.25	2
109059907219475437294	0.25	2
108525367100035374786	0.25	1
106884554505081717365	0.25	1
117329741594610508732	0.25	2
110811627232176206368	0.25	2
105279125100555136001	0.25	2
105584441823129511629	0.25	1
107157424564695913545	0.25	1
111085388851363155663	0.25	1
108166390741516462144	0.25	2
108526519717924984686	0.25	2
103551022711412136447	0.25	2
112301541190997017883	0.25	2
106727395734382367008	0.25	1
114072961508708425858	0.25	1
106726317072433225723	0.25	1
102656961735074050535	0.25	1
105374700688270765519	0.25	1
110653252938491780865	0.25	2
103059257411348767720	0.25	1
111391040357017937906	0.25	2
108743947307820875983	0.25	1
117862185251638475440	0.25	2
110724521466741929088	0.25	1
110145704806254434189	0.25	1
105093306761527587301	0.25	2
100332967712148133281	0.25	1
115998365782148743728	0.25	2
110045419828426458606	0.25	2
114874892653621597752	0.25	1
101459244916026082012	0.25	2
106849691022132958746	0.25	2
116608322618732526003	0.25	1
100192177206468421799	0.25	2
106148235067079427902	0.25	1
116729228561933716685	0.25	1
108191055285202203841	0.25	1
108159573580915433891	0.25	2
101094004539457611809	0.25	1
117343149105379821488	0.25	2
115666966907759440181	0.25	2
107826059696278341352	0.2	1
100817955763300677682	0.2	1
107328949221172543768	0.2	1
113141834879403812095	0.2	1
112636423242197777506	0.2	2
111866652792296926727	0.2	1
101080937836827454050	0.16666666666666666	1
100884676252145293797	0	1
100487850464829001531	0	2
117039260735952140259	0	1
102528718122061029071	0	1
104081052260915687825	0	1
116219534929662479848	0	1
103855721758679327070	0	2
107562684952021749097	0	2
112971045758474660173	0	2
113027837615023628132	0	1
107281742023232478718	0	1
107656189087549539176	0	1
114045800510530461940	0	2
102087193593331908779	0	1
115712956701502499789	0	1
101832053372535369591	0	1
112965608024184180683	0	1
103108686690862016503	0	2
100048100630151349283	0	2
115427304117818042693	0	2
107280459342776292862	0	1
117884476143887009277	0	1
108480599252932396008	0	1
105336425684208963598	0	2
101722946924685009681	0	2
108184823388212202257	0	1
110806949181190360839	0	2
117734822558943142123	0	2
110001339139979553061	0	1
106255898978966943774	0	1
112750733404297151260	0	1
102387975506634955885	0	1
111267975895881595717	0	2
111413155182039517335	0	1
112957708071337353347	0	1
110873294608206408076	0	1
107868844306369312882	0	2
106287024820950801335	0	1
116246462646179586664	0	1
104112700502285331526	0	2
110835994844229857538	0	1
114320443804903617402	0	1
108439032486286528947	0	1
110736470473535126070	0	1
102349305007676725479	0	1
106499409180130178424	0	1
103560656277017207470	0	1
106783205666952995890	0	2
109876915588291208505	0	1
105547060999578080024	0	2
115409439975765947523	0	1
115851550445020159565	0	1
108851026326071355993	0	1
116123554028678966465	0	2
100003761748305295041	0	1
107382971911415711178	0	1
111136943830266615679	0	2
105875140491203787369	0	1
116422773158129145495	0	1
113847951893881070422	0	2
106467956464026331029	0	1
107170797938865105803	0	2
103400759605078401719	0	1
103878892760050193072	0	2
105040001333571511595	0	1
106539835304510344813	0	2
109533441517984298838	0	2
105873814765821560444	0	2
102103362080150690922	0	1
110486517623939606418	0	1
109556244641607065276	0	2
102678727554138494521	0	1
107838709243155596404	0	2
115614791007645952267	0	2
105271498619135161075	0	2
107902791674095682080	0	1
106133480923323663427	0	1
113727991676405667484	0	1
115249860954021772424	0	2
115143234371607892983	0	1
105607680428558991633	0	2
112365942617557707985	0	1
115078520436774133103	0	1
109014182524802241196	0	1
107408720924877751027	0	2
107792210455452678312	0	1
100989405473280437703	0	1
106322266355568739242	0	1
100377493270775536948	0	1
117125550255177987857	0	1
101059049290567215584	0	1
117059593834355077199	0	1
107494834634231938072	0	2
101388018903852140490	0	2
111262146038004038186	0	1
102089694494934693036	0	1
114482821185152912812	0	1
103200491340117663153	0	1
115892016102825426276	0	1
104178942937236178216	0	1
115659690722772659014	0	1
104836231516206450911	0	1
116642857391974581307	0	1
107055343031769974747	0	1
102024783780836984141	0	1
109445694594960760956	0	2
101348397943983026449	0	1
104384618198413714249	0	1
113119045494513107248	0	1
114991304070189283747	0	1
102117093789730100872	0	1
115727111607685613786	0	1
111919768120748204416	0	1
102616149286682191474	0	1
116197193480724162859	0	1
116356914028810962343	0	2
102873175118305865375	0	1
104244566720530687874	0	1
118351515323229708433	0	1
116992221479414639679	0	2
114951153220032017716	0	1
107105348072959327741	0	1
114242552432938641752	0	1
102397182323602489761	0	1
112750091316252656625	0	1
105228323457033543279	0	1
118075896681547272580	0	1
116483744752939586910	0	2
102383418437695456740	0	2
102025840065849549470	0	2
106255658003200235503	0	1
107386502152174751016	0	2
115961021629090154025	0	1
109520258037772485474	0	1
116042504805817667580	0	1
103805156272873540355	0	2
102459429055779304670	0	1
116631329713205553508	0	2
103984263629438381785	0	2
103052947271067730624	0	1
106526737947007406923	0	1
117728611187295597769	0	1
117937415022745482256	0	1
117951052831974893962	0	2
105962350616823915963	0	1
117513232055994920961	0	1
111962077049890418486	0	1
102997274792472360224	0	2
106711803105103787711	0	1
107842393394723425283	0	2
117715458422919571502	0	1
107119940474246316259	0	1
109507653225799908921	0	1
113901826228935709546	0	1
109813896768294978296	0	1
108584805279585306962	0	2
117251401224388113104	0	1
100013234150524277230	0	1
100661648032094165691	0	1
113107253403679023320	0	2
117802718819084454042	0	1
109584101159595963470	0	1
101240228035344649075	0	1
112617127041903537004	0	1
113027287369712034675	0	1
118359406034859277252	0	1
117880813751228693103	0	2
107771181372242547518	0	1
104042965789095032304	0	1
106758488395906535821	0	2
109514475488698891798	0	1
104392551078829652132	0	1
112546953300159727405	0	1
113250691524784561414	0	1
117876452096235489488	0	1
110367850779921090576	0	1
107737400023695101758	0	1
111112809838472063992	0	1
114536133164105123829	0	2
104014153016377817626	0	2
113216425001363110392	0	1
101006001190131292549	0	1
107028157462218372820	0	1
117538652293656395994	0	1
111346029664121783189	0	2
104774757304611870620	0	1
104535334557845028691	0	1
102377882249382281108	0	1
112063946124358686266	0	1
107526321116822867905	0	1
107555775204015275919	0	1
104109881446393419681	0	1
107018066359183517628	0	1
100715328241636136414	0	1
110940456900687729735	0	1
103896020270046143315	0	1
102755548808767411605	0	2
103911607910068922429	0	1
106501988136092543170	0	1
109594377608771913425	0	1
109619063322910077914	0	1
104316443417435189825	0	1
114634469290344215480	0	1
109682939969680363210	0	2
110054750107833929512	0	1
108907552935332685211	0	1
107112192270189573201	0	1
114908847203028092210	0	1
101981930959576633793	0	1
109833797088418280642	0	1
111376872709029407490	0	1
101548703550770422239	0	1
109466379342611092338	0	2
109901332639702690169	0	1
109895887909967698705	0	2
113595722144466261201	0	1
103856102573349408385	0	2
112167619931817269636	0	2
108169649974588976835	0	3
100454739783658783958	0	1
114247253917905334162	0	1
104394453888455887285	0	2
100313918372780761690	0	1
104660118116124484869	0	1
114415866845355805783	0	2
101158450341154702070	0	1
111385920935356352942	0	1
113464569897311842405	0	1
105974667002613140845	0	1
115092344632308628233	0	1
110420753345282336153	0	2
105174659514557165440	0	1
107937273108737007052	0	3
115086020530995525916	0	1
116560377643176212063	0	1
113117657270435285727	0	2
107307708524394964276	0	1
108508807541059473197	0	1
111310222808871521546	0	1
111699855306814304937	0	2
104527974589315823035	0	1
110600546748211156466	0	2
117580334862683341512	0	2
102920063140431683002	0	1
106927703290536139147	0	1
103587592038026574557	0	1
115105647022907007398	0	2
110924681541917174512	0	1
114489931902706901983	0	1
108997691220733289568	0	1
112847428408357711502	0	1
100464702037351657177	0	1
106586390584377828999	0	1
103770400990682677484	0	2
113683207338912869760	0	1
103761326311610249621	0	1
114128780058499383463	0	2
116008246625614132322	0	1
113097851206100618060	0	2
107013418740229269209	0	1
102201730297163547767	0	1
108985069770923500411	0	2
106359487807208915036	0	1
114820480752300993890	0	2
104522995890838839665	0	1
113427970254443655999	0	1
109865957091863414767	0	1
104969644294937516031	0	1
114127684466692817416	0	2
116792628143105662851	0	2
113111731715139693250	0	1
113977984500465768287	0	2
106382393460970517823	0	2
104522833443181754677	0	2
114801877818306839095	0	1
116602440485633829540	0	1
107737566084290697605	0	1
105222378662128673453	0	1
102409541521880756024	0	1
109892778117736265351	0	1
104548627795526843775	0	1
111868795075493641394	0	1
104045511944341391917	0	1
106078817258497259289	0	2
111819236720804784066	0	1
112156000858878605428	0	2
118306516911843051370	0	1
118164441818555589158	0	1
106253772102441480007	0	2
105985329157666232203	0	2
105630059876120763094	0	1
114790124739400437749	0	2
112798516308771746920	0	1
104605541194704556978	0	2
117812764513243285630	0	1
114391345252268389899	0	2
103139665625941938476	0	1
105694930790909515613	0	2
108862391031743001286	0	1
111789696120701217069	0	1
102640428740489674973	0	1
100879115281181648565	0	1
106427794242150037166	0	1
110286141446904173472	0	1
103423025783649000949	0	1
105802333142719763193	0	1
104016949609489688294	0	1
100614574079452152235	0	2
104807117922089582088	0	1
113716387535901345607	0	1
110584481927562150689	0	1
110045272933138939087	0	1
108099300904077351421	0	1
100081010984768669358	0	2
117101224208921567067	0	2
105467410031842833476	0	1
111509906069042272719	0	2
103095786308890475164	0	2
118229828410918651716	0	1
112932480074118093875	0	1
116369071500456395369	0	1
116281257988393556172	0	1
101437802758827481019	0	2
107876615810858105870	0	1
114682714977718338586	0	2
113077617428722440432	0	1
111083657677685307379	0	1
111172342770839497715	0	1
105665080337389619151	0	1
104241567849916091297	0	2
100774699436094132400	0	1
100142397094908216555	0	1
109876318275533969777	0	2
113625462103500841369	0	2
116944634206258122974	0	1
107733269574737813168	0	1
114767803040499829479	0	1
108218933035613051336	0	1
105779560824580764120	0	1
117341108419076839731	0	2
108904364100929057342	0	1
114310432035877573700	0	1
101062806117760486151	0	2
102473385896850739603	0	2
103917354466860004732	0	1
113607373286178432943	0	1
112369916221417513808	0	1
110140615812755191372	0	1
105846917401692687194	0	1
115533706038046529764	0	2
114764567692252908296	0	2
105716329127556664968	0	2
100623758397396040223	0	1
117376002131523540440	0	1
107028249541618642358	0	2
105186369823013844219	0	1
111294901335901191983	0	2
108924136210249299218	0	1
100477468779103147764	0	2
108189481625587435470	0	1
100145601428253638854	0	2
110036682383342142442	0	1
108591061972426746298	0	1
106488755491766193480	0	1
103341235804505564047	0	1
104478893233297648919	0	1
118391323892426354857	0	1
116848436511235870425	0	2
106264880718777779181	0	1
110217867677589593536	0	2
106552720667762384664	0	1
112362375146907129258	0	2
102027569173802121272	0	1
117906512707037000118	0	1
105161232143858721168	0	1
111595222939363138724	0	2
113317784690313904082	0	1
104845299131537646088	0	1
110624703529341220926	0	1
114585367638320534868	0	1
102312649610103790540	0	2
116610527104514904972	0	2
109809115263175925109	0	1
106465388417152903686	0	1
113515525332538914887	0	1
114288572990229558524	0	1
112960355294745822387	0	1
116303122205999176427	0	2
103899043917116388673	0	1
102456090968735240209	0	1
115976423587510251932	0	1
105380459908389887494	0	1
106713331971497474443	0	1
109911419351912426588	0	1
103155291053045215105	0	1
109403702254529528210	0	2
114783380984236981708	0	1
113490041785449486666	0	2
117178975214870026107	0	1
104746312113716977552	0	1
109776541085987843977	0	1
112342248775237115466	0	1
113031968610080900456	0	1
106661386135469061222	0	1
115822739011040329613	0	2
101145980349117737014	0	1
105775193099174598419	0	1
118369314436085435945	0	2
112541074199410704452	0	1
103047027122693182933	0	1
115860661261461064995	0	1
111325331580310420251	0	1
102678503382322253836	0	1
104716752339457472100	0	1
117326953697823621359	0	1
104962347070667053810	0	2
115419774656924121211	0	1
118220857055764418224	0	1
104710652529614103134	0	1
117139526704207434934	0	2
105423010364729238500	0	2
109152312140840616267	0	1
100374471858201089068	0	1
114843479335550312813	0	1
111095045247360522931	0	1
114789800183078016840	0	2
112879207422835329028	0	2
115203451804146087587	0	1
116682290311789132796	0	2
100005059224029431016	0	1
107433998715834030695	0	1
101016714052815974478	0	1
113102854369709041551	0	1
112837439401580368562	0	1
109458589098107737736	0	1
107501503793007677853	0	1
103334982537818934471	0	1
115428993145818153559	0	1
109788364985180710349	0	1
114927294217645926989	0	1
100932195479763784248	0	1
113042334587840968084	0	2
111789849226621844437	0	1
116733450618775758965	0	1
109535142033825344089	0	2
108541332650490652167	0	1
116075808135192798838	0	1
110387090919030345963	0	1
109213355974494564760	0	1
107185271908509011656	0	1
102691870114217256740	0	1
107591129378326850277	0	1
102936041566944563648	0	1
118021675828732821545	0	1
114527718402660307427	0	1
105902971575667576147	0	2
101586550030071389138	0	1
116002634428473399293	0	1
101632638222008737981	0	1
111263120349642126902	0	1
105406005201153162179	0	1
104129842883884467271	0	1
114195458404542931606	0	1
101595233284055239142	0	1
110265877811424631909	0	1
113301380963764602320	0	1
116317928275415340817	0	1
114263492889228784076	0	1
103952447020373678046	0	1
109059323985123972456	0	1
111402923913640845655	0	1
109999526973281386394	0	2
115211394853637622560	0	2
106035920703864837866	0	2
107125528996638849553	0	1
107415402162221717332	0	1
101920446365251607478	0	1
109491320312184685173	0	1
111499016778755078481	0	1
104102743248207705784	0	2
116056482297838775754	0	2
109414049457867785818	0	2
106890632816478503353	0	2
109501436364165187027	0	2
115020565118807261689	0	1
103484605090205627494	0	1
104065229314342816079	0	1
113048604335341521429	0	1
105187299599575962484	0	3
103407186088737594712	0	1
113552168840849322391	0	1
116144731647062741914	0	2
114390577443742844389	0	2
107542632252660344559	0	1
110865508009409873937	0	1
111407034040498495654	0	2
109412400081371783885	0	1
110889597904569758528	0	2
105670280103726644454	0	2
115512958737234042650	0	1
106567570642614609073	0	1
116847355737095345922	0	1
110602313084963920390	0	1
100915648524438138086	0	1
114065576051819564558	0	1
110071953455494033881	0	2
116017676177412359976	0	2
112104018110702208083	0	1
115601680394653074259	0	1
104129971305612636060	0	1
101991942718893708688	0	1
106896834505928192955	0	2
100536994357365794981	0	1
113118140338643969384	0	1
100001460601553769984	0	1
115750528894734726151	0	2
116183052555423440686	0	2
102601648945820979338	0	2
107218642105499514720	0	2
111109359761281857990	0	1
114979733565079457374	0	2
116616473522216111363	0	1
114703714445331612880	0	1
115638855134204943806	0	1
115590741447197562412	0	2
110557135488776892556	0	1
115753067401325872899	0	2
115027027411415275890	0	2
117944539673553852609	0	2
103405245899500686136	0	1
102634664641135784006	0	1
113472184832544483745	0	1
105820718403702856779	0	1
106737452392271403669	0	1
113383813123340121401	0	1
110573017971856600642	0	1
114124699453749164804	0	2
113512835692940269568	0	1
102294154344875880082	0	1
111082956672540075510	0	1
102013213906897023257	0	1
107569192741718175146	0	2
111327802952109899456	0	1
112422638382072847469	0	1
110136818693267034218	0	1
110843410200002459358	0	1
102698568624233195241	0	2
109657814428029476085	0	1
111124838372075709293	0	2
104119324947337436102	0	1
109552601721259087926	0	1
114023651802230839310	0	1
101062426971907362935	0	1
108195942879356572530	0	1
111287774328521867169	0	1
116360661659220925620	0	2
103731328851511193776	0	1
103358480644907743445	0	1
115655847063094837465	0	1
117200102155645191486	0	2
115600160900461862944	0	1
117939436980939541352	0	2
108834177132383073756	0	2
104770776614693816879	0	1
113589451530815027594	0	1
103975090628208208677	0	2
117117769475967183547	0	1
110830480322340378413	0	1
109784558727919233741	0	1
104513612772021842037	0	2
109904763645674951310	0	2
106098018662051013999	0	1
111241992933707720892	0	1
115622097589128800580	0	1
107427356075369790341	0	2
111026681950760455611	0	1
100745493383537483255	0	1
106639816695336343746	0	1
102972633412637918662	0	2
106453324149578946702	0	2
113216366128482077350	0	1
115431853773627038741	0	1
100694501176315722469	0	1
102734945386946843009	0	2
116332284737115527550	0	1
100305949954154067156	0	2
111682933379782609223	0	2
112848104018271631459	0	1
106660622179104353560	0	1
102241692612694148758	0	1
110864864429137192173	0	1
116892274923495893157	0	1
112018209892827490839	0	1
103254975978184665893	0	1
117834787342142162309	0	2
113300624771589574183	0	2
118224776879738188902	0	1
106908582141791358504	0	2
100340384372687803232	0	1
114917960422312686642	0	1
109092010479445656922	0	1
114254706162079043348	0	1
110505626196988840770	0	1
111919830452146731504	0	1
106563006164296070800	0	2
108630174113578548767	0	1
113188115614295466163	0	1
114735074397861789937	0	2
116634741790401617299	0	2
109725757995563930722	0	1
101658621705285326221	0	1
116782192572708139607	0	2
109063100283160894463	0	1
111747381273060022672	0	2
110753959158779652314	0	1
115770994163143043771	0	2
107962603774482643685	0	1
111824654238694308207	0	1
117445424749732615634	0	1
103903816329937152481	0	1
118262336738055710762	0	1
106939919304100725845	0	1
100377699627522621612	0	2
100284380639791061360	0	1
112529106092946833762	0	1
105204974467621325780	0	1
105502548944193449918	0	1
111295228715250231205	0	1
111239393924167172243	0	1
112835555824886206871	0	1
106893411400005401530	0	1
114919237270116699496	0	1
105574658238411076580	0	2
109307561029264799199	0	1
103836842223843809657	0	1
106564235165253151707	0	1
104576727759037345785	0	1
103219210668216873522	0	1
109471580126932348184	0	2
108220688493112507925	0	1
116929705953829659266	0	2
110631676822794043944	0	1
108853648066653779461	0	1
102107147806939041278	0	1
110207909937911254954	0	1
110428403601895270162	0	1
106864515140371882387	0	2
102544236480728869522	0	1
105920308210036883695	0	2
115561326016484538079	0	1
109285121542513818964	0	1
106516932879091056402	0	1
110809046165176596840	0	2
113575786764459106032	0	2
101510634998404804775	0	2
115140604121773569956	0	1
111083479668753090019	0	1
113312854563757825890	0	1
105478464756523436153	0	1
101462273708166596778	0	1
117052207661077893463	0	1
108301608378985896414	0	1
117489719308961334987	0	1
114518097158797553283	0	2
110341550160958577300	0	1
105110056315907108114	0	2
106089366725380818197	0	1
102974394637252417079	0	1
107952354333947445068	0	2
109471555458439950280	0	1
112348344466420791403	0	2
105354532715798223299	0	2
107064594431217468323	0	1
109562971361392257195	0	2
118170100766232030233	0	2
101184331807295584130	0	2
100565437335936094929	0	1
104293636658759113200	0	1
111520539446741234235	0	2
112923538230599901091	0	2
112901623731929710480	0	1
115711993592278889016	0	1
116743131552498489648	0	1
101744616880415927118	0	2
112593450435989630161	0	1
116087718068222355792	0	1
108396271077391911438	0	1
110408269214318050332	0	1
116940263994260396755	0	1
113615573375093078455	0	1
102829468803513165734	0	1
109135109253615455083	0	1
113891112124399454465	0	1
104342072459360006415	0	1
113593250604006309555	0	1
104348248143486278722	0	1
114597803448853770006	0	1
