#node_label	#score	#gender
116123554028678966465	1.0	2
104359763476253962070	1.0	1
112353210404102902472	1.0	1
103583939320326217147	1.0	1
108845452184637335176	1.0	2
107380709199522756628	1.0	1
100681761492322305748	1.0	2
110032809340403702874	1.0	1
105307501702816887964	1.0	2
105231227402322347158	0.5	2
113184091727451211493	0.3333333333333333	1
107798867186542046341	0.3333333333333333	1
101360643544552502915	0.3333333333333333	1
109330684746468207713	0.3333333333333333	1
117184181258526632678	0.3333333333333333	1
113359787324511162417	0.3333333333333333	1
106455972126925163352	0.3333333333333333	1
100974702573580921223	0.3333333333333333	2
111584384391407513657	0.3333333333333333	1
105788536249289182288	0.3333333333333333	1
106523183092269603627	0.3333333333333333	1
109964959136982994865	0.3333333333333333	2
102108552957172689219	0.3333333333333333	2
114056084994793924628	0.3333333333333333	1
108981679893410895534	0.3333333333333333	1
111873853137122484021	0.3333333333333333	1
111975224012018194892	0.3333333333333333	2
106237174356318230057	0.3333333333333333	2
106455052219635361001	0.3333333333333333	1
112802657264612458215	0.3333333333333333	1
104932441955983306721	0.3333333333333333	1
107475835798405892541	0.3333333333333333	1
101869395366096983724	0.3333333333333333	1
110388230780588093032	0.3333333333333333	1
115728458120419023779	0.3333333333333333	1
109268388872941447574	0.3333333333333333	1
107489144252174167638	0.3333333333333333	1
101259445219481496562	0.3333333333333333	1
116204437472476177397	0.3333333333333333	1
110272484025442251513	0.3333333333333333	1
113356364521839061717	0.3333333333333333	1
110275618531672145141	0.3333333333333333	2
112632260187323187916	0.3333333333333333	1
113330053950020592701	0.3333333333333333	1
114955415628566000965	0.3333333333333333	1
112027450030109652155	0.3333333333333333	1
111176172612065342210	0.3333333333333333	1
105656572281780568085	0.3333333333333333	1
117710159389064279424	0.3333333333333333	2
107747838010116449754	0.3333333333333333	1
115427700899384150369	0.3333333333333333	1
113953524641382928797	0.3333333333333333	1
104216250754098287625	0.3333333333333333	2
109489575895255638957	0.3333333333333333	1
118210774411660218412	0.3333333333333333	1
116119893029262153595	0.3333333333333333	1
111697857700553321716	0.3333333333333333	1
108359434857750473549	0.3333333333333333	1
118301801570268856235	0.3333333333333333	1
117843617175570491498	0.3333333333333333	1
106787788124127706441	0.3333333333333333	2
108759901321068677229	0.3333333333333333	2
110656253137238747090	0.3333333333333333	2
107803544756471423402	0.3333333333333333	1
103236949470535942612	0.3333333333333333	1
103761316115981403222	0.3333333333333333	1
113744908962375375964	0.3333333333333333	1
100892612779426154375	0.3333333333333333	1
118163822095608736409	0.3333333333333333	2
114335257693284472091	0.3333333333333333	1
106170102981460245504	0.3333333333333333	1
105237212888595777019	0.3333333333333333	1
112957065719498086306	0.3333333333333333	1
113438256900303213931	0.3333333333333333	1
113409086302056667844	0.3333333333333333	1
108470782772821648496	0.3333333333333333	2
100947550708809260049	0.3333333333333333	1
109394349516935036489	0.3333333333333333	1
100435311988307080376	0.3333333333333333	2
100974258168375166691	0.3333333333333333	2
105432999357543467752	0.3333333333333333	2
101916731326740171496	0.3333333333333333	1
104914829730501706316	0.3333333333333333	2
107420755679696384063	0.3333333333333333	1
103486150650858067282	0.3333333333333333	1
106312035620164033349	0.3333333333333333	1
111674748486766258557	0.3333333333333333	1
104903110057384953224	0.3333333333333333	1
118347875833483922087	0.3333333333333333	1
115919766952475225499	0.3333333333333333	1
113934645215952069062	0.3333333333333333	1
110533148746046121921	0.3333333333333333	1
112894485849628624264	0.3333333333333333	1
116047064092724050557	0.3333333333333333	1
113146596813770102711	0.3333333333333333	1
110334143643816920823	0.3333333333333333	1
100080670028138179312	0.3333333333333333	1
109410878385939067590	0.3333333333333333	2
110379434263550065795	0.3333333333333333	1
113686253941057080055	0.3333333333333333	1
100425739170055690781	0.3333333333333333	1
104723167398398004122	0.3333333333333333	1
113006600504104125846	0.3333333333333333	2
107870240225843632731	0.3333333333333333	1
114051322401103919567	0.3333333333333333	1
113339552992922631802	0.3333333333333333	1
113751283404152316115	0.3333333333333333	2
109718346641639271496	0.3333333333333333	1
108917732702918735536	0.3333333333333333	1
100621204114976031079	0.3333333333333333	1
113412536681835736575	0.3333333333333333	1
100199206837153934262	0.3333333333333333	1
116043947632177598920	0.3333333333333333	1
106719979779567208605	0.3333333333333333	1
111469437334144611638	0.3333333333333333	1
107108629296744262885	0.3333333333333333	1
102958145054444947691	0.3333333333333333	1
114476892281222708332	0.3333333333333333	1
116909806865544039215	0.3333333333333333	1
103068263997909352712	0.3333333333333333	1
116532796765106918781	0.3333333333333333	2
108360574989017497426	0.3333333333333333	1
110747746419769300628	0.3333333333333333	1
102759194596429227036	0.3333333333333333	1
101130571432010257170	0.3333333333333333	1
101651096660571767183	0.3333333333333333	1
104100725654421261442	0.3333333333333333	1
111144389496315143142	0.3333333333333333	2
111986746929163950657	0.3333333333333333	1
115211787257319267694	0.3333333333333333	2
117484946558916657452	0.3333333333333333	1
105065317973590246539	0.3333333333333333	2
105621403584928506108	0.3333333333333333	1
114786600820799802034	0.3333333333333333	1
101579422741533419411	0.3333333333333333	1
118170768987466114474	0.3333333333333333	1
109355455609643339993	0.3333333333333333	1
105785197801929483800	0.3333333333333333	2
104799625843627866990	0.3333333333333333	1
108383179285831283691	0.3333333333333333	2
102130773034819867792	0.3333333333333333	1
112708194574821912619	0.3333333333333333	2
116331515612347682749	0.3333333333333333	1
100320175239277283592	0.3333333333333333	1
116947923643606285942	0.3333333333333333	1
116203063268554516602	0.3333333333333333	1
111091089527727420853	0.3333333333333333	1
113859540036726448291	0.3333333333333333	2
103147347309732225253	0.3333333333333333	1
112092526384728873892	0.3333333333333333	1
102293250624615465818	0.3333333333333333	1
109876467727174291780	0.3333333333333333	1
105492119742825421749	0.3333333333333333	1
108494946397743992507	0.3333333333333333	1
113920526057233976680	0.3333333333333333	2
115275485457246100819	0.3333333333333333	1
114614871042282238013	0.3333333333333333	1
103650703836816496431	0.3333333333333333	2
103069435655954575455	0.3333333333333333	1
106369182367169177791	0.3333333333333333	1
109095289428532932206	0.3333333333333333	1
103650951579527262798	0.3333333333333333	3
116247667398036716276	0.3333333333333333	1
106206424594758074492	0.3333333333333333	1
102071498249978979056	0.3333333333333333	2
107308460013033893888	0.3333333333333333	1
102554407414282880001	0.3333333333333333	1
101114516910832196188	0.3333333333333333	2
111557988109638065224	0.3333333333333333	1
103009042022920905686	0.3333333333333333	1
110945896776944314708	0.3333333333333333	1
112317819390625199896	0.3333333333333333	2
101840970873676669425	0.3333333333333333	1
116678377243407600427	0.3333333333333333	2
106123026171763346651	0.3333333333333333	2
112698670547276329190	0.3333333333333333	2
102518365620075109973	0.3333333333333333	1
109447323719942836871	0.3333333333333333	1
101524375883443415732	0.3333333333333333	1
117080460060821588163	0.3333333333333333	1
107483128324124814228	0.3333333333333333	1
113942924458800963659	0.3333333333333333	1
101373961279443806744	0.3333333333333333	1
102233770004174020180	0.3333333333333333	1
102255720890649514668	0.3333333333333333	1
104723721532051093136	0.3333333333333333	2
107711055055716135991	0.3333333333333333	1
105216491640488683417	0.3333333333333333	2
117696408198646301334	0.3333333333333333	1
106671820158116584667	0.3333333333333333	1
110511685769077130162	0.3333333333333333	1
106131533046921693069	0.3333333333333333	2
102301925235690691403	0.3333333333333333	1
118390681236880798223	0.3333333333333333	1
105120100085902599040	0.3333333333333333	1
115773593461160257661	0.3333333333333333	1
111132283845303158546	0.3333333333333333	2
112278008753579196511	0.3333333333333333	1
111862324534985995584	0.3333333333333333	2
115530776534617554663	0.3333333333333333	1
113526438481352689007	0.3333333333333333	1
110484413619969864191	0.3333333333333333	1
102618047349606277909	0.3333333333333333	1
115904636983755833973	0.3333333333333333	1
103958441795544241153	0.3333333333333333	1
101261243957067319422	0.3333333333333333	1
105449206797102312194	0.3333333333333333	1
103290228265979018515	0.3333333333333333	1
104678191247579814431	0.3333333333333333	2
114393690647602824731	0.3333333333333333	1
117783113906561198831	0.3333333333333333	1
107908916153487002954	0.3333333333333333	1
101793532287583914396	0.3333333333333333	1
111831478459732211063	0.3333333333333333	1
106675098397419137364	0.3333333333333333	1
110435582822209082831	0.3333333333333333	1
106360687191375633839	0.3333333333333333	1
115011646412956679108	0.3333333333333333	1
115970197492058000536	0.3333333333333333	1
100720381549183482357	0.3333333333333333	1
109136095613943961344	0.3333333333333333	1
114966435318890555521	0.3333333333333333	1
111741052314397047773	0.3333333333333333	1
103857459148999991693	0.3333333333333333	1
104214901993894018115	0.3333333333333333	1
110172935315685333021	0.3333333333333333	1
101901232143740160078	0.3333333333333333	2
107297193341674316334	0.3333333333333333	1
105775810312323748998	0.3333333333333333	3
107248051867606623205	0.3333333333333333	1
102762278318790381974	0.3333333333333333	1
111852119488463725230	0.3333333333333333	1
101691152556611912102	0.3333333333333333	1
104918357490897922103	0.3333333333333333	1
110971010308065250763	0.3333333333333333	1
114633750344034731834	0.3333333333333333	2
108872036879266293791	0.3333333333333333	1
101670592154326222488	0.3333333333333333	2
103154767864398131776	0.3333333333333333	1
106992323093389636048	0.3333333333333333	1
115121555137256496805	0.3333333333333333	1
103698889037599783920	0.3333333333333333	2
115724883099396204735	0.3333333333333333	1
115190453129354314624	0.3333333333333333	1
115655205216183932495	0.3333333333333333	1
101484020753179036782	0.3333333333333333	1
103102581616407808980	0.3333333333333333	2
115304645050453722342	0.3333333333333333	1
109328612626879131592	0.3333333333333333	1
118146622799388835070	0.3333333333333333	1
102384669117825357195	0.3333333333333333	2
105379364953109830773	0.3333333333333333	1
111151133269873073822	0.3333333333333333	1
117174772996176250990	0.3333333333333333	1
110874643485851794601	0.3333333333333333	2
103519655975029093996	0.3333333333333333	1
107358461960960541878	0.3333333333333333	1
102833292951834431859	0.3333333333333333	1
103150328351925153314	0.3333333333333333	2
116065573422637185820	0.3333333333333333	1
104833564316573420990	0.3333333333333333	1
104495868343034960513	0.3333333333333333	1
108894449265020302496	0.3333333333333333	1
118048139271163842678	0.3333333333333333	1
110005870117760401605	0.3333333333333333	1
106679217619062767542	0.3333333333333333	1
105492369775428575932	0.3333333333333333	1
105209854925481789028	0.3333333333333333	1
100045990726747178457	0.3333333333333333	1
114349130265760177161	0.3333333333333333	1
104792719356592263558	0.3333333333333333	1
116799045993451756042	0.3333333333333333	1
111856427400498745265	0.3333333333333333	2
103911977826803756685	0.3333333333333333	1
105390077271236874234	0.3333333333333333	1
102195144388135237932	0.3333333333333333	1
111099835542235293080	0.3333333333333333	1
112801448828869860546	0.3333333333333333	1
112423003619203285770	0.3333333333333333	1
106753581955676569553	0.3333333333333333	2
106831762557971378854	0.3333333333333333	1
104867148520425189911	0.3333333333333333	1
116601386475273901307	0.3333333333333333	2
103914809547503560483	0.3333333333333333	1
113543880726286626830	0.3333333333333333	1
106552683448896393114	0.3333333333333333	2
102752115506899431228	0.3333333333333333	2
115601875683038726303	0.3333333333333333	1
103462873333877980961	0.3333333333333333	2
117151429143865176097	0.3333333333333333	1
104334993139856754317	0.3333333333333333	2
100771715351072186974	0.3333333333333333	1
104694788074649436349	0.3333333333333333	1
116807883656585676940	0.3333333333333333	1
116947906726568301788	0.3333333333333333	2
110514067355271128716	0.3333333333333333	1
114671437598828999217	0.3333333333333333	1
117697399358826098478	0.3333333333333333	2
101188200134011189910	0.3333333333333333	2
112178106651226112312	0.3333333333333333	1
116071275946594200077	0.3333333333333333	2
113887679885697887124	0.3333333333333333	2
111232346000552816062	0.3333333333333333	1
104405539079062799451	0.3333333333333333	1
117801279671656900736	0.3333333333333333	1
107813030534261413185	0.3333333333333333	2
107742567767125793693	0.3333333333333333	1
117876399076277118155	0.3333333333333333	2
116772733228022884924	0.3333333333333333	1
117845373339891458020	0.3333333333333333	1
115644063183821773031	0.3333333333333333	1
113664406921737357882	0.3333333333333333	1
105706178492556563330	0.3333333333333333	1
101240786246366714589	0.3333333333333333	1
101554358085977409453	0.3333333333333333	1
104987932455782713675	0.3333333333333333	1
110329781365538654444	0.3333333333333333	2
102549181577943816715	0.3333333333333333	2
114729740472671073461	0.3333333333333333	1
117826637077711958172	0.3333333333333333	1
107404242080797040590	0.3333333333333333	2
114320726818728738866	0.3333333333333333	1
100475561456657224558	0.3333333333333333	1
103861092718686288910	0.3333333333333333	1
107773073025291449903	0.3333333333333333	1
106289562822644692555	0.3333333333333333	1
112270466495573981484	0.3333333333333333	1
118339706248486457324	0.3333333333333333	1
107040109683948542812	0.3333333333333333	2
117530250543183103093	0.3333333333333333	1
117534567438781655786	0.3333333333333333	1
100132612879660965860	0.3333333333333333	1
116706588382945742404	0.3333333333333333	1
116265180994399322519	0.3333333333333333	2
114229157887417365950	0.3333333333333333	1
104474402194287396870	0.3333333333333333	1
104927293172660676732	0.3333333333333333	1
103449995781766635357	0.3333333333333333	1
107362628080904735459	0.3333333333333333	1
116862971710981267949	0.3333333333333333	2
112427290671642366818	0.3333333333333333	1
108713485217416391815	0.3333333333333333	1
108542426628002931624	0.3333333333333333	1
115341989323806732125	0.3333333333333333	2
111709710017308986916	0.3333333333333333	1
114125900939049731990	0.3333333333333333	1
113367609333589754250	0.3333333333333333	1
115890818529847454494	0.3333333333333333	1
105406713523222664494	0.3333333333333333	1
101403398734300997354	0.3333333333333333	2
102476152658204495450	0.3333333333333333	2
100980643623677833022	0.3333333333333333	2
103010544880173497617	0.3333333333333333	2
101783485458458787405	0.3333333333333333	1
113628787636315115995	0.3333333333333333	1
108093320445459745830	0.3333333333333333	1
113259665140442305221	0.3333333333333333	1
114092052797730247075	0.3333333333333333	1
101861996949895074943	0.3333333333333333	1
106656210886855281312	0.3333333333333333	1
115924865466302265389	0.3333333333333333	1
110106586947414476573	0.3333333333333333	1
105019708274021579278	0.3333333333333333	2
112960723772418803264	0.3333333333333333	1
112325635687379616511	0.3333333333333333	2
105489064367742025310	0.3333333333333333	2
112931539494181042672	0.3333333333333333	2
113209788861124695757	0.3333333333333333	2
112791456928724330032	0.3333333333333333	1
116804540314859377411	0.3333333333333333	1
113881433443048137993	0.3333333333333333	2
107101215197232285494	0.3333333333333333	1
115403856867272859027	0.3333333333333333	1
110192912711569207284	0.3333333333333333	2
114963335823650717178	0.3333333333333333	1
116594199576805510790	0.3333333333333333	1
109177683659525760187	0.3333333333333333	2
101962829696981365403	0.3333333333333333	1
107221142875015274837	0.3333333333333333	2
115592917377507554334	0.3333333333333333	1
118391161680564572266	0.3333333333333333	1
102213934827347582736	0.3333333333333333	1
116701660840702373805	0.3333333333333333	2
109899289749426927448	0.3333333333333333	1
106445486315230745362	0.3333333333333333	1
103497375962504727564	0.3333333333333333	2
101035196437264488455	0.3333333333333333	1
116877098752708522621	0.3333333333333333	1
106453531239987697809	0.3333333333333333	1
111221452655555194574	0.3333333333333333	2
105894760755439344491	0.3333333333333333	2
113114010027957668292	0.3333333333333333	1
100472608497932134515	0.3333333333333333	1
102813806031252440235	0.3333333333333333	1
102266721632816665047	0.3333333333333333	1
108006437472813923338	0.3333333333333333	1
113312804462990112705	0.3333333333333333	2
117829180598920486765	0.3333333333333333	1
102471833540021278727	0.3333333333333333	1
102655243537270905389	0.3333333333333333	1
102699000494066195263	0.3333333333333333	2
106458554244835260890	0.3333333333333333	1
103188948341310400908	0.3333333333333333	2
116475141635496647275	0.3333333333333333	2
106724435919605472652	0.3333333333333333	1
113813534502443050477	0.3333333333333333	1
115689262436942964025	0.3333333333333333	2
110701307803962595019	0.3333333333333333	1
100166574026602260159	0.3333333333333333	1
102637183526072842850	0.3333333333333333	1
102076707040432400000	0.3333333333333333	2
101284187122853794634	0.3333333333333333	1
106036588985851683922	0.3333333333333333	1
104699920090529948458	0.3333333333333333	1
106756633331481645467	0.3333333333333333	2
102113414697358336694	0.3333333333333333	1
103483946223213592002	0.3333333333333333	1
112466252788633155794	0.3333333333333333	1
117948836573151305503	0.3333333333333333	1
111441033953866685562	0.3333333333333333	1
103520907987098229443	0.3333333333333333	1
109549484898750371360	0.3333333333333333	1
114519352081181231619	0.3333333333333333	2
100545926367884760148	0.3333333333333333	1
114205894819109202624	0.3333333333333333	1
106471529425184452230	0.3333333333333333	1
109370089908251592872	0.3333333333333333	1
113944846007907559686	0.3333333333333333	1
111048918866742956374	0.3333333333333333	1
108645897735296485746	0.3333333333333333	2
114097533829202774504	0.3333333333333333	1
110527332382139046457	0.3333333333333333	1
114608629417719564605	0.3333333333333333	2
103977761514480488970	0.3333333333333333	1
115272110932716198370	0.3333333333333333	2
118281061832654729973	0.3333333333333333	1
107323726887023845557	0.3333333333333333	2
101143520118701250481	0.3333333333333333	2
106250234179615025320	0.3333333333333333	3
110815228753558444774	0.3333333333333333	1
117105039195451218708	0.3333333333333333	1
110336976038750891860	0.3333333333333333	1
103385680316204614182	0.3333333333333333	2
114767443136831791669	0.3333333333333333	1
102062087222207096193	0.3333333333333333	1
101396087935203987162	0.3333333333333333	1
112131480808552164740	0.3333333333333333	1
105213636585253009224	0.3333333333333333	2
112233299343248188738	0.3333333333333333	1
102029505169101002492	0.3333333333333333	1
115490198572387699066	0.3333333333333333	1
110970478049227720359	0.3333333333333333	1
112314186335447733516	0.3333333333333333	2
109294555490324725530	0.3333333333333333	2
118340132086483099005	0.3333333333333333	1
115302182103571099495	0.3333333333333333	1
100584544075742338361	0.3333333333333333	2
109294320651051585195	0.3333333333333333	1
114504022490238986254	0.3333333333333333	1
115971103286397223281	0.3333333333333333	1
111907009595057957530	0.3333333333333333	1
105373589191095322547	0.3333333333333333	2
116648001284772609387	0.3333333333333333	1
114354878556558710088	0.3333333333333333	1
115080215652229659698	0.3333333333333333	1
103274398541354707265	0.3333333333333333	2
103245952838925212735	0.3333333333333333	1
106488284533523054088	0.3333333333333333	1
102132795605351994121	0.3333333333333333	2
108215644829092784557	0.3333333333333333	1
101033463733496411434	0.3333333333333333	2
115560798821543443948	0.3333333333333333	2
115836923922245203582	0.3333333333333333	1
105362842231294447428	0.3333333333333333	2
102373191596205712937	0.3333333333333333	1
117344786984788205452	0.3333333333333333	1
115438915076156178487	0.3333333333333333	1
106813061125294796726	0.3333333333333333	1
110109050164240978800	0.3333333333333333	2
117173444820116260805	0.3333333333333333	2
105551989431666449555	0.3333333333333333	1
112961972002662755755	0.3333333333333333	1
106629137435682213230	0.3333333333333333	2
114772370404010974598	0.3333333333333333	2
112507886156998828584	0.3333333333333333	2
102750343066382220924	0.3333333333333333	1
116064138203319882798	0.3333333333333333	2
101367799604091052665	0.3333333333333333	1
109201681846030076792	0.3333333333333333	1
110008116244179984313	0.3333333333333333	2
105474322833740648426	0.3333333333333333	1
113440880897931183734	0.3333333333333333	1
100598525921317755223	0.3333333333333333	1
113028758029278367373	0.3333333333333333	1
103452223649907931922	0.3333333333333333	1
107324190974287934234	0.3333333333333333	1
101512816846466120723	0.3333333333333333	2
104796164878325999711	0.3333333333333333	2
106032143128915938009	0.3333333333333333	1
115891696950731235305	0.3333333333333333	2
111585581956730395692	0.3333333333333333	2
102768114339985212844	0.3333333333333333	1
106196205791862866616	0.3333333333333333	1
100348624348633155177	0.3333333333333333	2
105493081640219878951	0.3333333333333333	1
116805285176805120365	0.3333333333333333	1
118153590571996026494	0.3333333333333333	1
117597061540365781107	0.3333333333333333	1
101789011227801183737	0.3333333333333333	2
113024713286279331104	0.3333333333333333	1
113946715443571015123	0.3333333333333333	1
111250863427532971402	0.3333333333333333	1
107164311860815549291	0.3333333333333333	1
118114557675104381720	0.3333333333333333	2
108853704902527046302	0.3333333333333333	1
105035734217743300655	0.3333333333333333	1
116558562366390541447	0.3333333333333333	1
106872062155728669579	0.3333333333333333	2
103038287804535196503	0.3333333333333333	2
108628946684172970453	0.3333333333333333	1
102313269957622329301	0.3333333333333333	1
109602109099036550366	0.3333333333333333	1
103011662826175289775	0.3333333333333333	2
102780726906835902473	0.3333333333333333	1
110831618704667113842	0.3333333333333333	1
105865321274555551584	0.3333333333333333	2
105225758574529720824	0.3333333333333333	1
103697774730216910679	0.3333333333333333	2
107297378329620440295	0.25	1
102143577107646910352	0.25	2
105256156026694816333	0.25	1
118390286079345532806	0.25	1
103140137391526341351	0.25	2
100904865892153488706	0.25	1
114585365564249361309	0.25	2
104983654600361059729	0.25	1
105943946099362806788	0.25	1
107483714191607682955	0.25	1
103245041057625130355	0.25	1
105076678694475690385	0.25	1
108002138812927763875	0.25	1
109554000214945719997	0.25	1
106532709318061274779	0.25	1
115936804176235600319	0.25	1
113509398790435664089	0.25	2
100741560621611999898	0.25	1
109711721158856077787	0.25	2
109801044383691533431	0.25	1
116334827514261561554	0.25	1
111733089914140628135	0.25	1
104398296468605752825	0.25	1
116040565882702717981	0.25	1
102200175417231899136	0.25	1
111347373455607606946	0.25	2
105318217552727882571	0.25	1
115052421774883402661	0.25	1
102406042148418309977	0.25	1
100471039405682805612	0.25	1
108437871879281403721	0.25	2
114813729942739673295	0.25	1
111349868439224262161	0.25	1
114368476910973036126	0.25	1
104401462206426890612	0.25	1
112547787110181924087	0.25	1
106677033160092990257	0.25	1
112271931220583464729	0.25	1
100936611936552412031	0.25	1
107582825420648891120	0.25	1
111627219638715165418	0.25	1
110258598415939907971	0.25	2
111818804268255727734	0.25	1
113097276181543898574	0.25	2
102807097623058914806	0.25	1
115582623750221438794	0.25	1
105901259206530390933	0.25	2
112749216212330183140	0.25	1
108510261342123234892	0.25	1
112726038360301567381	0.25	1
115653522232867695783	0.25	1
105362990780240393762	0.25	1
107901181807999531493	0.25	1
113455290791279442483	0.25	1
113795961594472514455	0.25	2
116915389609964980297	0.25	1
107101208158314368393	0.25	1
111654988216301084265	0.25	1
107861068043141962470	0.25	1
109002964461887714649	0.25	1
105772169578659856660	0.25	1
101326359135790262301	0.25	2
112483478278653569632	0.25	2
111538684930665702515	0.25	1
105584766690422580666	0.25	1
103911183408644149411	0.25	1
110351160992477343545	0.25	1
113939332173985992126	0.25	1
110108796184064856991	0.25	1
102885931406196510193	0.25	1
107061404166755783968	0.25	1
112042076055136037642	0.25	1
113911596629754456986	0.25	1
113973458554656282296	0.25	2
105291328440562321682	0.25	1
103216887847401478447	0.25	1
117681034834791918293	0.25	2
103503784030163121732	0.25	1
113612142759476883204	0.25	2
116419531887099225758	0.25	1
112761340428079841885	0.25	2
114394128653474707020	0.25	1
117580704288376500422	0.25	1
105840250344632516141	0.25	1
105545024243372028126	0.25	1
108189587050871927619	0.25	1
108591415374085469592	0.25	1
105662441312581584585	0.25	2
115198725375376191635	0.25	2
114823329938030546555	0.25	1
110965736426480668093	0.25	1
108032623298499022371	0.25	1
109660946159817383241	0.25	1
102390118349128083852	0.25	2
116793780076394298784	0.25	1
111718830236077991058	0.25	1
103191968686417458200	0.25	1
101481948928469258135	0.25	1
115855207434019427246	0.25	1
118274547296450170219	0.25	1
117386232350873428301	0.25	1
100646334382638139241	0.25	1
110318982509514011806	0.25	1
110007205463584534134	0.25	1
105275638908165446414	0.25	1
111890945016831896743	0.25	1
116561223902153824937	0.25	2
103251327896115493952	0.25	2
112383056893417573756	0.25	1
100095245926948995335	0.25	1
100550278452176305982	0.25	1
100854842028693768581	0.25	2
117131320813354732027	0.25	1
111538009015644508967	0.25	2
112311470127292513285	0.25	2
107042003858610915208	0.25	2
117865657916498538688	0.25	1
114790424055754975707	0.25	1
114202150062599138446	0.25	2
106909119051058200287	0.25	1
116056645771775490363	0.25	1
103252287944370268046	0.25	2
108223812814027910697	0.25	2
108689366441836852610	0.25	1
106696669059059026665	0.25	1
100542372891417952741	0.25	1
110896523722790469837	0.25	1
113626341655414044020	0.25	2
117421021456205115327	0.25	3
110570190335649752012	0.25	1
105421360534824524100	0.25	1
103021937154904902620	0.25	1
112180555080313027108	0.25	1
115989323496360706014	0.25	2
110899709105002539146	0.25	1
112157460396911183178	0.25	2
108770653757133854006	0.25	1
101565121108233400534	0.25	1
109436874556875434983	0.25	1
112761472166519422810	0.25	1
110136234027772986218	0.25	1
104558996796696834366	0.25	1
115314704721793037922	0.25	1
111433245253472835474	0.25	1
117290916422686646903	0.25	1
108177381721794114207	0.25	1
105072305864951447999	0.25	1
100185707560478368490	0.25	2
109944522594844042343	0.25	1
104917764558584600444	0.25	1
106747990444555145217	0.25	2
106684105564729483790	0.25	2
106709421493100569822	0.25	2
107251403213840178570	0.25	1
107894914670080014116	0.25	1
106702963465506867582	0.25	1
104121609875372820045	0.25	1
104577505941506079870	0.25	1
114124121045669648448	0.25	1
110845149859025684138	0.25	1
101322883828672147607	0.25	1
109918631905002824833	0.25	2
101384112455887732241	0.25	1
107880974706815787171	0.25	1
111698111324336656255	0.25	1
100419390705414227779	0.25	1
113169486269154517176	0.25	1
109774951215877430341	0.25	1
108835030427235626956	0.25	1
116100539312079966974	0.25	1
116696943168863559388	0.25	1
100971870367870906394	0.25	1
102034052532213921839	0.25	1
104920733213047887355	0.25	1
111181389036901378787	0.25	2
107107966604134599612	0.25	1
111500093521014695341	0.25	1
102865263115020893218	0.25	1
106022059623331640125	0.25	1
117639700323467566828	0.25	2
101829918821056166648	0.25	1
104051069913864446196	0.25	1
112870994374364427682	0.25	2
113008325420407083982	0.25	1
109967975231084814926	0.25	1
114369704013100203178	0.25	1
116304368527992037535	0.25	1
100733334063966339322	0.25	2
100616648198520718139	0.25	1
102214622152044095371	0.25	1
113278937129481000981	0.25	2
114835618008913240560	0.25	1
107958711860940415885	0.25	1
105433868410119060410	0.25	1
115739378269261680935	0.25	2
116374117927631468606	0.25	1
106318111152683661692	0.25	1
107054923314916484887	0.25	1
115391090911429381573	0.25	2
104968519195250427239	0.25	2
114553764127573871154	0.25	1
107428678360432166490	0.25	1
107719582174885607377	0.25	1
107833107845497630206	0.25	1
118418436905562612953	0.25	2
109207180355991584427	0.25	1
108581176656876634115	0.25	1
105720374917117266351	0.25	1
105586947745680244977	0.25	2
102261683746739173682	0.25	2
114753496995891786832	0.25	1
105294739308527609109	0.25	2
104835099960990627076	0.25	1
104345450242748116125	0.25	1
108595456808850731771	0.25	1
102372855646500458871	0.25	2
105574566053602019710	0.25	1
100267777884892163462	0.25	1
103397817936898068439	0.25	1
118255645714452180374	0.25	2
102002299339025067376	0.25	2
116511752882326311047	0.25	2
104380036950579300637	0.25	1
101849747879612982297	0.25	3
107347089538988597980	0.25	2
106541664466958079149	0.25	2
101305776875945822989	0.25	1
102420698197305302910	0.25	2
110426489614941682595	0.25	1
102076033841555832518	0.25	1
112609343740187370731	0.25	2
109940597696193991152	0.25	1
109867682146917322989	0.25	1
100103314581848288036	0.25	1
117440562136163282023	0.25	1
101183471597929879944	0.25	1
115115161887111700191	0.25	1
104541959256591361052	0.25	1
109733876730404017476	0.25	1
113326499478607390840	0.25	1
103619689952955738772	0.25	2
117443217206442118345	0.25	1
107438998639340158528	0.25	1
106658849511427440492	0.25	1
104414006889440330710	0.25	1
108082814806291478395	0.25	1
105207689891479566260	0.25	1
109445136842856929944	0.25	1
107920154302568162488	0.25	1
111396408762595559038	0.25	1
101901560303275458765	0.25	1
102615863344410467759	0.25	2
111204757488124368395	0.25	1
111293022852677971506	0.25	1
108470239770597604472	0.25	1
109549749746353031555	0.25	2
105267656376269695918	0.25	1
100075356758919993129	0.25	1
109213135085178239952	0.25	1
115031186148141783321	0.25	1
115916689903804116666	0.25	1
100114474888718501523	0.25	1
109496402362800113489	0.25	1
118395148094907709551	0.25	1
109117683049682245427	0.25	2
110168117080267015976	0.25	1
117942605302461709656	0.25	1
108539806162621713200	0.25	1
111136943830266615679	0.25	2
104866519156997639676	0.25	1
118376303525124349504	0.25	2
118007019733262675418	0.25	1
109359845078084061894	0.25	1
110548244043172681974	0.25	1
102926741437771714510	0.25	1
100918044514429497479	0.25	1
108102879464925551155	0.25	1
100535338638690515335	0.25	1
112468427674837540026	0.25	1
104330156508504717257	0.25	1
111720952354186227548	0.25	1
109592634059397506775	0.25	1
100928115753316027300	0.25	1
103657280492137983446	0.25	2
109444531289011109804	0.25	1
107753428759636856492	0.25	1
101494695494209004052	0.25	1
108909492433674629621	0.25	1
101103242784230519197	0.25	1
113067536157487801754	0.25	1
103503116383846951534	0.25	1
111975545018506506119	0.25	1
115204805503581947511	0.25	1
118055814112266323118	0.25	1
108709810189955616841	0.25	1
104203344134379117895	0.25	1
112486405997992686080	0.25	2
103140594232305211040	0.25	2
116157010824114433668	0.25	2
110691778826596363915	0.25	1
101140516949313637221	0.25	2
107005847245951907687	0.25	2
110594675471999148422	0.25	2
106999005144926326855	0.25	1
105109887978663844296	0.25	1
115695134136726149281	0.25	1
102944610657154936062	0.25	1
117554722970555088332	0.25	1
107232031207410109866	0.25	2
107944050637158587585	0.25	2
102186402010640689794	0.25	1
105006839544396125723	0.25	1
114858496219143473247	0.25	2
116188434288179404722	0.25	1
103275414019940070295	0.25	1
113941754758699330333	0.25	1
113116318008017777871	0.25	1
103604782822125275634	0.25	1
103667678270324179713	0.25	1
109278663555282462593	0.25	2
115556579762244656440	0.25	1
112322792296174873610	0.25	1
110349587692857642647	0.25	1
100962871525684315897	0.25	1
117537842010917277559	0.25	1
117216289732773407442	0.25	1
115587504534833322520	0.25	2
113890545538451545819	0.25	2
108834544234077411259	0.25	1
100968313568314999910	0.25	1
108805430409141907975	0.25	1
115248119150833995280	0.25	2
111427232323640771136	0.25	1
111467732620114456012	0.25	1
108270712126515524163	0.25	2
103668714482917553215	0.25	2
116272754688583808397	0.25	1
100225101225176554894	0.25	1
108883923090202244243	0.25	1
104612091113514802664	0.25	1
116982703791258521452	0.25	1
101641620295650841734	0.25	2
102881488089763968454	0.25	1
102227359845636175866	0.25	1
114898018843211717646	0.25	1
117757565120070816446	0.25	2
116217157972739054782	0.25	2
112016573893269448710	0.25	1
104284408884410847470	0.25	1
106309146993207525382	0.25	1
101418715115916934669	0.25	2
100518419853963396365	0.25	2
110146731439535757348	0.25	1
107951823638685687042	0.25	1
112533946090072949685	0.25	1
101688105459274473452	0.25	1
102370747100847006365	0.25	2
108413247499481325229	0.25	1
103399926392582289066	0.25	1
117058794763073546749	0.25	1
101963597801596120711	0.25	2
112492933628695918241	0.25	1
108702243956983861993	0.25	1
106075926887576280408	0.25	1
102071370520547943705	0.25	1
109100509058340276730	0.25	1
113748350283639867334	0.25	1
103561847705963058569	0.25	1
114089069528015035598	0.25	1
115794443293916888837	0.25	1
116671803269225998491	0.25	1
103679793185531964246	0.25	1
103702808204417213511	0.25	1
105734935003600818916	0.25	1
101465854435804471513	0.25	1
105471831889375930291	0.25	1
115360471097759949621	0.25	1
106210425220361000884	0.25	2
104654380792556709188	0.25	1
106287665062204946341	0.25	1
115639700532046080427	0.25	1
109596219054914376350	0.25	1
106008941849648772680	0.25	1
107410585863197912809	0.25	1
103886753187082859922	0.25	1
101288593495419475448	0.25	1
101313088594783802183	0.25	1
107979724997299395580	0.25	1
101514976445246854274	0.25	1
114151370744583208669	0.25	1
105895868677820944499	0.25	2
103079526275359000556	0.25	1
113726904367063966559	0.25	1
101828183984777718546	0.25	1
106203113965926911311	0.25	1
117691391504351341685	0.25	1
104215639329521542302	0.25	1
106268128704132883440	0.25	1
111707273404757375952	0.25	2
109523302262898329619	0.25	1
110948803218408061611	0.25	1
105910977869522122580	0.25	1
115505611402423023943	0.25	1
108629717769018996477	0.25	1
110725988306174718965	0.25	1
115571267671256018716	0.25	1
100516849708142559734	0.25	1
102216887206636463918	0.25	1
104147032621576433590	0.25	2
115128808368924712465	0.25	2
115978949584209885559	0.25	1
115120856388820348736	0.25	1
107233810604455525453	0.25	1
113345816382413741333	0.25	1
107192971553731708077	0.25	1
117550971892000156946	0.25	2
113770461910835900905	0.25	1
117378848700596735005	0.25	1
109092767134549982331	0.25	1
104519096412702496856	0.25	1
111133089087698745842	0.25	1
102202032356599047373	0.25	2
113190229460560085138	0.25	1
110206169594070357955	0.25	1
109888379776056131514	0.25	1
101957725892036154972	0.25	1
117801150600464318538	0.25	1
107100991398236552448	0.25	1
113158814439512755352	0.25	2
107550335129662216109	0.25	1
101783412003401392380	0.25	2
106657794796460623909	0.25	1
106804288949826635270	0.25	1
105820565463487627814	0.25	1
110053263559112570543	0.25	1
116285826386419620082	0.25	1
116643304160474160340	0.25	1
106551901875603098689	0.25	1
102896689791899460747	0.25	1
118026639398463272784	0.25	1
118207880179234484610	0.25	2
108183741310701689263	0.25	2
117863322265515575855	0.25	2
112499832243433350911	0.25	2
114699780864258329431	0.25	1
101930732356474123642	0.25	2
114119807582553446405	0.25	1
101913623470973115315	0.25	1
110834201342884968996	0.25	2
101907373083489337511	0.25	1
106915458430369636793	0.25	2
104072948945662204503	0.25	1
107459220492917008623	0.25	1
105704043432425862950	0.25	2
104961406012654314344	0.25	1
105324761189549512199	0.25	2
107144622689726562372	0.25	1
115633632300685704236	0.25	1
111433926516886244464	0.25	1
110025177084709634671	0.25	1
115220228182866909424	0.25	2
107250464385013836729	0.25	1
110193533410016731852	0.25	1
101812076448641794357	0.25	2
108138142849003408899	0.25	1
114889115344305545677	0.25	1
109123727761757726835	0.25	2
116529815860867544557	0.25	1
103857876783441100226	0.25	2
116298725614846078183	0.25	1
114489504825638353488	0.25	1
109557335345467356244	0.25	1
116973390574320264137	0.25	1
112276589013569458330	0.25	2
101265429413963140460	0.25	1
102715042925211875133	0.25	2
105898851287256125141	0.25	1
114789052294324286806	0.25	1
108818791438520407749	0.25	2
108334318341392054568	0.25	2
100830123352736594226	0.25	1
106434073353360803681	0.25	1
116617183584681804725	0.25	1
104975154049785009296	0.25	2
116160296886796853429	0.25	2
111243892781101553573	0.25	1
117598350032192449251	0.25	1
107568623059464576350	0.25	1
116410900879804902915	0.25	1
107235139478887256327	0.25	1
114547779905550869913	0.25	1
115121985249152159383	0.25	2
101262147826811866992	0.25	1
117498138737868731316	0.25	1
110749114535858679949	0.25	1
103271875952524841365	0.25	1
107543460658107759808	0.25	1
117564680557519035434	0.25	1
115360979797396777969	0.25	1
102280081912845345680	0.25	1
101035128787411077971	0.25	1
113102179663329232861	0.25	1
104590730428339310227	0.25	1
112405160668581498038	0.25	1
112162067187975810298	0.25	1
108430022755589227583	0.25	1
106775609116257959283	0.25	1
116244509399125459213	0.25	2
111211953317109383011	0.25	1
113381419568450917747	0.25	1
100584443531788315896	0.25	1
100401683392479420272	0.25	1
117467979182503050040	0.25	1
112952402583202585197	0.25	2
109469801209372203713	0.25	1
111719533163202900131	0.25	1
116564746836220811723	0.25	1
109247306373593947755	0.25	1
108541235642523883716	0.25	1
106973022319954455496	0.25	1
110145704806254434189	0.25	1
109357173702102949587	0.25	1
115992513109398635156	0.25	1
106407425466046895546	0.25	1
111518627657059019573	0.25	1
107495277214296427779	0.25	1
111548137920489485631	0.25	1
116383082805688088798	0.25	1
116214152295449083654	0.25	1
109296361252372990987	0.25	2
107953073710704668222	0.25	1
108900422749564778397	0.25	1
104454175467350464887	0.25	1
106326973089842217186	0.25	1
107650451991930674897	0.25	2
104618664838382110366	0.25	1
103535806271845766896	0.25	1
115217750279661462986	0.25	1
102871123574468799566	0.25	1
107119125214160307479	0.25	2
118315379895117728646	0.25	1
100586461319763000734	0.25	1
107140384943910571494	0.25	1
105262362497121611013	0.25	2
113775216082198424237	0.25	2
116834613510435630346	0.25	1
117139907586011263319	0.25	2
114738075629051960079	0.25	1
103907806627406122152	0.25	3
114625400847885309794	0.25	1
103024662999602309638	0.25	1
106829364795701933124	0.25	1
114972425671351992168	0.25	1
102755880045844773888	0.25	1
118272434101169578887	0.25	2
118073857442509254484	0.25	1
110528202096810721992	0.25	2
104686145540485478139	0.25	1
108581371748491713295	0.25	1
101069176603529970895	0.25	1
101690858054612129921	0.25	2
116568578395534463017	0.25	1
117490083650718194659	0.25	1
105502659434999281505	0.25	1
111065108889012087599	0.25	1
109371009787047031940	0.25	2
111523509846064499365	0.25	1
106979372492552141708	0.25	1
112930364932290387951	0.25	1
104868766827614132384	0.25	1
103846208822256432743	0.25	1
110356021587276696616	0.25	1
105160956312047610483	0.25	2
108375841941782733077	0.25	1
117777702358847505818	0.25	1
104582028023930934762	0.25	2
111880539351297758103	0.25	1
116962153568597271537	0.25	1
113057286764851383469	0.25	2
106792630639449031994	0.25	2
117108270457271782843	0.25	1
113258478883695264742	0.25	1
114707905712551612193	0.25	2
104085586613533153704	0.25	1
102485721261724622399	0.25	1
101957349312029873767	0.25	1
115146484128708835538	0.25	1
105132157623412743785	0.25	2
112863768320785858376	0.25	1
117997508248143467215	0.25	1
114428750997696634020	0.25	2
109228171139444408627	0.25	1
110111510059204475260	0.25	1
115374511271823228898	0.25	1
112030578276777731834	0.25	1
110727524106003793026	0.25	1
113219234233002030280	0.25	1
115242761961569258730	0.25	1
104291276465722490992	0.25	1
108705174211639807508	0.25	1
117071426829430927131	0.25	1
112915508949553064969	0.25	1
101885307818099963648	0.25	1
114807257227149972393	0.25	1
101510589209151784871	0.25	2
111903892788414265541	0.25	1
110492963926129353210	0.25	1
101389442397237522148	0.25	1
110677399908549124400	0.25	1
113679214233259389691	0.25	2
108202989932786461870	0.25	1
104755336394155711931	0.25	1
110041523199056192526	0.25	1
111496743724945078388	0.25	1
111292852688797062644	0.25	1
117135648419896209276	0.25	2
112558842849268568366	0.25	2
108710095010646545899	0.25	1
107149075470261453144	0.25	1
117950453145750849911	0.25	1
100280501907498761662	0.25	1
117827372812274778029	0.25	2
108901237855028365685	0.25	2
104935478024576728989	0.25	1
106526249826621352808	0.25	1
114244914082871792125	0.25	1
113878519978828324792	0.25	2
104345801144381868824	0.25	2
103159555629815965457	0.25	1
104192890227014694231	0.25	1
114421079926365072858	0.25	2
110228619695183640804	0.25	1
102742690530855332473	0.25	2
110745629854593813122	0.25	1
118297780429110098708	0.25	2
100580057424662460288	0.25	1
103171849011748425097	0.25	1
101377053267560854462	0.25	1
113249114393065213870	0.25	1
115008911624864960721	0.25	1
105234748527549840217	0.25	1
117743699429239435303	0.25	1
111640272568271242568	0.25	1
103306876714294066693	0.25	1
111059970532919761644	0.25	2
116166930518893390711	0.25	1
108077086504877995438	0.25	1
115774797671804302541	0.25	1
110593963566088558937	0.25	1
106808688302434879780	0.25	1
115177816143495522325	0.25	1
100109420053181930599	0.25	2
113171227622011939089	0.25	1
111491466248379228198	0.25	1
105735158965333960126	0.25	1
100521671383026672718	0.25	2
113656379833336702679	0.25	3
118058794383720702307	0.25	2
108866766699357318662	0.25	2
115829854934725647908	0.25	1
113566412796628737771	0.25	1
107343380917808930971	0.25	1
111425389710625097093	0.25	1
102994474461903293474	0.25	1
112433233162542061134	0.25	1
100624241693398887245	0.25	1
113327517821930496785	0.25	2
112589968131171571528	0.25	2
112382791805996029441	0.25	1
105374700688270765519	0.25	1
101436633503339641010	0.25	1
116272870812037282078	0.25	1
114487965928288927815	0.25	1
111714769899525603342	0.25	2
116307911956851384448	0.25	1
100664007027655584228	0.25	1
108759270777800830775	0.25	1
117523047521837823505	0.25	1
113537711651274258466	0.25	1
117388252776312694644	0.25	1
105950725902891401635	0.25	2
110374285151379544748	0.25	2
113607881597695397209	0.25	2
109522193578764168033	0.25	1
105614023028680810492	0.25	1
101319199068187021366	0.25	1
114804209965724781514	0.25	1
105896517491618631584	0.25	1
103861741370066605527	0.25	2
118241908293598797317	0.25	1
104973761519912571719	0.25	2
116604501189261441998	0.25	1
102912122949744003232	0.25	1
101643794434997549451	0.25	2
100022983395666441954	0.25	2
105459830584243636071	0.25	1
107554195884954006007	0.25	1
100612175927429294541	0.25	1
107896527414017792767	0.25	1
111666959095947698908	0.25	1
115189217690184894864	0.25	1
110556772494804817339	0.25	1
105146060706924233930	0.25	1
108872243576352630928	0.25	1
104474227941534479648	0.25	1
114236886827225212279	0.25	1
112917540183250234327	0.25	1
111700516584018069412	0.25	1
104406280327740142903	0.25	1
108274407914489166921	0.25	1
117427965408516165606	0.25	2
116768967108862685383	0.25	1
100619767619036001799	0.25	1
107506834773571922409	0.25	1
109970338579215706051	0.25	1
105764514082673516728	0.25	2
116268124700162834377	0.25	2
105507095357499885933	0.25	1
104557885419342982371	0.25	2
118122556596388698587	0.25	2
102846217719085160022	0.25	1
104604307901417940770	0.25	1
100588683019319620113	0.25	2
112849417691659712948	0.25	1
116143938603101885158	0.25	1
108975692760604949169	0.25	1
111402596168371767684	0.25	2
114829852257653035289	0.25	1
108038060678219248624	0.25	1
105396609818194584786	0.25	1
112256312261504958334	0.25	2
106312895983244085949	0.25	1
117033715264863371696	0.25	1
112058474141856164031	0.25	1
103739686836221835119	0.25	1
103973455051678273599	0.25	2
101240195219702258672	0.25	1
103413026854903721037	0.25	1
113289267877003023795	0.25	1
104635208492390994067	0.25	2
101711168415133898421	0.25	1
101185406398932804414	0.25	1
109729682469414639106	0.25	1
107703405132139524311	0.25	1
116624255331661641877	0.25	1
108487822477374389081	0.25	1
113217924531763968801	0.25	1
117345174540134167439	0.25	1
104985708532065716992	0.25	1
109736551118253133079	0.25	2
100490891827279157919	0.25	2
103495959414616617075	0.25	2
114477973013769344881	0.25	1
113385191072808228060	0.25	1
114716671631005124422	0.25	1
108621605232188649028	0.25	1
104227734437064715480	0.25	1
108261172458336520976	0.25	1
116059978552411945489	0.25	1
106355261544559696871	0.25	1
111726296546035481597	0.25	1
116342937492510737097	0.25	3
112178124287015896332	0.25	1
101275179870005929648	0.25	2
102221942940843100503	0.25	2
116064889536351872000	0.25	1
110909607055906584548	0.25	1
101634980625828210366	0.25	1
100121771572038665942	0.25	1
105148269330842682297	0.25	2
115739714059328962238	0.25	1
109184938830837313332	0.25	1
103469386751228828199	0.25	1
106215718640234782825	0.25	2
107542742799095073899	0.25	1
105343468977483636307	0.25	1
105545635323537037809	0.25	2
116225608701357244168	0.25	1
115135005437142391944	0.25	1
112617571814126522421	0.25	1
107166288622674117566	0.25	1
110427026721802962737	0.25	2
106091050631218132314	0.25	1
116999073173221895857	0.25	1
116081346928614867503	0.25	1
103040977504992878677	0.25	1
103739434091749997009	0.25	2
118169756271670551157	0.25	1
107507539268974734333	0.25	1
111392229243756687840	0.25	2
101682363120803229099	0.25	1
112226108704688540728	0.25	2
108622331358244378714	0.25	1
100512649718649402368	0.25	1
100354740668603824176	0.25	1
116239540022720337536	0.25	1
118392675338399207115	0.25	1
108082478497335384404	0.25	1
106404447885541141946	0.25	1
104744726224419902744	0.25	1
113212564798246057056	0.25	1
100834378485895409468	0.25	2
105964628633957244534	0.25	1
108319282403260526672	0.25	2
112912440438084031232	0.25	2
107875584177081127211	0.25	1
107460400955464713852	0.25	1
108802687698724664405	0.25	1
100855797004917861250	0.25	1
114133424228405038490	0.25	1
110213257974797510242	0.25	2
105196820269947152189	0.25	3
111937447827665620879	0.25	1
116246691381118207708	0.25	1
109780189924636226927	0.25	2
102218502614021519543	0.25	1
102520007126942234329	0.25	1
101851341498235469215	0.25	1
104857406109954440836	0.25	1
118120574147655105587	0.25	1
110890406272830624608	0.25	1
107693266712327982585	0.25	2
118043356902250822675	0.25	1
106535723624866309220	0.25	1
109512700962637271888	0.25	1
108752930389450227648	0.25	2
114503806689722509896	0.25	1
111273847288081762530	0.25	1
116491285067171323298	0.25	1
103628798844723879427	0.25	1
107656088609554509650	0.25	1
103375542801396350118	0.25	2
108186999795479387281	0.25	1
103988511308835223279	0.25	1
111036275428879931853	0.25	1
107017734572239251115	0.25	1
104142754390088344306	0.25	1
116131244044857846351	0.25	2
114860045023837730306	0.25	1
107960447712389929333	0.25	1
114136896194133068248	0.25	2
113698589973698283456	0.25	1
107379680601055044776	0.25	1
115074742580527848126	0.25	2
100545888235193447374	0.25	2
101961537456676830624	0.25	2
114941990960699549036	0.25	1
110623746254439487621	0.25	1
106454845621336612502	0.25	1
110657332373070373287	0.25	1
115535806270815025774	0.25	2
113255240335204167235	0.25	1
114549564725160709822	0.25	1
103068825327398983563	0.25	1
118036378782834084572	0.25	1
107414592731514189079	0.25	1
108792426990692661824	0.25	1
113025758348628700217	0.25	2
100861105105962757394	0.25	1
112711154374511525164	0.25	1
107858226132224039781	0.25	1
106802084872920510496	0.25	1
107304599129049310946	0.25	1
117252772151029627228	0.25	1
105854477836714634695	0.25	1
108221835031756703002	0.25	1
101835433272879715504	0.25	1
108832773152747423283	0.25	1
115008174643988040256	0.25	1
110671547565979047871	0.25	1
108244652378519322500	0.25	1
104555560442231092804	0.25	2
106611936438746132619	0.25	2
114891934677835796437	0.25	1
116802117190197146689	0.25	2
104572921120575457873	0.25	2
113646863104373178789	0.25	1
117670223716788465006	0.25	1
106631699076927387965	0.25	1
104926854905340031989	0.25	1
114971448970801442794	0.25	1
116420307073324606180	0.25	2
104743722604111129193	0.25	1
104671567585541913784	0.25	1
118241604899817185979	0.25	1
108233823188831400390	0.25	1
110175210245981011432	0.25	1
112055757278778866271	0.25	1
104854185258125177762	0.25	1
104215081746139431649	0.25	1
100806981966366833878	0.25	1
107391346918211701146	0.25	1
105938290704670238578	0.25	1
103577706924716446377	0.25	2
103739365516449391254	0.25	1
103125016160442645232	0.25	1
114605547533973731226	0.25	1
108237467234633094380	0.25	1
103036363231618328277	0.25	1
101502848398462970704	0.25	2
109550818599769670856	0.25	1
107825480915810491568	0.25	1
101946159124570139670	0.25	1
115422622153710387598	0.25	1
104393406786094257813	0.25	1
104802077345023750188	0.25	1
113475277239647026452	0.25	1
101786816045990196027	0.25	2
106420653941281751007	0.25	2
102298718421596692551	0.25	1
101848191156408080085	0.25	1
108291790892450338168	0.25	1
104577330866768309554	0.25	1
114252426825132398016	0.25	2
111465359080289844494	0.25	1
113647384926789366875	0.25	1
117933248848152566378	0.25	1
103524029725020180286	0.25	1
107561981993115897933	0.25	2
106220472901841709358	0.25	1
107653354517077963589	0.25	1
105780487374226393830	0.25	1
109967616069135434926	0.25	1
103363342114971078869	0.25	2
114501281018969491281	0.25	1
100253500239541932423	0.25	1
102048874022614790165	0.25	1
113412291131967778562	0.25	1
106916309086380794685	0.25	1
105459039689531835195	0.25	2
114551199693334565912	0.25	1
110929351399428170240	0.25	1
116089771760725476379	0.25	1
113523789277289125753	0.25	1
100375490778787613218	0.25	2
116113014152499702246	0.25	1
101453162215777563254	0.25	2
102552895604218641554	0.25	1
109485934360207011242	0.25	1
113901041381644461053	0.25	1
116986422495636163350	0.25	1
102878676849076003707	0.25	1
115696978612493731094	0.25	2
117528398613318925987	0.25	1
114936764159343594557	0.25	2
115734098961621804217	0.25	1
105519285935184162786	0.25	1
108932788008800738020	0.25	2
113119946144896349087	0.25	2
102460136790407821462	0.25	1
110856718522514415312	0.25	2
103545629159196000620	0.25	1
110601642123952532151	0.25	1
111989626226970062885	0.25	1
110688474802292277786	0.25	1
104837455367607968485	0.25	1
108830444169272814630	0.25	2
103242813022162579092	0.25	1
111042318165379633986	0.25	1
103208595332730697971	0.25	2
117372722338898853772	0.25	2
116577879830683558227	0.25	1
102840352508688700769	0.25	1
116312861051138180882	0.2	1
106930820875100875937	0.2	1
113475766175503919195	0.2	2
112961607570158342254	0.2	1
116719768397940189391	0.2	1
105945403054619746508	0.2	2
112878918236054024365	0.2	1
105284909171916066479	0.2	1
117860386411463323543	0.2	2
103000734287338406086	0.2	1
111326500706485286272	0.2	1
102976465024742837897	0.2	2
107781761552417614958	0.2	2
114733221311854027249	0.2	2
106967325646926628873	0.2	2
111185848672556379969	0.2	1
106555959457177808817	0.2	1
109410049853740963142	0.2	1
108360132927834638792	0.2	2
109777274122671124391	0.2	1
114251490269584385826	0.2	1
101595233284055239142	0.2	1
103722992494814716215	0.2	1
101866129584099453344	0.2	2
108695451231222848079	0.2	1
107054398730220626019	0.2	1
112141931042568948106	0.2	1
111431694377519332046	0.2	1
107855087597883383506	0.2	2
102176681597746495007	0.2	1
117705989100706740667	0.2	1
108063864640570706782	0.2	1
117136962215708145516	0.2	1
113979330898220800570	0.2	2
110810167807179888319	0.2	1
100380612360163882091	0.2	2
116054611440772847592	0.2	1
116504425332441853553	0.2	1
114350712878478462890	0.2	1
108219603536220444098	0.2	1
109570383922363994722	0.2	1
105967660397475682636	0.16666666666666666	2
106322266355568739242	0	1
117075503202449801357	0	1
117039260735952140259	0	1
104081052260915687825	0	1
109220060006128553211	0	1
109556244641607065276	0	2
116927391465690022495	0	2
109895887909967698705	0	2
104527974589315823035	0	1
100081010984768669358	0	2
102087193593331908779	0	1
107784212140893392732	0	1
107185271908509011656	0	1
103856102573349408385	0	2
109031486518632696635	0	1
106189723444098348646	0	1
113077617428722440432	0	1
104129842883884467271	0	1
115427304117818042693	0	2
103878115150490505546	0	1
111097102522228662594	0	1
115744399689614835150	0	1
108527329601014444443	0	2
113107253403679023320	0	2
118351515323229708433	0	1
103765013042311928518	0	2
110539629556793511406	0	1
104178909261627021161	0	1
108159551615224338529	0	2
103878892760050193072	0	2
116246462646179586664	0	1
111923790030827810167	0	1
116631329713205553508	0	2
105694930790909515613	0	2
110036682383342142442	0	1
102256816876331385412	0	1
103716847685048716973	0	1
117715458422919571502	0	1
104042965789095032304	0	1
106983800549406471589	0	1
116219534929662479848	0	1
115961021629090154025	0	1
109187026428012507334	0	1
113977984500465768287	0	2
108531255239680225213	0	1
105607680428558991633	0	2
112617127041903537004	0	1
109364225972033274255	0	2
113472184832544483745	0	1
112156000858878605428	0	2
109876915588291208505	0	1
114894373995529057283	0	1
114288572990229558524	0	1
107902791674095682080	0	1
108439032486286528947	0	1
117059593834355077199	0	1
107148487955439180907	0	2
117302873158452325530	0	1
113654461547690050667	0	1
116369071500456395369	0	1
104478893233297648919	0	1
110255709702147736441	0	1
105769047231222924856	0	1
105336425684208963598	0	2
112236344213897425331	0	1
115297377530426784742	0	1
102533732658641069172	0	2
103761326311610249621	0	1
116111409898168592074	0	2
111229932257230301946	0	2
107490600889040777735	0	2
103579304160477212496	0	1
111112809838472063992	0	1
104895617958403173354	0	2
107591005438840138933	0	2
102409541521880756024	0	1
114682714977718338586	0	2
113172936350486247623	0	1
113027287369712034675	0	1
113464569897311842405	0	1
117937415022745482256	0	1
101145980349117737014	0	1
109329350502612958804	0	2
116995710336756123292	0	1
107408720924877751027	0	2
103095786308890475164	0	2
108384201920217141722	0	1
100519245975462538531	0	2
118369314436085435945	0	2
115595232870915667505	0	2
103012564142649561853	0	1
105756745201162965731	0	1
105040001333571511595	0	1
106711803105103787711	0	1
107494834634231938072	0	2
102616149286682191474	0	1
110054750107833929512	0	1
104178723837900724588	0	1
100879115281181648565	0	1
102089694494934693036	0	1
102640428740489674973	0	1
114536133164105123829	0	2
101062806117760486151	0	2
109959354295627734270	0	1
101348397943983026449	0	1
106453324149578946702	0	2
107055343031769974747	0	1
108099300904077351421	0	1
101169865857654555922	0	1
112652642866960214917	0	1
113117251731252114390	0	1
102936041566944563648	0	1
102873175118305865375	0	1
109619063322910077914	0	1
116992221479414639679	0	2
108470801637099721956	0	1
105875140491203787369	0	1
112750091316252656625	0	1
103911607910068922429	0	1
103473863573453096651	0	1
103805156272873540355	0	2
109533441517984298838	0	2
103391187270001716921	0	2
117283174365630308265	0	1
102383418437695456740	0	2
104962347070667053810	0	2
112837439401580368562	0	1
103899043917116388673	0	1
103719067712188912978	0	2
117728611187295597769	0	1
109507653225799908921	0	1
104522833443181754677	0	2
112516512312962070044	0	1
117513232055994920961	0	1
106115198697251921957	0	2
111327802952109899456	0	1
105547060999578080024	0	2
117673062930419636633	0	1
107013418740229269209	0	1
113826445430709315059	0	1
115143234371607892983	0	1
100661648032094165691	0	1
100377493270775536948	0	1
113583756750042981104	0	1
109813896768294978296	0	1
110913165455688349197	0	2
118029848541356213863	0	1
100774699436094132400	0	1
112993721830940208428	0	1
105437417633892264879	0	1
113901826228935709546	0	1
117178975214870026107	0	1
104548627795526843775	0	1
114045800510530461940	0	2
106586390584377828999	0	1
117614470593378431513	0	2
116272678334257287914	0	1
110974772585842612281	0	2
114231305708772868829	0	1
108169649974588976835	0	3
101082092468629957675	0	1
106758488395906535821	0	2
109066955810836133104	0	1
107542632252660344559	0	1
112546953300159727405	0	1
109698561708069608034	0	1
107281742023232478718	0	1
115571998474046088312	0	2
116975065059892451854	0	1
114354012741897211574	0	1
104102743248207705784	0	2
104014153016377817626	0	2
116008246625614132322	0	1
112314395542822752573	0	1
107028157462218372820	0	1
113097505984827795938	0	2
115851550445020159565	0	1
109799158691725472251	0	1
112063946124358686266	0	1
107526321116822867905	0	1
112780481781338103988	0	2
109128179703780508212	0	1
112798516308771746920	0	1
112230908306595970853	0	2
110523817332929215970	0	1
103115473754659376168	0	1
112333944070832643201	0	1
102755548808767411605	0	2
112529106092946833762	0	1
103197072119870191855	0	1
103472736050270620902	0	1
104129971305612636060	0	1
106176762220398854458	0	1
114424163811716070551	0	1
116034683958714362546	0	1
114153859732710523651	0	2
111983961140937248134	0	2
101059049290567215584	0	1
115811608074199996286	0	1
106327011702418086602	0	2
115471815788264818704	0	1
103011191893676285908	0	1
114764567692252908296	0	2
103349500671075907258	0	1
102307008290001893965	0	1
110804953626559077511	0	1
103139739049390572591	0	3
115404182941170857382	0	1
115512958737234042650	0	1
109776541085987843977	0	1
113625462103500841369	0	2
111413155182039517335	0	1
110286587261352351537	0	2
101988524032513457125	0	1
111562638514922412630	0	1
113811027296522835731	0	1
116640923223897011110	0	2
105228323457033543279	0	1
105665080337389619151	0	1
104384618198413714249	0	1
102312649610103790540	0	2
111553887229728062170	0	1
117884476143887009277	0	1
113684854375405108383	0	1
103895402092394980881	0	1
113427970254443655999	0	1
102315706662673946809	0	1
107982618909749811163	0	2
113847951893881070422	0	2
115537548124210290403	0	2
104045511944341391917	0	1
101832053372535369591	0	1
106661386135469061222	0	1
105152269532773681664	0	1
100784670873737717716	0	1
111962077049890418486	0	1
112960355294745822387	0	1
110505626196988840770	0	1
116303122205999176427	0	2
111699855306814304937	0	2
114390577443742844389	0	2
116354326277822099288	0	1
116197193480724162859	0	1
108586778317771300452	0	1
116161263828563383494	0	1
104112700502285331526	0	2
114208209189461132868	0	2
106567570642614609073	0	1
101006001190131292549	0	1
113097851206100618060	0	2
112537342335864964096	0	2
111095045247360522931	0	1
109911419351912426588	0	1
112582061365461975085	0	1
103481047858421470011	0	1
115409439975765947523	0	1
106133480923323663427	0	1
109654603268749269720	0	1
111267975895881595717	0	2
102377882249382281108	0	1
105456040831865657362	0	2
112422638382072847469	0	1
100989405473280437703	0	1
117622079686568464918	0	2
105637423694027427561	0	1
105273428597140573510	0	1
113420422244530728570	0	2
110592217550794732321	0	1
116642857391974581307	0	1
110853799830000374161	0	2
110843410200002459358	0	1
118391958784160529817	0	2
111240230493422963077	0	2
105164621447300845967	0	1
105630059876120763094	0	1
105813701068511899418	0	1
113247423264358423892	0	1
107429025521549453511	0	1
113027837615023628132	0	1
102920063140431683002	0	1
114618043230336563405	0	2
107307708524394964276	0	1
104316443417435189825	0	1
117000139571713536948	0	1
100884676252145293797	0	1
101155443773705571285	0	1
100605864222557374608	0	1
101012074427509537656	0	1
116616473522216111363	0	1
101517640605056528235	0	2
118197341263476239819	0	1
104486088524980775787	0	1
114634469290344215480	0	1
112401605196934673030	0	1
104600296217176278045	0	2
103100179087770804839	0	2
106497949182730964838	0	1
107105348072959327741	0	1
106453174920448111637	0	1
117101224208921567067	0	2
105380757076586578977	0	1
115590741447197562412	0	2
108058675047399135236	0	1
118229828410918651716	0	1
106990629754929211946	0	1
112754494243408214081	0	2
112082761712795823182	0	2
114954712448394413847	0	2
105873814765821560444	0	2
115304232819929344853	0	1
112944457855043984127	0	1
101437802758827481019	0	2
105046530334806680420	0	1
111172342770839497715	0	1
110209787594312878744	0	1
102365048688944919376	0	2
110806949181190360839	0	2
100764366777854207244	0	2
115105647022907007398	0	2
100025536618853941891	0	1
100142397094908216555	0	1
114242552432938641752	0	1
116944634206258122974	0	1
111310222808871521546	0	1
109074857816744029470	0	1
106880894893281296113	0	1
108584805279585306962	0	2
106078817258497259289	0	2
106472137404451336877	0	2
108218933035613051336	0	1
111033676716092524756	0	2
108904364100929057342	0	1
106986122404916886393	0	1
112133321375398608722	0	2
101704103161442695877	0	1
115726547290844905726	0	2
105271498619135161075	0	2
106100296973968329853	0	2
104836231516206450911	0	1
111294901335901191983	0	2
111124838372075709293	0	2
107399939660118023501	0	1
108907552935332685211	0	1
114228869493885222559	0	2
100372135633760991915	0	1
100458658122301138710	0	1
113213251117183229314	0	1
102190493246946072611	0	1
116212742289120186494	0	1
115635783790203857600	0	1
112961270204495595553	0	1
106545858710032910387	0	1
109828573684213237175	0	1
107528636311068687610	0	2
104109881446393419681	0	1
109471555458439950280	0	1
113186623583029971455	0	2
118208834515255752193	0	2
103586615087663445665	0	1
110831145427311371794	0	2
108281923609340751312	0	1
117565720961223389542	0	1
103045146129358694642	0	2
112957708071337353347	0	1
115105261814682314372	0	1
115892016102825426276	0	1
103875258484706784219	0	1
116610527104514904972	0	2
106359487807208915036	0	1
103155291053045215105	0	1
104284466618076664967	0	1
116602440485633829540	0	1
110727249496967897430	0	1
103558652341658229842	0	1
114789800183078016840	0	2
104660118116124484869	0	1
116182046833529036082	0	1
103731328851511193776	0	1
110736766605143487896	0	1
113400351102255476238	0	1
102349305007676725479	0	1
103254975978184665893	0	1
112011605270017123101	0	2
117861338670157326726	0	1
104206303867855369291	0	1
110806755301520450833	0	2
104241567849916091297	0	2
100313918372780761690	0	1
107051820498210074676	0	1
110287894893102510451	0	1
110495386740742342449	0	1
103560656277017207470	0	1
113884226784793043606	0	2
118320665823821681206	0	1
103293516438378653921	0	1
106573170491455105558	0	1
106255898978966943774	0	1
117940797281312243002	0	1
100374471858201089068	0	1
102782208988867787652	0	2
109892778117736265351	0	1
112104018110702208083	0	1
111402923913640845655	0	1
108924136210249299218	0	1
107666763867025993454	0	2
103589891874297491840	0	1
116375213592391711467	0	2
117603418437094018321	0	1
117515473779410749289	0	2
117917773101956000289	0	1
108770025895417156764	0	1
108920368855876462204	0	1
116042504805817667580	0	1
107119940474246316259	0	1
109310085097774390482	0	1
101886706065800845176	0	1
113683490470081810441	0	2
109788364985180710349	0	1
101483533411566453214	0	1
102027569173802121272	0	1
112369916221417513808	0	1
103330025858600351508	0	2
113295592665136557949	0	1
102213916597870559596	0	2
105635031252803626892	0	1
108092487151722513439	0	1
103847233025626346610	0	1
108112557629934458248	0	2
111789849226621844437	0	1
105670280103726644454	0	2
106101171484709507565	0	1
112932480074118093875	0	1
105186369823013844219	0	1
107430862196617669986	0	1
111819236720804784066	0	1
105013324302057228724	0	2
114951153220032017716	0	1
111988916680313318873	0	2
101586550030071389138	0	1
112366735963271550830	0	2
105786329165387175660	0	1
112732938301956933096	0	2
116422773158129145495	0	1
117286129892471389479	0	2
102698568624233195241	0	2
103384762815820358744	0	1
109130420645194541096	0	1
113312854563757825890	0	1
117880813751228693103	0	2
108588076582379537686	0	2
108851026326071355993	0	1
112613093816315021818	0	2
115876313538796651168	0	1
117944539673553852609	0	2
102591124120451814448	0	1
101543670415067571902	0	1
111935860955005881764	0	2
108904607472189043979	0	2
110924681541917174512	0	1
113102854369709041551	0	1
113490041785449486666	0	2
118391323892426354857	0	1
116483744752939586910	0	2
111049614526359261184	0	1
108551811075711499995	0	1
110584481927562150689	0	1
118277244518426914413	0	2
109193674823031718540	0	1
112909430894304899898	0	1
114723964985237592593	0	1
101791177624236997185	0	2
103370783421083020594	0	2
114767803040499829479	0	1
109059323985123972456	0	1
113434799782645457166	0	1
101035826385641005690	0	1
100580203868390239075	0	1
106539835304510344813	0	2
114927294217645926989	0	1
113384378468645669628	0	1
106499409180130178424	0	1
107737400023695101758	0	1
108189481625587435470	0	1
116426599319620195799	0	1
100715328241636136414	0	1
101854596522140504619	0	1
111863738350828395915	0	2
110486517623939606418	0	1
116971095029701257834	0	2
115614791007645952267	0	2
116056482297838775754	0	2
108096298177137829845	0	3
103984263629438381785	0	2
100477468779103147764	0	2
106448502258162613710	0	1
109340710049957632144	0	1
107733269574737813168	0	1
109035337652288604892	0	2
113450963153809629492	0	1
102365188638805021921	0	1
114991304070189283747	0	1
107788883146545236198	0	1
108152252385291870699	0	2
115087934048348184516	0	2
106443907091700441804	0	2
111285782175840598932	0	1
112528443699803395789	0	1
110889597904569758528	0	2
114560775592626469551	0	2
103855721758679327070	0	2
105149372392469422435	0	1
108526365131194237973	0	1
104830744452856998976	0	1
104441415299714065572	0	1
115976423587510251932	0	1
103997551385961498986	0	1
102604554618567108175	0	1
106420269962430318959	0	1
105183263336863590364	0	1
114839663135720829360	0	1
116682290311789132796	0	2
115601680394653074259	0	1
118224776879738188902	0	1
109014182524802241196	0	1
103533326117556337218	0	1
117617463050753227430	0	1
116672392011502086691	0	1
114683515979385250025	0	1
118330182822352792688	0	1
106717946845088683921	0	1
114002457157846233540	0	2
101242211630677785896	0	1
114023795588703135881	0	1
104511349499540623654	0	1
116046131107486389598	0	2
105771516686557171626	0	1
117014479760196230247	0	1
113622504050183066162	0	1
111141944938744219805	0	2
102601648945820979338	0	2
101732605149957891826	0	1
109139639454066616071	0	2
104531828804862316762	0	1
107437828315539608538	0	1
100523784851251213675	0	1
113531415437983740096	0	2
107876615810858105870	0	1
114482821185152912812	0	1
111747381273060022672	0	2
117514464753153422778	0	1
105482021437464314848	0	2
103466006707114376865	0	1
104304812570369572837	0	1
113184595510418962357	0	1
108176814619778619437	0	1
117690673854187012438	0	1
114524640852173748484	0	1
106417723185620306671	0	1
106526737947007406923	0	1
107018066359183517628	0	1
113406536089192162223	0	2
102017036366745257635	0	1
117125550255177987857	0	1
105779560824580764120	0	1
117420368760274729369	0	1
112752392655402564129	0	1
108541332650490652167	0	1
110286141446904173472	0	1
118081484673857867282	0	1
117670636409478368206	0	1
106020745084647886919	0	2
109901332639702690169	0	1
105817808411979724233	0	1
106245708073909716431	0	1
116217543656262200291	0	1
113522167310199103094	0	1
102117093789730100872	0	1
102528718122061029071	0	1
110982103837515711455	0	1
118020706658509952016	0	1
100001460601553769984	0	1
101062426971907362935	0	1
108195942879356572530	0	1
115647033908194984232	0	1
106506966828595242496	0	1
102583849990761016900	0	1
111914287835055721452	0	1
105174659514557165440	0	1
101653113390846615049	0	1
102837097678487480685	0	1
111824654238694308207	0	1
101027357120673263054	0	1
108729164162563480433	0	2
113262975997169895795	0	1
102518571087840972824	0	2
106896148347206283152	0	1
102420807080086585113	0	1
111499016778755078481	0	1
112390801806756526691	0	1
105879049633297036954	0	1
111406933001277454718	0	1
107625658878407076244	0	1
100438721742151441706	0	2
106098018662051013999	0	1
114725410996879442582	0	2
106555777597023196484	0	1
103333192131344312115	0	1
113687916808174552540	0	1
118085624544356918546	0	1
112299693545555076607	0	1
115335950996004437286	0	2
109147614746022635692	0	1
102572320061138442096	0	1
116140925147837861736	0	1
104487223275138277820	0	1
104770776614693816879	0	1
104944128365441598365	0	1
118164441818555589158	0	1
109914328497683240050	0	1
114125059648511830046	0	1
106255658003200235503	0	1
111397628815301589258	0	1
105485669729443905039	0	1
116211042956302492886	0	1
104631587888354136367	0	2
104870203592532369589	0	1
115396639452469509832	0	1
105908255425370868240	0	1
116515627288174691729	0	1
101127849472046131831	0	1
101371617406438805612	0	1
105846917401692687194	0	1
100940526701263911236	0	1
114191845470735084297	0	2
106737452392271403669	0	1
111101593428695421603	0	1
115855823336434851063	0	1
112171239641231279964	0	1
101302643018559111382	0	1
105155765336297774634	0	1
103614891582957065589	0	1
105019697110407738154	0	1
110765037159669773691	0	1
111341805070244323186	0	2
107165908810199816527	0	1
108591061972426746298	0	1
106501988136092543170	0	1
113815496175227038563	0	1
102646278174713579067	0	1
106336287464172898487	0	1
113433821486381172445	0	2
108187313492122620620	0	1
115078520436774133103	0	1
115143221847216992108	0	1
110042512432413772727	0	2
112477381832788364129	0	1
103521633969068936366	0	2
101494140056866451800	0	2
107538503004482952974	0	1
117317286889733005082	0	2
100651621769656849775	0	2
113139726938588189465	0	1
112478242703226073317	0	1
103322096164320811619	0	1
105526124362694536693	0	2
109213355974494564760	0	1
110574822689595754039	0	2
104199015136082090302	0	2
114578606828311548159	0	1
115538552611628257906	0	1
110306109330997347334	0	2
105946667378470614393	0	1
107707592416977920764	0	1
113216425001363110392	0	1
101538285986829851250	0	1
101423581602122657410	0	2
116825741227317431763	0	1
111440955529874041575	0	1
107889033183448999512	0	1
112871617630543116034	0	2
104311940881813130460	0	1
102018898087387796026	0	2
103875028402395166562	0	1
116287578549876401196	0	1
117239532221419036473	0	2
103684974087620751394	0	1
104392551078829652132	0	1
104606614753457778918	0	2
105423752657290675302	0	1
116848436511235870425	0	2
113383813123340121401	0	1
112646196958104261911	0	1
106009870155634334044	0	1
104485759965014141563	0	1
116062862517105973396	0	1
106720944939487995474	0	1
117186458716523937136	0	1
106407963814165910213	0	2
101864227520872162962	0	1
112829764821993700345	0	2
118153417237614725639	0	1
106687590803153376067	0	1
117689362923608221663	0	1
113806177849921829659	0	2
105365868178570492752	0	2
117831026683660485392	0	1
103762780789789554804	0	1
114443641173383728375	0	1
109865957091863414767	0	1
100915648524438138086	0	1
114181689801575858831	0	1
116782192572708139607	0	2
114338217792003600242	0	1
113130982744594973187	0	1
116791043395188182018	0	1
110648594340284410438	0	1
108842492591796792953	0	1
100745493383537483255	0	1
106419752011171815265	0	1
116368643187778599226	0	1
118439893102421656380	0	1
101606040925310416308	0	1
112614367259340988369	0	1
116929145821864917460	0	2
106777383482946175314	0	1
108486058508775411585	0	1
103379945640198599272	0	1
112786527053466874529	0	1
108182489610762944351	0	2
100473530312870132359	0	1
110653793186123760342	0	2
106018807891386594468	0	1
109345865429707844168	0	1
108588751727024372704	0	1
100852581940874962696	0	1
101358589654375245794	0	1
114606840138307413488	0	1
108533366695714736629	0	1
113814992016595479383	0	2
109657624862688852375	0	1
112475322316238921721	0	1
102112604159730445155	0	2
115020920324331583957	0	2
116550909178789460578	0	2
103279632015128042033	0	1
116064697858658041913	0	2
108960343477388551490	0	1
104857187449120013195	0	2
102321872757613122216	0	1
113300624771589574183	0	2
106658307914823622919	0	2
101233228644581803003	0	2
107671625306995512637	0	2
112282212796964740130	0	1
111679645452844346991	0	1
107747666102379771298	0	1
117847265991358523564	0	1
116330158256055749293	0	1
112306059068625832413	0	2
105543191633766018829	0	1
100556601650639886249	0	1
108575961322871913333	0	2
116029269102895861742	0	2
105502178297258827378	0	1
110318605951745221686	0	1
116812762688600853980	0	2
100971125275713770542	0	2
104635450513456833657	0	2
117399283230241619463	0	2
109206587809241363984	0	2
114214914400880572406	0	3
103761102792991856239	0	2
109420348171622152415	0	2
102570715711101388768	0	2
101214390565708255235	0	1
115623176856763041386	0	1
108587007911875191407	0	1
115650187969419363775	0	1
110260819216764293211	0	1
106666286942486884280	0	2
109896764299719102648	0	2
108585423257429256847	0	1
114016935534584412118	0	1
117856339128517887550	0	1
115360845624240335856	0	1
111219661882020802879	0	1
113159644397994769684	0	2
117682073377635126182	0	2
101960508388956246195	0	2
117894184915786244563	0	2
104968353652235569105	0	1
101898177078906550933	0	2
