#node_label	#score	#gender
104681313125038107957	1.0	1
113144823789808386639	1.0	1
105291496736922963821	1.0	1
117856233971028148532	1.0	2
111654929053609347173	1.0	1
111041499621786268955	0.5	1
109710815417568411564	0.25	1
108065304398648112883	0.25	1
105489064367742025310	0.25	2
101640695827845658690	0.25	1
111455687366448679827	0.25	2
101219011473929582951	0.25	1
115422160411497346366	0.25	2
106162381089984978148	0.25	1
106051568355457229284	0.25	1
109410878385939067590	0.25	2
104405539079062799451	0.25	1
104931142412008266893	0.25	1
110782475313659502570	0.25	1
113684228229434604484	0.25	1
117061167507565981194	0.25	1
113898697956458882832	0.25	1
114297827847868585824	0.25	1
106649978359921982022	0.25	1
101794235393148527635	0.25	2
104472936943065371401	0.25	1
110773803259540901049	0.25	1
106560723413305817776	0.25	1
111469521680075398185	0.25	1
104580212382911455402	0.25	2
101386134866913345039	0.25	1
117943662392322869684	0.25	1
100583643768601491449	0.25	1
101952976429462756517	0.25	1
107568429172151787117	0.25	2
102174521044350449504	0.25	2
117661886343564536364	0.25	2
114534858979559033885	0.25	1
109300236710784398026	0.25	1
107040353898400532534	0.25	1
100463344564987045291	0.25	1
113983863075069397753	0.25	1
110404902994335579225	0.25	1
106772544387169323774	0.25	1
110101984758324108622	0.25	1
117926786231765219652	0.25	1
100674343522890405554	0.25	1
115121555137256496805	0.25	1
115595685535906979585	0.25	2
110751695775382369581	0.25	1
105683277396811922238	0.25	1
109147535954110669362	0.25	1
116307641040925480849	0.25	1
116931379084245069738	0.25	1
108386181580147593640	0.25	2
110030785937387976074	0.25	1
108254075827001913733	0.25	1
115585398292418640701	0.25	1
110971402089598856956	0.25	2
102584411590523178276	0.25	1
111972311379491101006	0.25	1
103763319834242373359	0.25	1
110897184785831382163	0.25	1
114147483140782280818	0.25	1
100183483443926370553	0.25	1
107836723567496169578	0.25	1
110027004095881437689	0.25	2
108108574268475040130	0.25	3
115698389105552718509	0.25	1
113511279752012786991	0.25	1
100066493310937980219	0.25	1
103174148753240088636	0.25	1
101900299178799457829	0.25	1
111363408492125942951	0.25	1
110974764524772125027	0.25	1
106492558827038890140	0.25	1
106168732854414794326	0.25	1
101995834967238906264	0.25	2
114516047414042281846	0.25	1
112228182645210947167	0.25	1
106650466692539321224	0.25	1
100853116348023706122	0.25	1
108801899952694316017	0.25	1
105837942718978017000	0.25	1
106728288712777899597	0.25	2
107590093667978669374	0.25	1
100382758901355515850	0.25	1
111818863627248751353	0.25	1
109027288459519863918	0.25	1
114643933805348688905	0.25	1
117583077636944680094	0.25	1
104984388845115004014	0.25	1
113686782180283744983	0.25	1
106486933038664842533	0.25	1
102773303718674098148	0.25	2
115023834238558979464	0.25	2
111886812347666956312	0.25	1
103612871313139094390	0.25	3
108542426628002931624	0.25	1
101258241687735204088	0.25	1
114076808699451980297	0.25	1
117337958158952242811	0.25	2
105518467693654116370	0.25	1
104961406012654314344	0.25	1
100103465085338581870	0.25	1
116724326485167794874	0.25	1
111673843526650323120	0.25	1
113746091734601414332	0.25	1
104689782038901384658	0.25	1
115435548586239976642	0.25	1
116586021208103069989	0.25	1
104166683851434520973	0.25	1
102847333754404980725	0.25	1
113233389612985967769	0.25	1
116560626228143924561	0.25	3
111456676695879893379	0.25	1
111607980817245877657	0.25	1
109504007463132729006	0.25	2
112463391491520264813	0.25	1
112508589247432380775	0.25	1
104015870160096329227	0.25	1
105370949868064032367	0.25	2
109001665669562443167	0.25	2
107583917023806019934	0.25	2
105700898291566225808	0.25	1
115640615149344329531	0.25	1
107889816939032412666	0.25	1
101649892839036081330	0.25	1
114584762783017828869	0.25	2
111760848883991243199	0.25	2
103850759574847404595	0.25	1
114989098799686222520	0.25	1
117507030172606733553	0.25	2
112092526384728873892	0.25	1
114565690168187360347	0.25	1
106343379607573256044	0.25	1
116040034931930295896	0.25	1
101939235127214488746	0.25	2
100146646232137568790	0.25	1
115592016065916157642	0.25	1
107042962225166094348	0.25	1
100034852139736181861	0.25	2
109853413230810653167	0.25	1
104898587305394183349	0.25	1
114118785361712936713	0.25	1
113340344488226387361	0.25	1
108883879052307976051	0.25	1
117115495439924792722	0.25	1
117500723574087130516	0.25	1
106220600090297128338	0.25	1
107700027720351417295	0.25	2
113858797523322684974	0.25	1
114302252107350810618	0.2	1
105956085189350883635	0.2	1
116468065012053824997	0.2	2
102716016615896844516	0.2	2
118120364585932387777	0.2	1
110788689115113965536	0.2	1
101052415474088088042	0.2	1
111925802087694731213	0.2	1
100771715351072186974	0.2	1
103010623870105850796	0.2	1
107155666869509300116	0.2	2
114753028665775786510	0.2	1
116664720616953038794	0.2	1
100246857434952148531	0.2	3
109931117392620460235	0.2	1
113856049930874439834	0.2	1
109234384849465502427	0.2	1
105719631874959534533	0.2	1
109711695279713073079	0.2	1
103746374990012367761	0.2	2
106029647376914827875	0.2	1
108996544087015457511	0.2	1
114519877662741226877	0.2	1
109201681846030076792	0.2	1
111040307460984594964	0.2	2
118397076932833463637	0.2	1
101309028361444868427	0.2	1
113311736332375450968	0.2	1
115484551319269885419	0.2	1
104013861208398453393	0.2	1
116315897040732668413	0.2	1
107472474647563857708	0.2	1
112829233906811093453	0.2	2
101133961721621664586	0.2	1
117122019877222984978	0.2	1
104013835962992611989	0.2	1
116752430140002474933	0.2	1
102797282754102517671	0.2	1
111048918866742956374	0.2	1
107874746796337550168	0.2	1
112345958146857992786	0.2	1
116382308787245224752	0.2	2
101864396496190786141	0.2	1
100978065283573869433	0.2	1
118301801570268856235	0.2	1
117611598050056394071	0.2	1
110809308822849680310	0.2	2
113965223929399086601	0.2	1
104119608064940163872	0.2	1
105076678694475690385	0.2	1
115579964393566359759	0.2	1
116033514987434864583	0.2	2
113295924833137559344	0.2	1
104083575431673498073	0.2	1
104582989139453412735	0.2	1
102505465304927131825	0.2	2
108557531309397355660	0.2	2
104462130249877869019	0.2	1
109809835379677001002	0.2	1
109109427803573497734	0.2	1
100639045969948187573	0.2	1
115106448444522478339	0.2	1
109475113854351579364	0.2	2
113116318008017777871	0.2	1
100612175927429294541	0.2	1
100110537394626624225	0.2	2
116443652834120037299	0.2	1
111491240199664202851	0.2	1
117052107038197839303	0.2	2
113406267607197102154	0.2	1
105138258772426186650	0.2	1
115313009766208968489	0.2	2
101005240119432390037	0.2	1
115060764177333865993	0.2	1
115937548467085433876	0.2	1
101133651736281167821	0.2	1
104610961097405033600	0.2	2
112339769006469685593	0.2	1
110243053391500821936	0.2	1
107033731246200681024	0.2	1
100320897009613891330	0.2	2
104284408884410847470	0.2	1
103226166584311556924	0.2	1
112547381334151121538	0.2	2
110949593008249877992	0.2	1
111255771376472899738	0.2	1
112707199408484711520	0.2	2
111167107173528955920	0.2	1
101869954449217888195	0.2	2
118100431113189415658	0.2	3
112612655408342271262	0.2	1
112726038360301567381	0.2	1
111646509083683788507	0.2	2
106421499646188057113	0.2	2
115376804135318461031	0.2	1
100535338638690515335	0.2	1
117395848326661456071	0.2	2
107650271986223730197	0.2	1
111934870080286978648	0.2	1
100732792168944455620	0.2	1
116460283963511055224	0.2	1
116895968072095533315	0.2	1
107799653538351180710	0.2	1
117381847196294653342	0.2	1
100095669250946685587	0.2	2
113842444453130095060	0.2	1
105923444935781830787	0.2	2
108220875085446444388	0.2	1
106143425977005266863	0.2	2
117211684265062177782	0.2	2
114122960748905067938	0.2	1
117110782635546264962	0.2	1
111215626086255858123	0.2	1
116601386475273901307	0.2	2
109140277806644720261	0.2	1
102220865579025018688	0.2	1
109122539496160679247	0.2	2
110649446288671329044	0.2	1
114923843406792613312	0.2	1
110318982509514011806	0.2	1
103441445293352388059	0.2	1
103375542801396350118	0.2	2
114301088526097505896	0.2	1
104615036373699865786	0.2	1
107668018853508633698	0.2	2
110515467505143177927	0.2	1
117370659306066821697	0.2	2
111058843129764709244	0.2	1
113524745665911089922	0.2	2
109617760974407970618	0.2	1
110541006149666996423	0.2	1
104283135996517762781	0.2	1
100026978292580436104	0.2	2
114963335823650717178	0.2	1
115846057510297592992	0.2	2
102197539546244738811	0.2	1
108572834524031744599	0.2	2
105333932692346530286	0.2	2
108843557493906810747	0.2	1
111791756593831541965	0.2	1
108249033825653625110	0.2	1
110456453592220725136	0.2	1
117421021456205115327	0.2	3
111402596168371767684	0.2	2
103235412042557128838	0.2	2
106002545837976723927	0.2	2
118249005460047214792	0.2	1
110850053497623693908	0.2	2
116772708792764352748	0.2	1
108797840083484244237	0.2	1
115949235079382739229	0.2	1
115825939814664654654	0.2	1
117388252776312694644	0.2	1
101009365152868438857	0.2	1
106382433884876652170	0.2	1
109542090307382113085	0.2	1
109210006696205769848	0.2	1
107900405783440990329	0.2	1
109130886479781915270	0.2	1
112931539494181042672	0.2	2
102520546515811421783	0.2	2
101841421780149979246	0.2	1
100327017863569781027	0.2	2
111506512994181681852	0.2	2
103072529277586365615	0.2	3
105817630423151737931	0.2	2
109089109249026938015	0.2	1
105533333914146275127	0.2	2
100624727845704565233	0.2	2
114474430480291112556	0.2	2
103576391129733124960	0.2	1
100974258168375166691	0.2	2
105611889600461566935	0.2	2
106890225437412284292	0.2	2
112929717560661562705	0.2	1
103861741370066605527	0.2	2
112491721997256055519	0.2	1
116563127088683051053	0.2	1
100580869289139873605	0.2	2
107126665887970596868	0.2	2
107198367758220837144	0.2	1
109596373340495798827	0.2	1
103895106281619011477	0.2	1
101119568117646041384	0.2	2
106519253237690493844	0.2	1
114778355221904601456	0.2	1
114265993391305855027	0.2	2
104987932455782713675	0.2	1
103294418624820015984	0.2	1
116407635616074189669	0.2	1
112376246394214112354	0.2	1
109452069106231674514	0.2	1
100126627645946546637	0.2	2
114069665283616820306	0.2	1
109054447517972971749	0.2	2
101875155295931881096	0.2	1
103546926925384214533	0.2	2
111947940749970154249	0.2	1
107169475135045361140	0.2	1
117366513286775122685	0.2	2
109835770814261102857	0.2	1
111037600142684781907	0.2	1
107616004689267622698	0.2	2
114597319730525198453	0.2	2
102382264512943710946	0.2	1
108897363724526154071	0.2	2
105735158965333960126	0.2	1
108593190202966625738	0.2	3
104871953044283157303	0.2	1
106447815582714534989	0.2	1
108564774959534277266	0.2	2
105544551758131320763	0.2	2
107742059751171695340	0.2	2
103952215474318614668	0.2	1
102048504370862809335	0.2	2
108082478497335384404	0.2	1
113685396793399078779	0.2	1
101174951617223562800	0.2	1
104293486091543277848	0.2	2
100319197841789445348	0.2	1
100543915434240188405	0.2	1
100498091085142703743	0.2	1
112276589013569458330	0.2	2
106573120028719251238	0.2	2
104516819846796601045	0.2	2
105713223960534386075	0.2	1
115604980276640526941	0.2	2
110183897431869053927	0.2	1
112019123401777431250	0.2	2
111532818340136087829	0.2	2
108974332805469606008	0.2	2
116304368527992037535	0.2	1
105461498993551154531	0.2	1
100420432693411136134	0.2	2
117327973844438638644	0.2	2
105225422363322486787	0.2	1
107308460013033893888	0.2	1
112241237332726481303	0.2	1
110899709105002539146	0.2	1
106790394183446968954	0.2	1
116267384604818495277	0.2	1
111091089527727420853	0.2	1
109539283464395605833	0.2	1
108417129586581977230	0.2	1
106770567157632807411	0.2	2
109732436882325155852	0.2	1
110114935716311099739	0.2	1
108376791906694810707	0.2	1
110318861168574736733	0.2	2
118246412183062133215	0.2	1
112374836634096795698	0.2	1
108543151681912562199	0.2	1
100074919848611839400	0.2	2
111554675602464825364	0.2	1
115633934578783827271	0.2	1
109052925792703772530	0.2	1
103150328351925153314	0.2	2
113319159110232925568	0.2	1
113072597372460461083	0.2	2
111024534037769372298	0.2	1
104687153164320535276	0.2	1
112313253725497283137	0.2	1
115106680289932322561	0.2	1
105713497706843136406	0.2	1
115480964182902200631	0.2	1
116375325352702759007	0.2	1
100423032669546945388	0.2	1
115622466243011136115	0.2	1
108968814832775860185	0.2	1
110213253066194075593	0.2	2
109177683659525760187	0.2	2
113506158551051150184	0.2	1
106352257888200427693	0.2	1
114893401725193022038	0.2	1
100534538476255700203	0.2	1
110538901086027880345	0.2	1
110385399973090519138	0.2	1
113834587012086251099	0.2	1
100987391497734635499	0.2	1
103333429938529668020	0.2	1
112724573277710080670	0.2	2
107797841320768724118	0.2	1
107867156406223055623	0.2	1
110351006045593232796	0.2	1
106980687849423472398	0.2	1
111296662143052404981	0.2	2
115572179929649580650	0.2	1
104006492522882843765	0.2	1
102047235722599238460	0.2	1
103399926392582289066	0.2	1
105502506545735279423	0.2	2
106934251907455613728	0.2	1
115284179431042979728	0.2	2
114661464069094105027	0.2	1
112995526873937214223	0.2	2
117331808257687364008	0.2	1
111775909611846609731	0.2	1
100807263637256073175	0.2	1
118011147388143275078	0.2	1
116877098752708522621	0.2	1
113612996485664648369	0.2	1
112782918624193380413	0.2	1
100324134371388101482	0.2	1
118212287532576682853	0.2	1
111635150542674847021	0.2	1
114680304778927082590	0.2	1
113612428039463520964	0.2	1
104325656887911947406	0.2	1
109736705930172082605	0.2	2
106966983060078133832	0.2	2
100258208745065110297	0.2	1
102504593075332983213	0.2	1
108787973708482800047	0.2	1
111952796216339657629	0.2	1
103220667140231986003	0.2	1
101849794562141574206	0.2	1
104671914836231031239	0.2	1
117611181638655435522	0.2	2
110239129777450747286	0.2	1
111691214550969051893	0.2	2
114149296801704936672	0.2	1
100460370350549005348	0.2	1
103811986080200855963	0.2	1
112650348159434958899	0.2	1
108172399301749850632	0.2	1
113364856660738963998	0.2	1
102097892256472472261	0.2	1
111023773669087114764	0.2	1
108478416849454260285	0.2	1
101694481642682809522	0.2	2
116492197199806481638	0.2	1
103232742995020421781	0.2	1
104415313676651036719	0.2	1
114707910756425953932	0.2	1
117297329295419308855	0.2	1
100281903174934656260	0.2	1
117227223410553236894	0.2	2
111881068300905922498	0.2	2
117484352468587338564	0.2	1
105709083169353686738	0.2	1
101319199068187021366	0.2	1
115645819756954392135	0.2	2
116532865535007454054	0.2	1
114070067704581747667	0.2	1
109774483202796179482	0.2	1
117568186303073941488	0.2	1
116518724508845550802	0.2	1
114248789033154861895	0.2	1
112336147904981294875	0.2	1
111631495110609527532	0.2	1
114250946512808775436	0.2	1
106775609116257959283	0.2	1
106765350556195002063	0.2	2
115263213809531051013	0.2	1
115780925498881394226	0.2	1
117045807467258596709	0.2	1
112096452019880296072	0.2	1
109206112446829801615	0.2	1
106783444616695334013	0.2	1
111454930036450952873	0.2	2
118041656720661625063	0.2	1
110734946218641679352	0.2	1
117761933838233395836	0.2	2
106500517318873656493	0.2	1
115029186078239273995	0.2	2
106416716945076707395	0.2	1
104959239343823460659	0.2	1
113780949990807866260	0.2	1
105616606109443088514	0.2	1
109939200351644747576	0.2	2
107776381757881810293	0.2	1
106036588985851683922	0.2	1
110204181654158627767	0.2	1
113458122625988620721	0.2	2
102942054433646692990	0.2	1
117162241494948098425	0.2	1
110815228753558444774	0.2	1
116858411518207742762	0.2	1
105248484118148978714	0.2	1
100198789462126553771	0.2	2
107291597301180930128	0.2	1
100342703577899262613	0.2	1
102678393959907040814	0.2	2
117215723373909217592	0.2	2
114022908309550436228	0.2	2
114503806689722509896	0.2	1
104825585464283184757	0.2	1
103274064524957433652	0.2	1
118114557675104381720	0.2	2
113946715443571015123	0.2	1
109697959737050788452	0.2	2
104594886028138157479	0.2	1
114901178377784482782	0.2	1
105385121146604084854	0.2	1
105405650077092541765	0.2	1
105790774404543863872	0.2	2
115403856867272859027	0.2	1
103175943655717888560	0.2	1
110613220973177529090	0.2	1
115228292752886223002	0.2	1
102210416669749405961	0.2	1
106964361259992368482	0.2	2
111183594426705071492	0.2	1
109611870475725745476	0.2	1
109204587154963604740	0.2	1
116714549782888329318	0.2	1
100767936419192820614	0.2	1
115648054840814963877	0.2	2
117018669020854304094	0.2	1
110886445140146737204	0.2	1
102277738523009646368	0.2	1
105474544524715065767	0.2	1
107925874955413651119	0.2	1
118146622799388835070	0.2	1
103462873333877980961	0.2	2
105398101580254540818	0.2	2
117377434815709898403	0.2	1
116583912742289922674	0.2	1
110091950794232078809	0.2	1
115053287304424638334	0.2	1
101410946952857953555	0.2	2
113118497674029435263	0.2	2
117024479462054977196	0.2	2
114492520059525754665	0.2	1
108270712126515524163	0.2	2
100123654767450651613	0.2	1
111045659538457768080	0.2	2
118370548304204473212	0.2	1
107426763078329790961	0.2	1
101291101232846883299	0.2	1
102180346606354189992	0.2	2
104553271580398250441	0.2	1
103135699585421857716	0.2	2
104973761519912571719	0.2	2
101238990818891686446	0.2	2
105216491640488683417	0.2	2
106358367842810848008	0.2	1
104306576355914418536	0.2	1
116076186919541013139	0.2	1
106104829380579331632	0.2	2
100348624348633155177	0.2	2
114766231675575465775	0.2	1
110462336660011602850	0.2	1
108532474643815964591	0.2	1
109376962838362029925	0.2	2
116497021361001964326	0.2	2
116636106747136322254	0.2	2
118058190656544363387	0.2	1
112607311634292542515	0.2	2
101243327427639243853	0.2	1
111076953526963666185	0.2	1
112073853857133821880	0.2	1
105425436963670047433	0.2	2
108365807612905030742	0.2	2
112866654582569623557	0.2	2
103326213267122761442	0.2	2
111922870999029775190	0.2	1
117474473270416055253	0.2	1
116317840227228923696	0.2	1
116230445996573198265	0.2	1
108258291530489905301	0.2	2
115174457819914037873	0.2	1
102074611431320747691	0.2	1
104147032621576433590	0.2	2
111221452655555194574	0.2	2
109899289749426927448	0.2	1
108246051084961773687	0.2	1
104585753391420059111	0.2	1
112281789060322139278	0.2	2
115469260937373930959	0.2	1
100989072911857449531	0.2	1
116030016619269802791	0.2	1
116056645771775490363	0.2	1
115470498364726846205	0.2	2
100855797004917861250	0.2	1
109344878669729620500	0.2	1
114730432596122923913	0.2	1
116388668762198604003	0.2	1
111126557324934039853	0.2	1
110108003269282467898	0.2	2
117698165607464864806	0.2	1
118108930161535398806	0.2	1
116962569222236871012	0.2	1
111056430671032790703	0.2	1
110307374557637574438	0.2	2
108268243474237075283	0.2	1
113806314825655138485	0.2	2
117630229561942987720	0.2	1
117319035865867067648	0.2	1
111288574156818690676	0.2	1
102143342772805415582	0.2	1
105213991914461740211	0.2	2
101143297920728999748	0.2	1
117807916297689738572	0.2	2
116097255618551573852	0.2	2
116337470434095717442	0.2	2
108491639800670333016	0.2	1
105937033414581870773	0.2	1
102750343066382220924	0.2	1
102615863344410467759	0.2	2
112155586707055024969	0.2	2
102618047349606277909	0.2	1
114155197297532860732	0.2	2
114429919338382119172	0.2	1
105242052952566062929	0.2	1
114393811815013794007	0.2	1
104821227150934037021	0.2	1
116136493159737539056	0.2	2
103739686836221835119	0.2	1
100751529912611655620	0.2	1
103030116155431184588	0.2	1
106493780402278226735	0.2	1
111323897579126907221	0.2	2
108575466774226882873	0.2	1
115162893866271034521	0.2	1
108316670838828910396	0.2	2
106052208249566038048	0.2	1
110077524130470245304	0.2	1
103386690924806132666	0.2	1
116497426323733343074	0.2	2
111824097364014404704	0.2	1
115612573999584736599	0.2	1
102139087810276881231	0.2	1
108932788008800738020	0.2	2
105966702668067411573	0.2	1
115637606932362704305	0.2	1
104087632674419172411	0.2	1
114407290472947588380	0.2	1
112609707132237166620	0.2	1
107896119522288288895	0.2	2
116609148838132571735	0.2	2
115665147773049983469	0.2	1
103497757934673238089	0.2	1
114752870863000007466	0.2	1
118060195966019127791	0.2	1
115616773717685101559	0.2	1
107332232527606860180	0.2	1
115880631384458445368	0.2	1
116082161859384164954	0.2	1
102991700177087923792	0.2	2
106081467805593191866	0.2	1
117903011098040166012	0.2	1
106463618470062510615	0.2	1
112461973305145246263	0.2	2
100600296109870105203	0.2	2
101357436102085554130	0.2	2
109368654259427988906	0.2	2
109689479493494802606	0.2	1
116723373737296001908	0.2	1
109855486708163855699	0.2	1
116278579087001151548	0.2	1
116531647672725843929	0.2	1
104323674441008487802	0.2	1
103958441795544241153	0.2	1
115348165346093067745	0.2	1
104445944003378782917	0.2	1
105210419281249176500	0.2	1
112623722232653545872	0.2	2
103038287804535196503	0.2	2
112016573893269448710	0.2	1
111372220218982190595	0.2	1
105557068601771362265	0.2	1
106660499961741445550	0.2	1
111602709021210246463	0.2	1
108982883229977670497	0.2	1
115247608951397394559	0.2	1
101408182172556224625	0.2	1
111055274542433547120	0.2	1
108828558750746245168	0.2	1
100382076211124259598	0.2	1
100644338456964460622	0.2	1
102470915451234382035	0.2	2
116825083494890429556	0.2	1
104073909730453830293	0.2	2
109361948459363896224	0.2	1
116796222911499663778	0.2	1
101763734752815884363	0.2	1
102904128915733925934	0.2	1
113788629331119361034	0.2	2
117334216966693218610	0.2	1
117709347631026699430	0.2	1
106497803248441574604	0.2	1
109302172906576202723	0.2	2
109152547628400074571	0.2	1
100294995440554808691	0.2	1
101792830934746420340	0.2	2
111262982046184002072	0.2	1
117268380659841428229	0.2	1
100389897874793486377	0.2	1
108317178104639059149	0.2	1
102420421725069396072	0.2	2
104258629627358304448	0.2	1
101285386356997200642	0.2	1
117284652267613539751	0.2	2
109292997285535326560	0.2	1
105578994203183049510	0.2	1
116794079463817651145	0.2	1
111069872884039857869	0.2	1
108651717657234645162	0.2	1
102311554030427331560	0.2	1
102071370520547943705	0.2	1
101155188326955734171	0.2	1
102688048007509432671	0.2	1
107896527414017792767	0.2	1
116180809349156681993	0.2	1
108820884356510622838	0.2	2
106326973089842217186	0.2	1
105854477836714634695	0.2	1
115655034901162574758	0.2	2
110476861613340562399	0.2	2
117543941326442613324	0.2	1
105001542879577510093	0.2	1
113061198398117189015	0.2	2
113634055390422871460	0.2	1
106787651758213244268	0.2	2
101694831794131960933	0.2	1
117884007449109471406	0.2	1
117596887366632392035	0.2	1
117067765504941319572	0.2	2
116970761064564363698	0.2	1
116566097540191108280	0.2	1
105731699847174230340	0.2	1
100789026686746772871	0.2	1
107381073695757434347	0.2	1
116984158806329217347	0.2	2
100620732971603495982	0.2	1
104621204832216628958	0.2	1
108740570618849247850	0.2	2
104674152029609193031	0.2	1
101919728428437233122	0.2	1
108000333545112624867	0.2	1
113510708635005328461	0.2	2
110971793626678493894	0.2	2
113418554594512897845	0.2	1
117454981992420803720	0.2	1
101038413202959010394	0.2	2
111461898615826577872	0.2	2
102143578702997047907	0.2	2
116388205548839459693	0.2	3
117597061540365781107	0.2	1
105971378799803318959	0.2	1
100654348352811460420	0.2	1
108145942486053400600	0.2	1
100343845070063849107	0.2	1
111709870730171883810	0.2	1
113832545020815049066	0.2	2
107313675531983974280	0.2	1
106102550162976117394	0.2	2
113385341103270852141	0.2	1
113614209277429972506	0.2	1
116768329453708442625	0.2	1
114520552245855221737	0.2	1
102218502614021519543	0.2	1
106152071985964118707	0.2	1
110827519231685608354	0.2	1
105146294989198255067	0.2	1
116143340835822342380	0.2	1
107876465655415214141	0.2	2
102372467916908577736	0.2	2
101028761244286045194	0.2	1
100584621762098859364	0.2	1
103882272094347007692	0.2	1
107673718483687634118	0.2	1
115300701195356425023	0.2	1
114427619140485635394	0.2	2
108397294034481595594	0.2	1
117079064745744711641	0.2	1
110255355714938023923	0.2	1
112997561829078041002	0.2	1
117900253774062104052	0.2	1
100438852388634452785	0.2	1
103928521958777924600	0.2	1
103403468778254019699	0.2	1
102634830382534419298	0.2	1
108961403889829901542	0.2	1
101637839160442395608	0.2	1
117243849948862658202	0.2	2
101269616518480136760	0.2	1
114111311364493759875	0.2	1
102196348030668119033	0.2	2
116002124399894341816	0.2	1
113282615052165438213	0.2	2
103857459148999991693	0.2	1
111348432114075504939	0.2	1
102034052532213921839	0.2	1
107238990210724323188	0.2	1
104727197354018275518	0.2	2
117011163074082038822	0.2	2
108888496016662393800	0.2	1
110716886704213995038	0.2	1
100465608810588795960	0.2	1
115493843986611547716	0.2	2
103903198087988193655	0.2	1
116859625890573177133	0.2	1
109588321727472634929	0.2	1
116227743194047481102	0.2	1
106465321839730230400	0.2	1
107684251858406648573	0.2	1
103765190013500552225	0.2	1
106448934307511106762	0.2	2
111232558470787485391	0.2	2
104500642485315142392	0.2	1
116743270341338723434	0.2	1
116150648915115517660	0.2	2
111769044946539396798	0.2	2
112515890676206330591	0.2	1
104131296406196169192	0.2	1
115459243651688775505	0.2	1
111003146629743660618	0.2	1
113633700706087963915	0.2	1
117877432795779055982	0.2	1
110521291841537640347	0.2	2
103791961428515587426	0.2	1
111480413428119678209	0.2	1
105189258483980664083	0.2	1
114419664855330371780	0.2	1
106366615678321494423	0.2	1
112546044476544105441	0.2	1
110888233400853224635	0.2	1
110311732381472649054	0.2	1
104236870906582989099	0.2	2
102453848012516453425	0.2	1
100845288048841379887	0.2	2
108510261342123234892	0.2	1
109602109099036550366	0.2	1
109849764439109992897	0.2	1
114453074731811294053	0.2	1
108807597209687392863	0.2	1
105562984268271417589	0.2	2
110614416163543421878	0.2	1
115220156223457434565	0.2	1
110791260170772171960	0.2	2
103046198683211475760	0.2	2
112737087024763980113	0.2	1
106913037388515204267	0.2	1
105551427433455873138	0.2	1
107727150903234299458	0.2	1
108455318095395479881	0.2	1
105374920856531167334	0.2	1
108464480032689454292	0.2	2
102736222974258337930	0.2	1
101148842065688999126	0.2	1
114165874766495952590	0.2	2
114681628007518013862	0.2	1
116296722876243583579	0.2	1
100275461827190613538	0.2	1
117166962835543791045	0.2	1
115833185981222721597	0.2	1
116163754096446458259	0.2	1
107880310323937367562	0.2	1
109088229817689076273	0.2	1
101388924797376418162	0.2	1
106297050976164109460	0.2	1
109969779660139278806	0.2	2
100853878438658423950	0.2	1
107659606256961933291	0.2	2
102335779176152161616	0.2	2
107098081683604966667	0.2	2
114775869285833699322	0.2	2
107073845875601488093	0.2	2
106291352388105578950	0.2	1
112760224652737508626	0.2	1
109640706941042871585	0.2	1
114452950895312441109	0.2	3
111585779089668033732	0.2	1
111349594915435423024	0.2	1
115708174332375617872	0.2	2
112356703603032517059	0.2	2
114444148385540411254	0.2	2
111942699489420412163	0.2	1
109036411558048055742	0.2	1
111996767480396121640	0.2	1
102469997747585590903	0.2	2
107084977153402620409	0.2	1
108251446562570976526	0.2	1
103163859435837093284	0.2	1
106823549552304360659	0.2	1
107533518245231072721	0.2	1
111258992634637082336	0.2	2
110488549098207563278	0.2	1
103797883802077039230	0.2	2
116717190116085086875	0.2	1
111304478176650472244	0.2	1
101198473930794105619	0.2	1
104664396144739993668	0.2	1
109551306996898347292	0.2	1
100302545000114361337	0.2	1
110192588328500527157	0.2	2
100400103745498628438	0.2	2
112091604909171161821	0.2	1
114880382644370462862	0.2	1
107728981484346651383	0.2	2
109849000522280976355	0.2	1
104166717181118994586	0.2	1
117917855728427990899	0.2	2
113388583425316146503	0.2	2
108561307727161070609	0.2	1
104685542770302539616	0.2	1
105804904241535800793	0.2	1
100666364541983657264	0.2	2
112613633405852406807	0.2	1
107259925483797785781	0.2	1
114575857551606131262	0.2	2
112749216212330183140	0.2	1
108123506134776646550	0.2	1
100439109861384520848	0.2	2
105779578704676468417	0.2	1
104212838876843607771	0.2	2
117678945305736547499	0.2	1
113466958119816612428	0.2	2
102673764947380748872	0.2	1
117735306257513131672	0.2	1
115899514744658620105	0.2	1
104991470983489611253	0.2	2
115928345355775061400	0.2	2
100207519429018924370	0.2	1
101303101272501376461	0.2	2
100255102778442021897	0.2	2
108922357065455665505	0.2	1
117225974591920797808	0.2	1
117408020200694760927	0.2	1
109465754207165924406	0.2	1
111711767775333259186	0.2	2
108510718533630990952	0.2	1
110747746419769300628	0.2	1
105324719332618510620	0.2	2
114862621862421576459	0.2	2
111004442892792321966	0.2	2
113158586769399217075	0.2	1
114897851476805665764	0.2	1
117310476065897496674	0.2	2
109341814886672016253	0.2	1
111773212766577634487	0.2	1
111281848721784880573	0.2	1
106909695352436014731	0.2	1
109703942470364480057	0.2	1
113603540546097369518	0.2	1
103328859488783728347	0.2	2
101584793125615146114	0.2	1
116313940416025106561	0.2	1
111955041561921964772	0.2	1
101170454445449447714	0.2	1
118399959266385734656	0.2	2
111479872205042334214	0.2	1
100711269488721435135	0.2	1
111672237763654753670	0.2	1
109492560169033493227	0.2	2
117183895544671335629	0.2	1
112001053228186547918	0.2	1
109392004489339874816	0.2	1
106123465281190845478	0.2	2
102291255762074918695	0.2	1
106244331832224111960	0.2	2
114248876376551006774	0.2	1
104004131575935415910	0.2	1
109275472958903148502	0.2	2
103134028944289931172	0.2	1
101569147633975917450	0.2	2
106516961321404541593	0.2	1
116149453144627220454	0.2	2
102714842214560356470	0.2	1
102361210546794892202	0.2	2
101277053367604914647	0.2	1
118024482908668520705	0.2	2
104630709417428322043	0.2	1
103442680093038883725	0.2	1
115697450560347075123	0.2	1
108339035471802714702	0.2	1
114126118441356742729	0.2	1
111008541286524404623	0.2	1
111080620052833032765	0.2	2
102837227773434347798	0.2	2
108862638544579492873	0.2	1
114136896194133068248	0.2	2
103295018204142119571	0.2	1
111630468557161125556	0.2	1
112798623377959973460	0.2	2
109113970936228156247	0.2	2
111441278602865212925	0.2	1
106300556871096798911	0.2	1
110422080214945443369	0.2	1
105464637649348543135	0.2	2
114163977627053244970	0.2	1
116726325327075260175	0.2	1
101874048281423702805	0.2	2
115023338901292822064	0.2	1
102479349783066603161	0.2	1
111533380703623977535	0.2	1
106793409736995197316	0.2	1
112850594189039158382	0.2	1
102541201186348373660	0.2	2
110177631102716632262	0.2	1
108907784615858200922	0.2	2
101185748996927059931	0.2	1
101662775141762459862	0.2	2
110245349148315751686	0.2	1
104639572306556887714	0.2	1
101036077627830467257	0.2	1
101896915525351208408	0.2	2
103899646291109905090	0.2	2
114197433257896961904	0.2	1
108951868713574357238	0.2	2
116890407093456889987	0.2	2
111560489194537025322	0.2	1
105376098211594054993	0.2	1
112647329320037673730	0.2	2
101713634207919944880	0.2	1
105772184918019707931	0.2	1
118246307859485381903	0.2	1
108287490040947688990	0.2	1
108366758944640339131	0.2	1
107948342682478229755	0.2	1
115185300920244881895	0.2	1
107099181198839750938	0.2	1
112104019710863190872	0.2	2
110600282093400642277	0.2	1
116768457542823045331	0.2	2
109716233093030928975	0.2	1
115676184622636926443	0.2	1
115594104267017455006	0.2	2
113472917836231441304	0.2	1
105258388468220948970	0.2	1
113728490623204305376	0.2	1
109964160716109480518	0.2	1
102501124908116317041	0.2	2
100223426453654445789	0.2	1
115890636979267040668	0.2	1
113224278348281899148	0.2	2
109767214205105679538	0.2	1
114349105967177814046	0.2	2
111426134491484781772	0.2	2
116291916575572624665	0.2	2
118198479536704976580	0.2	1
106856358853454513373	0.2	2
117005343220469009551	0.2	2
104972251202417915800	0.2	1
110051015596317752744	0.2	1
113330582175661902528	0.2	1
109310004952597089134	0.2	2
115884897721735446510	0.2	2
109731693609742864138	0.2	1
118309335059215853130	0.2	1
115959122085580299826	0.2	1
118098738741471984844	0.2	1
108124431144761447173	0.2	1
104290285676526678870	0.2	1
100402301505631057949	0.2	1
109517891980414625830	0.2	1
106444822605783509036	0.2	1
105849189267860478070	0.2	1
116668661489396616713	0.2	1
116694211474304799336	0.2	2
102195589250383042094	0.2	1
110250333560607303648	0.2	1
109835834715843503155	0.2	1
117443302271958836068	0.2	2
111580140114398359977	0.2	2
112208734045257041287	0.2	1
105650330989548537290	0.2	1
101801063324490856814	0.2	2
116292193600245502104	0.2	1
105880569213409682559	0.2	1
115040318056125946266	0.2	2
103300163775354335830	0.2	1
107890734879960972569	0.2	1
117772622960657911415	0.2	2
114504712238011757609	0.2	2
108516238404247361779	0.2	1
116245027334511879223	0.2	1
117295478295611116612	0.2	1
114857177940550875145	0.2	1
111310046455974644071	0.2	1
103818369747756077965	0.2	1
117561481874481801795	0.2	1
116727178380688356739	0.2	2
108737772845276198949	0.2	2
111806908557808014370	0.2	1
106722042269862778155	0.2	1
108487762096901301683	0.2	1
108774330368211602428	0.2	1
110263069898041783827	0.2	2
110475732453427522367	0.2	2
115409719042604746583	0.2	2
102456000692088613871	0.2	1
117741281413109409912	0.2	1
101748648149951425648	0.2	1
114887788212450591354	0.2	1
112397249431451980636	0.2	1
117899905189586762975	0.2	1
109658928725880368496	0.2	1
111909882676475721233	0.2	1
112252468782302918256	0.2	1
110282619952719591219	0.2	1
108180103280548296074	0.2	2
106287070925962366110	0.16666666666666666	2
103100496883422151101	0.16666666666666666	2
118207880179234484610	0.16666666666666666	2
112269533742014561750	0.16666666666666666	2
106318111152683661692	0.16666666666666666	1
115314704721793037922	0.16666666666666666	1
108896556048763968559	0.16666666666666666	1
113180183571174598614	0.16666666666666666	1
103363359562250742737	0.16666666666666666	1
107554195884954006007	0.16666666666666666	1
108463379422500432313	0.16666666666666666	1
104871894810407156427	0.16666666666666666	1
116334827514261561554	0.16666666666666666	1
100642792829500939346	0.16666666666666666	1
110913355692243778879	0.16666666666666666	1
105953876257708952431	0.16666666666666666	1
111499908439497508351	0.16666666666666666	1
110025177084709634671	0.16666666666666666	1
107459220492917008623	0.16666666666666666	1
100834378485895409468	0.16666666666666666	2
114005270876052001890	0.16666666666666666	1
111310990991240556038	0.16666666666666666	1
107753428759636856492	0.16666666666666666	1
110196408714194982641	0.16666666666666666	1
103406065947811422330	0.16666666666666666	1
114851353700596680885	0.16666666666666666	1
102279481809776795562	0.16666666666666666	2
100587561646339426146	0.16666666666666666	1
110933630432883530099	0.16666666666666666	1
102871123574468799566	0.16666666666666666	1
105822688186016123722	0.16666666666666666	2
101041324078144085298	0.16666666666666666	1
115739378269261680935	0.16666666666666666	2
100458071620246434265	0.16666666666666666	1
100140666577536355564	0.16666666666666666	1
113593501038935994355	0.16666666666666666	1
113146799877690470424	0.16666666666666666	1
108107439272887393780	0.16666666666666666	1
113532122411683099264	0.16666666666666666	1
105574566053602019710	0.16666666666666666	1
103156582871250188205	0.16666666666666666	1
114687965440322957836	0.16666666666666666	2
105736172662117422840	0.16666666666666666	2
100576277923232811261	0.16666666666666666	1
110872680209848450651	0.16666666666666666	1
108929865077631414260	0.16666666666666666	1
101495480187227078065	0.16666666666666666	2
103024721530413569142	0.16666666666666666	1
102464232547356219824	0.16666666666666666	1
106357905229054139137	0.16666666666666666	1
110047629741042205856	0.16666666666666666	1
102328436589025225443	0.16666666666666666	1
112482032780181267192	0.16666666666666666	1
113846828048953817337	0.16666666666666666	1
115072043621918562370	0.16666666666666666	1
112513856987273199702	0.16666666666666666	1
105770711929721820826	0.16666666666666666	2
113373098865456269131	0.16666666666666666	1
112072934052683456906	0.16666666666666666	2
105639209595419259849	0.16666666666666666	1
112858628232089299093	0.16666666666666666	2
100099294805798995028	0.16666666666666666	1
105164570509765092084	0.16666666666666666	1
110935478775708629255	0.16666666666666666	2
114629508960670409934	0.16666666666666666	1
114582477550422750421	0.16666666666666666	1
106892552063358672453	0.16666666666666666	1
105825390873320532641	0.16666666666666666	1
113953592758896789108	0.16666666666666666	1
100606419273875988737	0.16666666666666666	2
106200406579876807593	0.16666666666666666	1
105990097594786807353	0.16666666666666666	1
106195801310980360454	0.16666666666666666	2
115230695084310626614	0.16666666666666666	1
117929840856981950056	0.16666666666666666	1
110760151623547085696	0.16666666666666666	1
110401100755377253052	0.16666666666666666	1
100590113452692854117	0.16666666666666666	1
108280699895760004049	0.16666666666666666	2
112703598755509859290	0.16666666666666666	1
101037504613481726969	0.16666666666666666	2
106565348808461188509	0.16666666666666666	2
112299075337587509889	0.16666666666666666	2
107703405132139524311	0.16666666666666666	1
103021485494547867385	0.16666666666666666	2
102752825026390890175	0.16666666666666666	1
104799755657866187134	0.16666666666666666	1
111085382333404870388	0.16666666666666666	1
102860638159972309034	0.16666666666666666	1
114527969442901187111	0.16666666666666666	2
101940753538647020405	0.16666666666666666	1
114702375129301311930	0.16666666666666666	1
100507603996779895224	0.16666666666666666	1
109584896859449874949	0.16666666666666666	1
102405818145644554516	0.16666666666666666	1
104064614251288536712	0.16666666666666666	1
117485112588440259770	0.16666666666666666	1
115779153897689064900	0.16666666666666666	1
113790930021756792972	0.16666666666666666	2
103036786006384210848	0.16666666666666666	1
106282268117393637244	0.16666666666666666	1
117023366482449928290	0.16666666666666666	1
100709366424987372595	0.16666666666666666	1
114197086905420990990	0.16666666666666666	1
109346934284284816926	0.16666666666666666	1
112805660749029741753	0.16666666666666666	1
100151206178980470956	0.16666666666666666	1
116243336997396224278	0.16666666666666666	1
114475030270281803413	0.16666666666666666	2
103739101855261341155	0.16666666666666666	2
108450319350596174689	0.16666666666666666	1
108861528956056842263	0.16666666666666666	2
105480466160940772958	0.16666666666666666	1
106334932721178845127	0.16666666666666666	1
106747181937481400508	0.16666666666666666	1
118262672057097425257	0.16666666666666666	1
105906659720984464574	0.16666666666666666	1
104274435572172788174	0.16666666666666666	1
115539992672314322973	0.16666666666666666	2
106158689261884535424	0.16666666666666666	1
109407035695819365082	0.16666666666666666	2
106933972856076071655	0.16666666666666666	1
103230454501682292842	0.16666666666666666	1
100665776533220908082	0.16666666666666666	2
110067955607867504580	0.16666666666666666	1
101293506688613002507	0.16666666666666666	2
118107179713801552235	0.16666666666666666	3
105758269819437798402	0.16666666666666666	1
102339014209927235294	0.16666666666666666	2
106564232190827630600	0.16666666666666666	1
105905452809006184133	0.16666666666666666	1
100145130766171217727	0.16666666666666666	2
106975155314649158107	0.16666666666666666	1
103862023773331857038	0.16666666666666666	1
111224756753752412781	0.16666666666666666	1
103840523815416710741	0.16666666666666666	2
113901044772821318283	0.16666666666666666	2
110961431381126113425	0.16666666666666666	2
109170507715247372581	0.16666666666666666	1
112549343239921226155	0.16666666666666666	1
107737970721375032935	0.16666666666666666	2
118407421990570741633	0.16666666666666666	2
103985490881354866735	0.16666666666666666	1
104181297283368036043	0.16666666666666666	2
101595233284055239142	0.14285714285714285	1
110924398382132200277	0.14285714285714285	1
118239708588385194858	0	2
111117743232778422510	0	1
104550594148100994071	0	1
113247423264358423892	0	1
108077530448434441501	0	1
115404182941170857382	0	1
107066609145001672622	0	2
101411522670835290735	0	2
100102136737035852528	0	1
114771302128021571825	0	1
104200585645880013739	0	1
108384201920217141722	0	1
111769490746901950661	0	1
111983961140937248134	0	2
106189723444098348646	0	1
112063946124358686266	0	1
109894377557188131925	0	1
109086327304624846202	0	2
101844248571144042569	0	1
110387558437847558927	0	2
116281946529040623400	0	1
114618043230336563405	0	2
113010729939949185045	0	1
104220541664395498712	0	1
106410923972431790652	0	1
113836853715526049299	0	2
111095045247360522931	0	1
104836499553026434359	0	2
107632017202083922980	0	1
104390246098751387487	0	1
100969972953036434548	0	1
100482942881898107570	0	1
107828564012543852080	0	2
105929453737619095652	0	1
102227800261183349957	0	1
109886901283528651599	0	2
107117483540235115863	0	1
113117251731252114390	0	1
103716847685048716973	0	1
108292626386548337225	0	2
112913269105149294041	0	2
108182489610762944351	0	2
110064570672000384617	0	1
115366624923467413091	0	1
107192195569453684660	0	1
106912596786226524817	0	2
102366211018261594737	0	2
116126532050997853166	0	1
107495401691428541405	0	1
100091126610411008053	0	1
110141895783103581727	0	1
107868844306369312882	0	2
114542752454519869265	0	2
115556179283478493259	0	1
101886706065800845176	0	1
102370347732140106252	0	1
102330806782144582562	0	3
117171737258103261935	0	1
106539835304510344813	0	2
109193674823031718540	0	1
116293310171313567533	0	2
100860607625286470922	0	1
112715964167767264522	0	1
113281399439429168625	0	1
109215297792091416103	0	1
115785601687445616629	0	1
112466653518658431036	0	1
115924787547381310437	0	1
110352049954858592591	0	1
114220853146751120080	0	1
105577936062564395707	0	1
115863474911002159675	0	1
114848435876861502546	0	1
102346400614635340030	0	1
102452280382357513402	0	1
103200491340117663153	0	1
109412257237874861202	0	1
103097764320602190090	0	1
106717946845088683921	0	1
118398276148768324309	0	2
105037104815911535953	0	1
114338217792003600242	0	1
115507658258745024139	0	2
101494785673125223598	0	2
114420560945258744261	0	1
118369384884139457412	0	2
107982618909749811163	0	2
116166660014087779586	0	2
102235836543922327908	0	1
102285954355508747800	0	3
112130961481629219718	0	2
109599950836957989804	0	2
116805236662803076282	0	1
115417043856689954546	0	2
118320665823821681206	0	1
111920649327427068114	0	1
103028142993414638533	0	2
114125059648511830046	0	1
117841284165024027243	0	2
107964311499459446916	0	1
106605101842842927717	0	1
108575961322871913333	0	2
103043630316201926210	0	1
108772630479900043184	0	1
102006335934466694514	0	1
114144561369449816821	0	1
102251766629138634463	0	1
109723709937833717563	0	2
102381548704003539297	0	1
100651621769656849775	0	2
100941266751440211155	0	1
103255130479497734964	0	1
118007147306431945367	0	1
115736380181603051269	0	1
108176814619778619437	0	1
108623241107635805071	0	1
106393069545967451922	0	1
100755998269751307297	0	2
112865942969293417981	0	1
113956034040441194202	0	2
108544008482166257714	0	2
113210431006401244170	0	1
106835948809045250521	0	1
108007903544513887227	0	1
106400645016104274045	0	1
108814866414331647342	0	1
111453882641238259246	0	1
108694322269563399860	0	1
108693062865444341500	0	2
110598138930578150085	0	2
114215826640234239599	0	1
115427174005651655317	0	1
113218590431249449552	0	1
110260890556821654420	0	2
105802201449078024805	0	1
109590423597896078382	0	1
100784670873737717716	0	1
103095786308890475164	0	2
105069844990861987595	0	1
107870814404374398047	0	2
103673601952617127321	0	3
101764090850602912689	0	1
103929740436666277619	0	1
101763098952350307006	0	1
113683207338912869760	0	1
105390485883966445268	0	1
110051435860595155587	0	2
101604758566835021293	0	1
108719090649071657338	0	1
104944128365441598365	0	1
114821822690045428621	0	1
112092488761167023855	0	2
109854785137745177366	0	1
106777383482946175314	0	1
113007670073596198453	0	1
102422142153712608274	0	1
103003335364559287111	0	1
114009972725847410857	0	1
106687590803153376067	0	1
105850770551722768952	0	1
101241183982769454084	0	1
107290790893215879513	0	1
114635209083263014668	0	1
117095527757402723828	0	1
107930758893139892849	0	1
116426856572060857037	0	2
102538905206519918173	0	1
117059593834355077199	0	1
115370476459556574532	0	1
107538503004482952974	0	1
101079712789592709925	0	2
118213841746327585870	0	1
111737932039524866299	0	1
117572628201563148365	0	1
102559200804713337506	0	1
102001774674190160714	0	1
105787363183175221611	0	1
117570236889242256660	0	1
116447930756811931986	0	1
107004709693477987496	0	1
109204863030492721026	0	2
104328553869453938019	0	2
101500176352351576992	0	1
112889002612515742540	0	1
104087812869056701482	0	2
105658622361675876684	0	2
106110392408709376416	0	1
109397461154116413309	0	1
102668364885894493476	0	1
116418355318164320825	0	1
106587101791064367906	0	1
112022983294967948367	0	1
110486517623939606418	0	1
110723106842671526820	0	1
107354758331405644147	0	1
114610751804622117115	0	2
112754494243408214081	0	2
107776015052084750821	0	2
102146364121034008078	0	1
105520427462751456186	0	1
117804036587685325842	0	1
114734572827824045078	0	1
109599602059332655780	0	1
103438332263642514693	0	1
110738178351405818606	0	2
108178180066149902997	0	1
105496065140915063217	0	1
107707592416977920764	0	1
107400833276574503861	0	1
100977678341657858013	0	1
116937581022538783895	0	1
114738077973453472985	0	2
103566565105648833497	0	1
111359614762054487763	0	1
112218872649456413744	0	1
117664165092777516244	0	1
117152472443323112644	0	1
111305684135920547860	0	1
112686843091136170762	0	1
110581693083408452344	0	1
102918064082723690004	0	2
101407403057127698020	0	1
109611304552390459456	0	2
117149101099765677901	0	1
113089996646628106127	0	1
113383813123340121401	0	1
108500909069434150838	0	1
105149372658737789768	0	2
102016851383568561562	0	1
113496605468632505262	0	1
112992320954091012527	0	1
105699527508121484553	0	1
114579585661410116649	0	1
113032922882838338512	0	1
103100286417625000956	0	1
110952301528063225908	0	1
111832530347449196055	0	1
115831514397226473247	0	2
106792757187551462333	0	1
114310432035877573700	0	1
110931028315248759176	0	1
118433886964242604020	0	1
112749097842326203346	0	1
111060030077135962736	0	1
104250130116253463837	0	1
102788545466749675750	0	1
105119763784866168573	0	2
116640923223897011110	0	2
108632686412421589637	0	1
111051039748078110427	0	1
106487847906371336126	0	1
115777169768345614675	0	1
105380789526486529070	0	2
101083409996291093741	0	2
109895887909967698705	0	2
104837604465968633701	0	2
104286363725914412325	0	1
107590607834908463472	0	1
105873814765821560444	0	2
107671625306995512637	0	2
108137296442273049156	0	1
102146414203682149837	0	2
107851284742690875601	0	1
108645589277926899961	0	1
103510189176184025105	0	1
114330674492518947055	0	2
103482597835543369404	0	1
100063443579968781941	0	1
113234386723830147931	0	1
100217089552866528350	0	1
107057936041169873674	0	1
114238825882006954970	0	1
103993963150589184286	0	1
100053156799226426066	0	1
113986224872404904569	0	3
118369314436085435945	0	2
117760826824179997751	0	1
107516591509355176463	0	1
107402247502931224395	0	2
117606398067583660344	0	2
101062235821996561929	0	1
100025536618853941891	0	1
109205403461695195196	0	2
109801998543492604722	0	2
110305760465184966941	0	1
114687979362696235677	0	1
101341716829353760937	0	1
117381651485941996132	0	1
104634984313134133008	0	1
113420422244530728570	0	2
116231043098725579711	0	2
111548383123062799753	0	1
113916507136108120484	0	1
111101593428695421603	0	1
109008933900993103361	0	1
107913635514528860910	0	1
105652590289022685176	0	2
112245689943443020267	0	1
100676359754949885329	0	1
103508036511742092667	0	2
116131269863671937386	0	2
102647365353542430820	0	1
107863237205220284140	0	1
115425017959501168550	0	1
117152562960256051384	0	1
111257156574198767770	0	2
108078587358455505845	0	1
118283441266608524666	0	1
112703323488409728264	0	1
106779512870994415471	0	1
105481930047290102912	0	2
114318197127028344684	0	1
103522260738230890905	0	2
115652004521466262445	0	1
107624559327351970888	0	1
117109546349103307995	0	2
116232645119746385483	0	1
104028329852681318179	0	2
105046530334806680420	0	1
113531415437983740096	0	2
106983201544274945102	0	1
116306683618740308150	0	1
101660858886010338254	0	1
101348092000981643989	0	1
115143221847216992108	0	1
108325715348546285908	0	1
108563885785257287698	0	1
108986637383395556234	0	1
113759946757167534490	0	1
114834647370494857382	0	1
102123493230417393789	0	1
103898245730407196234	0	1
110279358252896773102	0	2
111715652745890944101	0	1
107663352552155463171	0	1
107217929430839359886	0	1
118083044235891668202	0	2
116550909178789460578	0	2
106209295280626219515	0	1
111246222621577046613	0	2
100125012078853567494	0	1
107693201916468802749	0	2
113873289443253295484	0	2
109905754411584610340	0	1
109732393861737158427	0	1
102278696370559640483	0	2
112773717352207690783	0	1
117594046931782005726	0	1
106078945425159812521	0	1
103636214904400746295	0	2
100929078467025616674	0	2
107050054659883492144	0	1
108105536771282620578	0	1
112395956093280877939	0	1
105080431461426489661	0	1
107643401950317559992	0	1
109830558164732334015	0	1
103885885831036700152	0	1
117352363863047420188	0	1
108601020727554262784	0	1
110296643744760932945	0	1
113643425309682495997	0	1
117163665721006562027	0	1
113391394505904411092	0	1
104441415299714065572	0	1
100639194299914291215	0	1
100202609332472891769	0	1
112326867483489579883	0	2
100875717055033997562	0	2
101512420337702535236	0	2
112671613807103204042	0	2
102463930722750242099	0	1
118374906259033738482	0	1
108091327114614335688	0	2
112291524627128635161	0	1
111347918947233043921	0	1
101975133966831452277	0	1
115758861889285942971	0	1
105980354203966235008	0	1
113297333081252012443	0	1
118199399176290637325	0	1
109231859642337719170	0	1
110156612643829871529	0	2
115925885941625757982	0	1
106986427648357193691	0	1
113417057124767990937	0	1
111174860133952172483	0	1
108792139184701213826	0	1
109896764299719102648	0	2
105813701068511899418	0	1
102524008019896509925	0	2
113631648784252842539	0	1
107015628955841113730	0	1
117399283230241619463	0	2
116706153803896610134	0	1
104846472501579099769	0	2
112472063587247013272	0	1
100624501245915211643	0	1
116989886224744526699	0	1
116702854728559432520	0	1
102164678469733378086	0	1
110648946295824984922	0	1
108753696846234273417	0	1
116704291322180905019	0	1
105224804026588644838	0	1
104434895154208243425	0	1
111839534322118676415	0	1
109770122122532409357	0	2
107329843700868576110	0	2
103857516920514021575	0	1
115314088352204400228	0	1
103197072119870191855	0	1
113387377457614555301	0	1
104912958756793332975	0	1
117151300292231312495	0	1
101132628451440955803	0	1
116131376648788686380	0	2
103061432975121007243	0	1
104275285055178286578	0	2
112386079080455064107	0	1
104458755807282024750	0	1
117462592692564691028	0	2
114965381229780841952	0	2
108018849942331662169	0	1
110678621384626297081	0	1
107981077806259133968	0	1
116111104669712747441	0	1
109667384864782087641	0	1
116619207570505426105	0	1
113444937979267174497	0	1
107863054441128406657	0	2
104481732831876735107	0	1
104363675984488688233	0	1
105400176064639255732	0	2
108227766059398780608	0	2
112768678825253579365	0	1
102580844448507012861	0	2
113127984001130852454	0	1
111361201906254029328	0	1
112787861052425659995	0	1
104336243114474051430	0	2
108238852414509837749	0	1
104244326302398789616	0	2
112700909765184888427	0	1
107342445128902420647	0	1
112872898330263650924	0	1
103161038350347589745	0	1
100537609001264099475	0	1
107966083689010962220	0	1
116703689599084538324	0	2
110184601706552150593	0	1
105118981108167668145	0	1
115690171800740174339	0	1
105379210704223074864	0	1
112088855719103479142	0	1
114016935534584412118	0	1
101127986898473915473	0	1
105766181084471042364	0	1
107130822909619989188	0	1
106660584659892866650	0	2
108360875093563111274	0	2
108700472895595187876	0	1
113895611135249176380	0	1
118092360732512220099	0	1
106825816009080028241	0	1
110913165455688349197	0	2
111924926392072104223	0	1
102762314616714743857	0	1
110859326231814432239	0	2
110068300282260390649	0	1
110946190831873757931	0	1
115360504592641443999	0	1
111385154527879695329	0	1
114719104604682870594	0	1
102549623343643093965	0	1
114300712185217966793	0	3
113050513428337489881	0	1
106464609232304480111	0	1
116891109489945023987	0	2
109925450421274121160	0	1
111866832707669934515	0	2
110201827593678115885	0	1
113665746717087158140	0	2
113534583488493295813	0	2
117078929621673758896	0	1
109896500020068316720	0	1
103118053605545281379	0	1
117136543430366556878	0	2
106078046193665051986	0	2
115013663443567631602	0	1
106419752011171815265	0	1
106741247342869779476	0	1
118275659951093359031	0	2
106030620886466385636	0	1
107167911009785198523	0	1
117910049731484591864	0	1
100382502425185475382	0	2
109275162541420950086	0	1
108624311520849917820	0	1
106098605924384033264	0	1
104865398242798700054	0	1
109741231810575140484	0	1
102213531151595412130	0	1
116524473777969007095	0	1
107766409791992364454	0	2
101370075127878461767	0	1
106782922664268475558	0	1
114898323025971251345	0	1
106662087467185918718	0	2
100997794204907913973	0	1
103370308241935002349	0	1
103782283994508546670	0	1
116135963476096063106	0	1
102216611683321010999	0	1
108814740443144160153	0	1
112530862406719233009	0	2
108392504208314197482	0	1
101142218053948675877	0	2
102366797371689263551	0	2
101983805366703550209	0	1
115805651877872032979	0	2
117360103600409535739	0	2
106130821640818555251	0	1
107804004544019265625	0	1
116677513554048487517	0	2
105182229953409625851	0	1
106162495480110745488	0	1
105265056771720551895	0	2
106702324621449002266	0	1
102447211520650111820	0	2
109902667138121508362	0	2
103846749826624890310	0	1
104533719648086541353	0	1
111470833223672306895	0	1
106036007768569161743	0	1
107060935974128150119	0	2
100232037165721443512	0	2
113215976889659570939	0	1
106150455609633531935	0	1
104772213693268114793	0	1
109950959928032580820	0	2
100560195631674879616	0	1
102991751282593163120	0	2
107734850847395085659	0	1
108793246893038361266	0	1
103902609940068041030	0	2
101799324245089780949	0	1
109518328768098946778	0	1
106672324828117531124	0	1
106549323459657653565	0	1
107855400061191706587	0	2
116929145821864917460	0	2
106203154156684846171	0	2
103104857274117679241	0	2
111481487128370894372	0	1
104112394657514349538	0	1
114699336529956127102	0	1
101817732309915049788	0	1
102594804305161934295	0	2
114873779025309870329	0	1
109861075689715799208	0	1
108096915458146487046	0	1
110140471676276712921	0	2
102913467820312900790	0	1
115268772448683081736	0	1
117516007641841267226	0	1
103869730629941619882	0	1
105888819237026883145	0	1
107070305268662654617	0	1
101561061691821447228	0	2
114378924650367060087	0	1
115190894492318328143	0	1
115620878851836664537	0	1
101065600585133486158	0	1
105161978201946831142	0	1
110097123367207319374	0	1
107763787831388330329	0	1
112418379024073863165	0	1
113863365761872463503	0	2
116137317231363696563	0	1
102783101663479504348	0	1
101290481358193832413	0	1
118055335891923950494	0	1
108683878610555901209	0	3
107009632192481481425	0	1
116759049068317449856	0	2
117177089600960301954	0	1
100620564407113739010	0	1
107537735181542999866	0	1
105422871059252962617	0	1
118070986942814900513	0	1
101716201726380249316	0	1
105745128542016866255	0	1
117423428306382994757	0	1
107482609599075938929	0	1
105773781211679853353	0	1
112798992035445561495	0	1
105555126097777538334	0	2
111742199561206456936	0	1
102425186530108954705	0	2
102480805322378468288	0	1
102588676612579097006	0	1
101693818768221695663	0	1
103580189180647901014	0	1
118241428556615009364	0	1
108479427954857157385	0	1
100686326493521453376	0	2
110399185565600323230	0	1
111060532138874852094	0	2
116234948123603395424	0	2
108019940100292441619	0	1
111074604602416748223	0	1
104442668221155613657	0	1
117580671442017288402	0	2
109780612012596856951	0	2
110147621784423205280	0	2
118277244518426914413	0	2
109044796004034801892	0	1
104405056094644812060	0	1
117044063697470262714	0	2
107578965196559004065	0	1
108907919412292451250	0	1
113832045134715278396	0	1
101346687049976221781	0	1
104282046092380541294	0	1
105340345334926146635	0	1
117936251821077980667	0	2
110219327643577705724	0	2
117249861999545301368	0	2
106273308998274680527	0	2
117268571009206094213	0	1
112067233159473085532	0	1
112978804279332781330	0	1
113508639069541182968	0	3
112303968762045911542	0	1
108018004890853789235	0	2
102627138041544496956	0	1
100034828195835575273	0	1
105496364843932469797	0	1
109155012357540209648	0	1
102725632088492791947	0	1
111604508400671022860	0	2
100592148961106498550	0	1
117817174816310737130	0	1
103546400464337783760	0	1
115751985982972246887	0	1
113602009777698157533	0	1
117353536406857742536	0	1
106126806550435061334	0	1
111438020755240363121	0	1
113615559210024038819	0	2
109519561451988889732	0	1
118425528640609493111	0	2
103186214090909524407	0	1
106359967887398270425	0	1
101957476524182782166	0	1
104006883734298041934	0	1
103401777130502388574	0	1
100366244590546727626	0	2
112585802806501604122	0	1
101751145988036139627	0	1
117620771079070989583	0	1
102055761803425590746	0	1
116485844921527400388	0	1
107641915840941054345	0	1
112076585116149278372	0	1
102094989299483740530	0	1
116632553979056982414	0	2
102659799109268745043	0	1
110987122726818254657	0	1
116455388256573426531	0	1
106900437204502661743	0	1
101211304927063284245	0	1
103423896242493726696	0	1
116237242688726363256	0	2
103441974390889311463	0	1
111174864960647794799	0	1
113183497368486741239	0	1
116910414859430571187	0	1
110599391737268971440	0	2
114771609003397648286	0	1
101316271884917524936	0	1
115870693451332981785	0	2
113625465540875477995	0	1
115708767330504735644	0	1
118210429228713682996	0	1
118120851348523453698	0	2
118038648790674665148	0	1
101706774936803951879	0	3
107016573589490200329	0	1
100399305333296725024	0	1
103824770792328787852	0	2
101271656956405577787	0	1
109934007706529711836	0	2
108055773101814734204	0	1
118292000513305131142	0	1
115879254081199336670	0	2
115939073975077571524	0	1
117034741859407054850	0	2
108655520659632781891	0	2
117120161445552540250	0	1
105927765572594733638	0	1
113619968700131836951	0	1
109669593959563374614	0	1
107940602552915133945	0	2
117170170174543303852	0	1
106510127189308510251	0	2
102177621790703964681	0	1
106541477699788194614	0	1
113092978447891647148	0	1
118101164963418732133	0	1
102160363134469621905	0	1
111499475665106694998	0	1
105465905856275978460	0	2
103338118004306325051	0	2
110905398807957617480	0	1
115591772267657823254	0	1
106418964327633615692	0	1
103548652983106425817	0	1
109287036232528901917	0	1
101596406495587612575	0	1
113029824734549605300	0	1
115362432232547193242	0	1
109540017890470883588	0	1
108311334916100610440	0	2
102426190781647848679	0	1
113776821042982418457	0	2
104941823497239377407	0	1
109202865881831290872	0	2
108542548157881245971	0	2
103899099735559046307	0	1
109791677357309759744	0	2
