#node_label	#score	#gender
116123554028678966465	1.0	2
117526059267925065689	1.0	1
116872576248355504859	1.0	1
106092487728562764672	1.0	2
104128976029972436170	1.0	1
116333290923912560988	1.0	1
116381176537835440497	1.0	1
111374491723687711717	1.0	2
110398919759279012596	1.0	1
100617359727604101314	1.0	3
112465617205049122092	1.0	1
118125370807920035559	1.0	1
113698453258677928252	1.0	3
113846611298127506205	1.0	1
114676398917189170342	1.0	1
107380709199522756628	1.0	1
115508642352989087695	1.0	1
105371250164106353969	1.0	1
110190947352266826434	1.0	2
108961465858012263140	0.5	1
102236398578841685139	0.5	1
106621934320235917617	0.5	1
107189810823071706764	0.3333333333333333	1
114516047414042281846	0.3333333333333333	1
106952844732315771021	0.3333333333333333	1
114514155722976658302	0.3333333333333333	1
115564782916890552732	0.3333333333333333	3
116374117927631468606	0.25	1
113722211762693166526	0.25	1
108541235642523883716	0.25	1
113184091727451211493	0.25	1
107297378329620440295	0.25	1
101268667866741194829	0.25	1
114369704013100203178	0.25	1
105788536249289182288	0.25	1
101005240119432390037	0.25	1
105482656159928470398	0.25	1
110258598415939907971	0.25	2
106364829450438152911	0.25	3
101372166949617011862	0.25	1
118369296774508770337	0.25	1
113001548033736910371	0.25	1
108189587050871927619	0.25	1
100017868823678735978	0.25	1
108981679893410895534	0.25	1
113146596813770102711	0.25	1
109871899210962066891	0.25	1
100472608497932134515	0.25	1
115204805503581947511	0.25	1
101681921880756431739	0.25	1
112039181372415179433	0.25	1
111409617808305551136	0.25	1
116113014152499702246	0.25	1
102454683431287386939	0.25	1
107362628080904735459	0.25	1
116818437933004082118	0.25	1
101869395366096983724	0.25	1
103239560454875806844	0.25	1
105662441312581584585	0.25	2
117530250543183103093	0.25	1
115530776534617554663	0.25	1
103226166584311556924	0.25	1
112632260187323187916	0.25	1
113330053950020592701	0.25	1
110385399973090519138	0.25	1
106393478695568433143	0.25	1
104308826533824927649	0.25	1
114057312782572235764	0.25	1
116407796592442195543	0.25	1
101248054507015265353	0.25	1
107459220492917008623	0.25	1
114633750344034731834	0.25	2
115403856867272859027	0.25	1
103650703836816496431	0.25	2
116696943168863559388	0.25	1
107379489464447013340	0.25	2
118301801570268856235	0.25	1
115304442352141608283	0.25	1
112344687375792379398	0.25	1
101793532287583914396	0.25	1
104119608064940163872	0.25	1
105489064367742025310	0.25	2
107383157816966336384	0.25	1
114204547696242413789	0.25	1
110971010308065250763	0.25	1
110329781365538654444	0.25	2
110511685769077130162	0.25	1
111718830236077991058	0.25	1
103150328351925153314	0.25	2
105127512632255334472	0.25	1
116594199576805510790	0.25	1
116204437472476177397	0.25	1
113438256900303213931	0.25	1
113522210955045931088	0.25	1
114337871274326934715	0.25	1
115623533572523039914	0.25	2
112726038360301567381	0.25	1
118052241402382187216	0.25	2
107251535249383308664	0.25	1
105248484118148978714	0.25	1
108901981664640289786	0.25	2
111873853137122484021	0.25	1
112131480808552164740	0.25	1
116797845187614282483	0.25	1
114476892281222708332	0.25	1
114056084994793924628	0.25	1
104284408884410847470	0.25	1
103857459148999991693	0.25	1
112656439364564010985	0.25	1
107360993311566660432	0.25	1
100673380570027976010	0.25	1
114092052797730247075	0.25	1
102865263115020893218	0.25	1
103531573813869382673	0.25	1
114077525644661833984	0.25	1
114008494804256484740	0.25	1
105611889600461566935	0.25	2
106532684826293540578	0.25	1
103599967913898615571	0.25	1
103929057358376044772	0.25	1
116511752882326311047	0.25	2
111975224012018194892	0.25	2
109469364628436783260	0.25	1
103056990075919880269	0.25	1
107404242080797040590	0.25	2
111688882001768473764	0.25	1
105237212888595777019	0.25	1
109410878385939067590	0.25	2
110379434263550065795	0.25	1
105209854925481789028	0.25	1
106831762557971378854	0.25	1
118300281696624208749	0.25	1
113751283404152316115	0.25	2
109718346641639271496	0.25	1
112542636984375453827	0.25	1
110651520755219314658	0.25	2
100255479358995396743	0.25	1
107475835798405892541	0.25	1
102102467945140778655	0.25	1
116534900336716176887	0.25	1
111557988109638065224	0.25	1
109977966125229626765	0.25	1
101130571432010257170	0.25	1
110952817247587568540	0.25	1
109559796026318026317	0.25	2
116043947632177598920	0.25	1
117950453145750849911	0.25	1
113440880897931183734	0.25	1
111309475833508562991	0.25	1
114394128653474707020	0.25	1
112613581062900723867	0.25	1
104626296732158879040	0.25	1
100770362378770488768	0.25	1
117498995453775667205	0.25	2
114989358912013434555	0.25	1
108685174006449246113	0.25	1
110042159249465681710	0.25	1
108832728178450403587	0.25	1
105865268001904567389	0.25	1
116601386475273901307	0.25	2
117697399358826098478	0.25	2
113859540036726448291	0.25	2
107602882044753150398	0.25	2
116010637862292686074	0.25	1
111480413428119678209	0.25	1
101651096660571767183	0.25	1
114360962033715620079	0.25	1
109714254234974197507	0.25	1
117691391504351341685	0.25	1
109177683659525760187	0.25	2
104987932455782713675	0.25	1
116799045993451756042	0.25	1
101962829696981365403	0.25	1
115111902757485641613	0.25	1
102233770004174020180	0.25	1
111720952354186227548	0.25	1
111144389496315143142	0.25	2
114648167265033384941	0.25	1
110604101580019940093	0.25	1
110911634040796480076	0.25	1
115639700532046080427	0.25	1
106123026171763346651	0.25	2
102802450463497375732	0.25	2
116330759361962343709	0.25	1
105173130154829697850	0.25	1
109596373340495798827	0.25	1
118170768987466114474	0.25	1
106289562822644692555	0.25	1
108721466183079531495	0.25	1
114063366670188184647	0.25	3
116889391710617193514	0.25	1
105007924645712863049	0.25	1
108427139667434015678	0.25	1
102143577107646910352	0.25	2
106909119051058200287	0.25	1
110041523199056192526	0.25	1
117681034834791918293	0.25	2
101828183984777718546	0.25	1
116040565882702717981	0.25	1
103147347309732225253	0.25	1
105706178492556563330	0.25	1
117231150417495184962	0.25	1
117500723574087130516	0.25	1
113079376038667232212	0.25	2
103861741370066605527	0.25	2
106001024697834719591	0.25	1
107955540453906207440	0.25	1
103389452828130864950	0.25	1
115505611402423023943	0.25	1
114608629417719564605	0.25	2
109279067119146991381	0.25	1
100892612779426154375	0.25	1
109218397058848562322	0.25	1
117388252776312694644	0.25	1
108759901321068677229	0.25	2
109940548579201825082	0.25	2
102445631084043565507	0.25	1
114149296801704936672	0.25	1
100968313568314999910	0.25	1
116664200671586865621	0.25	1
102373191596205712937	0.25	1
113290490933930426452	0.25	1
110815228753558444774	0.25	1
111402735079180150346	0.25	1
112960723772418803264	0.25	1
111258641113358659200	0.25	1
112447053770192628510	0.25	2
113723547560785067561	0.25	1
100162468983588503784	0.25	2
113158814439512755352	0.25	2
112466252788633155794	0.25	1
106192190006951379201	0.25	1
104227162571527308949	0.25	1
108258708238715051359	0.25	1
111028558577096792793	0.25	2
117327422214069944241	0.25	2
117843617175570491498	0.25	1
102518365620075109973	0.25	1
110788689115113965536	0.25	1
117366078117131024067	0.25	1
111862324534985995584	0.25	2
101209240845638551746	0.25	1
106002545837976723927	0.25	2
116229150468867889128	0.25	1
107742059751171695340	0.25	2
111091089527727420853	0.25	1
113279794098002104915	0.25	1
104059668198158762916	0.25	1
104380036950579300637	0.25	1
109424678692859413096	0.25	1
115318635105963690034	0.25	1
105406713523222664494	0.25	1
115970197492058000536	0.25	1
103798580410375641055	0.25	1
103592724199799962756	0.25	2
104857406109954440836	0.25	1
103038287804535196503	0.25	2
103068263997909352712	0.25	1
117287523098373414196	0.25	2
110334143643816920823	0.25	1
104774847989192263060	0.25	1
109480622928230949017	0.25	1
110687757011038291457	0.25	1
103245952838925212735	0.25	1
104482470639293494113	0.25	2
106745624912469757770	0.25	1
101670592154326222488	0.25	2
101261243957067319422	0.25	1
115644063183821773031	0.25	1
102370747100847006365	0.25	2
106170102981460245504	0.25	1
102958145054444947691	0.25	1
115949235079382739229	0.25	1
107767979961386776128	0.25	1
106672354193358676981	0.25	2
102170711796434588708	0.25	1
109220571677950177345	0.25	1
117105039195451218708	0.25	1
108138179417246621275	0.25	1
118046528534509927362	0.25	1
103616329388535190775	0.25	1
111831478459732211063	0.25	1
112162067187975810298	0.25	1
116247667398036716276	0.25	1
100771715351072186974	0.25	1
104214901993894018115	0.25	1
113920526057233976680	0.25	2
108032623298499022371	0.25	1
102554407414282880001	0.25	1
105785197801929483800	0.25	2
108913861400058319062	0.25	1
116825083494890429556	0.25	1
111517965487891541950	0.25	1
115989883012761813398	0.25	1
107728746484121067188	0.25	1
111707273404757375952	0.25	2
100733334063966339322	0.25	2
114239019095523962467	0.25	1
101035196437264488455	0.25	1
104537880274673141408	0.25	1
107101208158314368393	0.25	1
110200115381518276083	0.25	1
111469437334144611638	0.25	1
103462873333877980961	0.25	2
113674840233705663477	0.25	3
103486150650858067282	0.25	1
100904865892153488706	0.25	1
103079526275359000556	0.25	1
110548244043172681974	0.25	1
102384669117825357195	0.25	2
106775609116257959283	0.25	1
110970478049227720359	0.25	1
107985192097130438595	0.25	2
103049373110021341267	0.25	1
113339552992922631802	0.25	1
102759194596429227036	0.25	1
111221452655555194574	0.25	2
104147032621576433590	0.25	2
116723373737296001908	0.25	1
102002299339025067376	0.25	2
115106448444522478339	0.25	1
102779774343332622175	0.25	1
115526268345706885917	0.25	1
105362990780240393762	0.25	1
103033029948069942896	0.25	1
102618047349606277909	0.25	1
101536109537442359228	0.25	2
113127486243987630038	0.25	1
101465854435804471513	0.25	1
114835618008913240560	0.25	1
100429564727464307274	0.25	2
108234504729950216883	0.25	1
106629137435682213230	0.25	2
115378685971887645308	0.25	1
107832534983035746086	0.25	2
105426743019195604827	0.25	1
113636920520238749130	0.25	1
110945896776944314708	0.25	1
110351160992477343545	0.25	1
104833564316573420990	0.25	1
117765072461117547929	0.25	1
104602860284118862026	0.25	1
116315897040732668413	0.25	1
115314883913773500000	0.25	1
106753581955676569553	0.25	2
105524952191381141516	0.25	1
107489144252174167638	0.25	1
101445766182184837049	0.25	1
112941576498848328757	0.25	1
118418436905562612953	0.25	2
106369182367169177791	0.25	1
107438998639340158528	0.25	1
107004843925454095805	0.25	1
114026689596721923070	0.25	1
106356302054336184712	0.25	2
118026639398463272784	0.25	1
102817283354809142195	0.25	2
104975154049785009296	0.25	2
104405539079062799451	0.25	1
112276313212733068188	0.25	1
104038307312562787167	0.25	1
103483946223213592002	0.25	1
116466722243843357848	0.25	1
101188200134011189910	0.25	2
114971910361717492458	0.25	1
102063317248595630152	0.25	1
111232346000552816062	0.25	1
109199368112541207384	0.25	1
117437841282077965369	0.25	1
113686253941057080055	0.25	1
100942277385503843642	0.25	1
109660946159817383241	0.25	1
108705174211639807508	0.25	1
100304326644179072820	0.25	1
108202989932786461870	0.25	1
100612175927429294541	0.25	1
111500093521014695341	0.25	1
106382433884876652170	0.25	1
113500825539660330186	0.25	1
112707199408484711520	0.25	2
104885257057349034979	0.25	1
100397511207083609950	0.25	2
102549181577943816715	0.25	2
104526216227373345423	0.25	1
105297957519872682199	0.25	1
115029186078239273995	0.25	2
104639356062913210803	0.25	1
116049289435132333203	0.25	1
105146060706924233930	0.25	1
101961537456676830624	0.25	2
117726982845027243554	0.25	1
105360886504399318117	0.25	1
106432218283501790538	0.25	1
107742567767125793693	0.25	1
113543880726286626830	0.25	1
105901163994173548653	0.25	1
115005946020894252893	0.25	1
114229157887417365950	0.25	1
118051872541898086529	0.25	1
115657027275587830165	0.25	1
111058843129764709244	0.25	1
116772733228022884924	0.25	1
116690766770197620217	0.25	1
103400251789793470864	0.25	2
116862971710981267949	0.25	2
115121985249152159383	0.25	2
110824251196178181144	0.25	2
102835412008947310524	0.25	1
111286586057791047486	0.25	1
103216887847401478447	0.25	1
101456973732998708315	0.25	2
110528202096810721992	0.25	2
108564151148426564358	0.25	1
100584443531788315896	0.25	1
103464406071527299949	0.25	1
103612871313139094390	0.25	3
115121555137256496805	0.25	1
107125656733807816445	0.25	1
112931539494181042672	0.25	2
117020656025245358698	0.25	1
107561275736053026558	0.25	1
107947637687628065018	0.25	2
101396087935203987162	0.25	1
109357173702102949587	0.25	1
103958441795544241153	0.25	1
104123720716753323912	0.25	1
107119125214160307479	0.25	2
118114557675104381720	0.25	2
103519655975029093996	0.25	1
118146622799388835070	0.25	1
111977900626356225752	0.25	1
105155891492205942420	0.25	1
103236949470535942612	0.25	1
110948215934498920910	0.25	1
113409086302056667844	0.25	1
113890545538451545819	0.25	2
109330684746468207713	0.25	1
104327021644138461419	0.25	1
106728288712777899597	0.25	2
108991009330517868660	0.25	1
110185423098180883078	0.25	1
104410565826697099763	0.25	1
111674748486766258557	0.25	1
112912859416946029122	0.25	1
112995526873937214223	0.25	2
118124307960207045185	0.25	1
115831773236070302803	0.25	1
108470782772821648496	0.25	2
103876221190174441108	0.25	1
104461270372989098596	0.25	2
112099940363819205792	0.25	2
112463912307152529511	0.25	1
100545926367884760148	0.25	1
109679468628296768532	0.25	1
103570613990763043756	0.25	1
104193716690337877963	0.25	1
109738599232114906038	0.25	1
116901919113844762811	0.25	1
100974258168375166691	0.25	2
114407290472947588380	0.25	1
100348624348633155177	0.25	2
115150834179663036977	0.25	1
106281926406386811204	0.25	1
117910656982801298185	0.25	2
114122960748905067938	0.25	1
116056645771775490363	0.25	1
114923872200408451041	0.25	1
102195144388135237932	0.25	1
118048139271163842678	0.25	1
112777707951965404970	0.25	1
104846054806852679393	0.25	1
113881433443048137993	0.25	2
116137195593904458843	0.25	1
110025510288047799966	0.25	2
109711721158856077787	0.25	2
117303659386196918905	0.25	1
102721456220465994641	0.25	1
113027045900326447111	0.25	1
100169245463332350626	0.25	1
101861996949895074943	0.25	1
108894779805940659869	0.25	1
109447323719942836871	0.25	1
115037964805648105129	0.25	1
102736222974258337930	0.25	1
103497375962504727564	0.25	2
108941983487083451766	0.25	1
105302984191253092118	0.25	2
115829854934725647908	0.25	1
100488613039269707715	0.25	1
115156877578540641253	0.25	2
116375325352702759007	0.25	1
100962871525684315897	0.25	1
111203288827127631819	0.25	1
110012545983559094076	0.25	1
116678377243407600427	0.25	2
113490052015939420000	0.25	1
105551989431666449555	0.25	1
114155167297888500550	0.25	1
114787547408913858442	0.25	1
112507886156998828584	0.25	2
101384112455887732241	0.25	1
109217461409629684011	0.25	1
104495868343034960513	0.25	1
110106586947414476573	0.25	1
112758762643488258669	0.25	2
102626129336565123728	0.25	1
104683148932853617084	0.25	1
113814308797246800691	0.25	1
109146268902786795235	0.25	1
102187309739683311364	0.25	1
102476152658204495450	0.25	2
106473127993590176681	0.25	1
107598421710558595497	0.25	1
108932788008800738020	0.25	2
106285711640439638349	0.25	1
117058794763073546749	0.25	1
111048918866742956374	0.25	1
104678191247579814431	0.25	2
105485652243330461509	0.25	1
102715042925211875133	0.25	2
112419948133385175430	0.25	1
114519352081181231619	0.25	2
104768621699284314998	0.25	2
106279319871855626819	0.25	1
109434361033603191060	0.25	2
103333429938529668020	0.25	1
111293003979876666946	0.25	2
106236401395593744805	0.25	1
111141593289670026341	0.25	1
116299099519826365016	0.25	1
111796160977615105731	0.25	2
106326973089842217186	0.25	1
117662942602270995496	0.25	1
103520907987098229443	0.25	1
113806314825655138485	0.25	2
118093009217309942637	0.25	2
102227359845636175866	0.25	1
106600745638940406983	0.25	1
117997508248143467215	0.25	1
104445997459835728439	0.25	1
115687178185726009185	0.25	1
108399308857101352964	0.25	1
110573952887886961621	0.25	1
104166683851434520973	0.25	1
104973761519912571719	0.25	2
103306876714294066693	0.25	1
108997845082998789477	0.25	1
113101622648332135510	0.25	1
115530024341257565365	0.25	2
103041426716611851223	0.25	1
103022436792962972641	0.25	1
104961406012654314344	0.25	1
113628787636315115995	0.25	1
114705291165767286311	0.25	2
115622466243011136115	0.25	1
101963597801596120711	0.25	2
115605115857817552535	0.25	2
112870754718808962453	0.25	1
115220228182866909424	0.25	2
103419550990050140393	0.25	1
115817605533356808209	0.25	1
108215644829092784557	0.25	1
117757565120070816446	0.25	2
115185449105972818666	0.25	1
112391268677800082202	0.25	1
102071370520547943705	0.25	1
116584112681087621706	0.25	1
112915508949553064969	0.25	1
108542426628002931624	0.25	1
101387092275812938679	0.25	1
113122849211958571321	0.25	2
111907009595057957530	0.25	1
102173349122411290580	0.25	2
118376146231959416973	0.25	1
105474544524715065767	0.25	1
102283456104829064363	0.25	1
103385680316204614182	0.25	2
107979724997299395580	0.25	1
100586461319763000734	0.25	1
103907806627406122152	0.25	3
106955286072063487095	0.25	1
100038567648880602892	0.25	2
102538201331885956374	0.25	1
101554358085977409453	0.25	1
100937650350088175761	0.25	1
109489178494093125163	0.25	1
106445486315230745362	0.25	1
111955424985968365075	0.25	1
105374920856531167334	0.25	1
105002356945204242757	0.25	1
107870240225843632731	0.25	1
109893938013298835602	0.25	1
105262362497121611013	0.25	2
109549749746353031555	0.25	2
112252717385758369840	0.25	2
111164228693257897305	0.25	2
110467962309116084017	0.25	2
117309116348535379889	0.25	1
107417289353580360577	0.25	1
114078326715254174757	0.25	1
107554674723882976347	0.25	1
112709033170136874140	0.25	1
117343115127705504929	0.25	1
118249588048862243745	0.25	1
106836545009068405661	0.25	1
113607881597695397209	0.25	2
107941721361545003935	0.25	1
111142352210548917283	0.25	1
105044049419763533097	0.25	1
109117683049682245427	0.25	2
104376626976827590822	0.25	2
111591885083055459729	0.25	1
108108084972401378722	0.25	1
117876399076277118155	0.25	2
106580963834955888915	0.25	1
100499707306826250884	0.25	2
111139614243970723915	0.25	2
109970338579215706051	0.25	1
111292852688797062644	0.25	1
107140884077582692033	0.25	2
100092331202921778141	0.25	1
114625273099650392504	0.25	1
111881498975297914542	0.25	1
117175043717817186764	0.25	1
103977761514480488970	0.25	1
102022434129636807230	0.25	1
101258599180765111858	0.25	1
115827853028831873882	0.25	1
109188864678491369963	0.25	1
101920022412863413008	0.25	1
105181601937151625687	0.25	1
113946715443571015123	0.25	1
106998862988701836061	0.25	1
107813030534261413185	0.25	2
100001413119111821249	0.25	1
110450133026062729188	0.25	1
102750343066382220924	0.25	1
106032143128915938009	0.25	1
114503806689722509896	0.25	1
106872062155728669579	0.25	2
107650451991930674897	0.25	2
102906994070536647048	0.25	2
117183820283799944854	0.25	1
118375754338495394015	0.25	1
108629717769018996477	0.25	1
103375542801396350118	0.25	2
112047849358415491555	0.25	1
110159306642698690348	0.25	1
116665417191671711571	0.25	1
100186938589206311054	0.25	1
107024573215398123928	0.25	1
102850205899771037462	0.25	1
102615863344410467759	0.25	2
114159686106227869859	0.25	1
104034400380161849224	0.25	1
110765068012002894230	0.25	2
111989626226970062885	0.25	1
111540422098475932953	0.25	1
110282725703324769331	0.25	2
112760507419403470733	0.25	1
101076538555012253837	0.25	1
104772712395296724795	0.25	2
101720949843787442951	0.25	1
104291276465722490992	0.25	1
114008508715696166248	0.25	1
103596162499974572414	0.25	2
116854937671270701931	0.25	1
111080462245113801441	0.25	1
114456009458228190409	0.25	1
111803843720416020702	0.25	1
110279061276618920937	0.25	2
117468621612200276461	0.25	1
102342607000234078923	0.25	1
117668392750579292609	0.25	1
104345801144381868824	0.25	2
101203346412348566466	0.25	2
117386232350873428301	0.25	1
107575507172424264297	0.25	1
115910500821774038276	0.25	1
107073852799630124249	0.25	1
104773279548546374529	0.25	1
114514504476442464770	0.25	1
110111510059204475260	0.25	1
102307699200511494284	0.25	1
113519515002138138357	0.25	1
110728349411116483031	0.25	1
113020499347875878373	0.25	1
100384848726325214276	0.25	1
112205921543413385656	0.25	2
108220412294112538127	0.25	2
106389532840635389756	0.25	1
108022928752820018688	0.25	2
108453908996044976521	0.25	1
118271935460728368339	0.25	1
110550388302096651962	0.25	1
116190483391166899438	0.25	1
116769219214033011181	0.25	1
104330156508504717257	0.25	1
101942812620124342696	0.25	1
109724250625694951389	0.25	1
113957468609666994932	0.25	1
101191525961694438522	0.25	1
114043638225438662692	0.25	1
105979013717299656066	0.25	1
115687891469449491119	0.25	2
116972795767653239938	0.25	1
108052306421613081001	0.25	2
107062564884379657940	0.25	2
114970746561064136153	0.25	1
117202623485665431394	0.25	2
113107979927846622280	0.25	1
109857459643059274701	0.25	2
101051871774222870351	0.25	1
113965114020775903921	0.25	1
117233832724899564358	0.25	2
115849981806969662943	0.25	2
114682660945927080908	0.25	1
111701233143016610605	0.25	1
108769630318994384868	0.25	1
116871226303252528825	0.25	1
106073704117966472914	0.25	1
112589968131171571528	0.25	2
104590730428339310227	0.25	1
118060195966019127791	0.25	1
100511233118756795281	0.25	1
101773665563877788994	0.25	2
108447829781417943747	0.25	1
113206041779486043656	0.25	2
106724571013378765946	0.25	1
111420326633163205363	0.25	1
101052748085396957766	0.25	1
104861501110284456658	0.25	1
102533541805807244331	0.25	1
107871614706415352975	0.25	1
113403148306191005897	0.25	1
110162305735554343034	0.25	1
116435610018692137667	0.25	1
114585365564249361309	0.2	2
105634595459782465070	0.2	1
104108470253317688307	0.2	1
100512649718649402368	0.2	1
117722017701064691229	0.2	1
105901259206530390933	0.2	2
112844561713780016118	0.2	1
104738679296987729958	0.2	1
107543460658107759808	0.2	1
117596712775912423303	0.2	1
105822688186016123722	0.2	2
115629601032946652734	0.2	1
106684105564729483790	0.2	2
105076678694475690385	0.2	1
113166718268343560861	0.2	2
113116318008017777871	0.2	1
100855797004917861250	0.2	1
111825308640376984447	0.2	2
105735158965333960126	0.2	1
113097276181543898574	0.2	2
115582623750221438794	0.2	1
106792630639449031994	0.2	2
117344786984788205452	0.2	1
111499908439497508351	0.2	1
118292708268361843293	0.2	1
118169756271670551157	0.2	1
116992234810067730471	0.2	1
116570889542655364711	0.2	1
103697821787469756035	0.2	1
115989323496360706014	0.2	2
110349587692857642647	0.2	1
107350252619396782277	0.2	1
115478779964227301239	0.2	2
103681029286159969300	0.2	2
104219386206797402856	0.2	2
112437381388319107762	0.2	1
114113712956023697936	0.2	1
117421021456205115327	0.2	3
102624861844366198271	0.2	1
113612142759476883204	0.2	2
112661262066626464523	0.2	1
107033731246200681024	0.2	1
109524702084450613375	0.2	1
116282687710397001918	0.2	1
102882943853998128140	0.2	2
109123727761757726835	0.2	2
100000772955143706751	0.2	2
113085527809669872999	0.2	1
110318982509514011806	0.2	1
105189215390972334460	0.2	1
108896556048763968559	0.2	1
118216759969087724610	0.2	1
109746540495919889829	0.2	1
113364856660738963998	0.2	1
115212051037621986145	0.2	1
112084876183612055398	0.2	1
108437871879281403721	0.2	2
100940716892313727285	0.2	1
117358845486245155054	0.2	1
113217924531763968801	0.2	1
108082478497335384404	0.2	1
110899709105002539146	0.2	1
117840649766034848455	0.2	1
117010015578326820030	0.2	1
100258208745065110297	0.2	1
100854202666064752024	0.2	1
114826457457941066820	0.2	1
112339769006469685593	0.2	1
105280454217398641239	0.2	2
107394089746884032903	0.2	2
117377434815709898403	0.2	1
108077086504877995438	0.2	1
111465359080289844494	0.2	1
107498551973438521478	0.2	2
108182285273662041292	0.2	1
106220472901841709358	0.2	1
116416314233992548280	0.2	1
115612379994682252768	0.2	1
109182513536739786206	0.2	1
105421360534824524100	0.2	1
117134203809928335453	0.2	2
103100496883422151101	0.2	2
112421556686217417008	0.2	1
100008438047495460295	0.2	1
111930343403502205052	0.2	1
102034052532213921839	0.2	1
107291158434082397409	0.2	1
108177381721794114207	0.2	1
105072305864951447999	0.2	1
106747990444555145217	0.2	2
103806016066388243587	0.2	1
109736551118253133079	0.2	2
109602109099036550366	0.2	1
102600774742322762226	0.2	2
108000051912603578599	0.2	1
117309732588915079021	0.2	1
115633632300685704236	0.2	1
110845149859025684138	0.2	1
111654284395316165338	0.2	1
101744356052507285357	0.2	1
109735868860370294405	0.2	1
115270991787918797589	0.2	2
117818363829980497205	0.2	1
115360979797396777969	0.2	1
105477094955923005317	0.2	1
106979372492552141708	0.2	1
105284909171916066479	0.2	1
103131233834166863270	0.2	1
108221835031756703002	0.2	1
113478761738589490565	0.2	1
113801236315350503728	0.2	2
112716356719620674952	0.2	1
112554148723499466074	0.2	1
118245559326500322262	0.2	1
101205158768960115200	0.2	1
113190229460560085138	0.2	1
113164038788726940319	0.2	1
100254540977147179100	0.2	1
116304368527992037535	0.2	1
101057616370673656059	0.2	1
113255240335204167235	0.2	1
115293744081058969329	0.2	1
101790464138367096305	0.2	1
115520060196307957133	0.2	1
103318762769346579012	0.2	1
100518419853963396365	0.2	2
102910134731476500425	0.2	2
107484261818025698576	0.2	1
115655034901162574758	0.2	2
108002138812927763875	0.2	1
103739686836221835119	0.2	1
113455290791279442483	0.2	1
108373054660269328912	0.2	1
117220625678034723010	0.2	1
102221942940843100503	0.2	2
100275307499530023476	0.2	1
114629508960670409934	0.2	1
115047896996200277508	0.2	1
118357356982727825178	0.2	1
100545888235193447374	0.2	2
116762461061414014956	0.2	1
112364132652438722780	0.2	1
105216491640488683417	0.2	2
108760030237040972699	0.2	1
111354898762836449993	0.2	2
101494804320126833381	0.2	2
116973390574320264137	0.2	1
116663982997041117781	0.2	1
109342148209917802565	0.2	1
108702243956983861993	0.2	1
110351155041587328439	0.2	1
100623276740673202144	0.2	1
107540638333054762391	0.2	2
104484219049883711215	0.2	2
117260336597119077984	0.2	1
111538009015644508967	0.2	2
114765095157367281222	0.2	1
112218589748828786066	0.2	1
111169963967137030210	0.2	1
102780726906835902473	0.2	1
101849747879612982297	0.2	3
104106591514117095418	0.2	2
112276589013569458330	0.2	2
110260043240685719403	0.2	1
103112588675637065591	0.2	1
101275179870005929648	0.2	2
111548137920489485631	0.2	1
111666959095947698908	0.2	1
106952974709619007593	0.2	1
115132759088093329854	0.2	1
107833107845497630206	0.2	1
100951976559465900344	0.2	1
101236858846615839139	0.2	1
114202150062599138446	0.2	2
108952536790629690817	0.2	1
103207773865797007066	0.2	1
112460361944526645003	0.2	1
100731642519201758289	0.2	1
109174551750397653742	0.2	1
113953592758896789108	0.2	1
109581870574956225297	0.2	1
117022360218546588650	0.2	2
108918543910683328301	0.2	1
109667890964357276732	0.2	1
116452824309856782163	0.2	1
117131320813354732027	0.2	1
109211116411113268690	0.2	1
106318111152683661692	0.2	1
108038060678219248624	0.2	1
112888096775862293935	0.2	2
113920721823301219308	0.2	1
106036588985851683922	0.2	1
103493459351957813291	0.2	2
105155694005921782356	0.2	1
111647958621817995641	0.2	2
118075919496626375791	0.2	1
116755662228900061089	0.2	2
103814653718186136893	0.2	1
100207477270540479656	0.2	2
103334611312899628087	0.2	1
105716316100591540255	0.2	2
108226825694145957897	0.2	1
103140137391526341351	0.2	2
112543423342469660527	0.2	2
100730833375759655346	0.2	2
117152814213463502428	0.2	1
103363342114971078869	0.2	2
111326252849459841758	0.2	1
111000835266298743697	0.2	1
103171849011748425097	0.2	1
118207880179234484610	0.2	2
100535338638690515335	0.2	1
111042085517496880918	0.2	1
104142754390088344306	0.2	1
103354693083460731603	0.2	1
105031351112385162425	0.2	1
106422711035746240826	0.2	1
117122165783749287103	0.2	1
115565811010545226083	0.2	3
106765698909590567191	0.2	2
105574566053602019710	0.2	1
117681241555382421104	0.2	1
110554344789668969711	0.2	1
100095245926948995335	0.2	1
104629596815910531769	0.2	1
116394575739281318169	0.2	1
100332967712148133281	0.2	1
105225758574529720824	0.2	1
113188612577956798585	0.2	1
111467732620114456012	0.2	1
108270712126515524163	0.2	2
104557885419342982371	0.2	2
104612091113514802664	0.2	1
100124389520659251191	0.2	1
103739434091749997009	0.2	2
107469895927414342167	0.2	1
100542372891417952741	0.2	1
109649981586198001137	0.2	1
116561012331692075800	0.2	1
109777274122671124391	0.2	1
111274793006011871823	0.2	1
104002901148141071077	0.2	2
103068825327398983563	0.2	1
115849374796259856253	0.2	1
107323726887023845557	0.2	2
113878519978828324792	0.2	2
107896527414017792767	0.2	1
115995639636688350464	0.2	1
102627633275346519645	0.2	1
106102550162976117394	0.2	2
102991700177087923792	0.2	2
112254467169147545881	0.2	2
114337606913650576428	0.2	2
107561981993115897933	0.2	2
109610954243983229925	0.2	3
115739378269261680935	0.2	2
111204757488124368395	0.2	1
100580057424662460288	0.2	1
100235922209681015211	0.2	1
118419146817026795484	0.2	2
111136943830266615679	0.2	2
107753428759636856492	0.2	1
100294758791749346180	0.2	1
110283614416666096234	0.2	1
114913695122028886252	0.2	1
112870803958713211515	0.2	1
115360471097759949621	0.2	1
107888267505623282927	0.2	2
115347549485911941147	0.2	2
117378076401635777570	0.2	1
115146484128708835538	0.2	1
101174951617223562800	0.2	1
109444531289011109804	0.2	1
105256156026694816333	0.2	1
106473332550730818968	0.2	2
102871123574468799566	0.2	1
105242052952566062929	0.2	1
104458801156000551882	0.2	1
104672614700283598130	0.2	2
101080167733770848150	0.2	1
107411779847720040891	0.2	1
110563351377427897709	0.2	1
105144963864645396987	0.2	2
111378435554188237250	0.2	1
101288593495419475448	0.2	1
113633513099265124009	0.2	1
110556772494804817339	0.2	1
117993751114584037254	0.2	1
108759270777800830775	0.2	1
105099339176366895536	0.2	1
118297780429110098708	0.2	2
105859336141302477651	0.2	3
115109077044202722504	0.2	1
104632498797538161009	0.2	1
100793604175518507635	0.2	1
101111725148957537937	0.2	2
111181389036901378787	0.2	2
105573336522744500229	0.2	1
104353118898518999652	0.2	1
112710501221399450850	0.2	1
100470251872204551162	0.2	1
117105764275907696041	0.2	1
106501936839371135482	0.2	1
102551941756264952369	0.2	1
106215718640234782825	0.2	2
109592634059397506775	0.2	1
111742562190411471360	0.2	1
104490451772877571247	0.2	1
103772069584080057731	0.2	1
105324761189549512199	0.2	2
102048265612444661933	0.2	1
104849340488933629464	0.2	1
110918518132080106257	0.2	1
111714769899525603342	0.2	2
116616308336241469769	0.2	1
100488224785956829033	0.2	2
106980415683422018641	0.2	1
108356449496660017222	0.2	1
103124541911467407986	0.2	1
111288574156818690676	0.2	1
100834378485895409468	0.2	2
107519026002586025827	0.2	2
110492963926129353210	0.2	1
103412467963949820727	0.2	1
110321775511217120259	0.2	1
114290753525835355281	0.2	1
104318823080318747316	0.2	1
108122606105859905880	0.2	1
116805285176805120365	0.2	1
111925802087694731213	0.2	1
113041693148251706037	0.2	1
101149790069455088279	0.2	1
110774716562757828286	0.2	1
116383082805688088798	0.2	1
116059998563577101552	0.2	1
100020543878001218554	0.2	1
108640673873589796416	0.2	1
103541694080221120019	0.2	1
104957875493090526428	0.2	2
111491466248379228198	0.2	1
104753404720170003685	0.2	1
111322657380471149065	0.2	1
111054625704156052460	0.2	1
102976465024742837897	0.2	2
110891307255905847602	0.2	1
113326499478607390840	0.2	1
115793765515193253189	0.2	2
112682083801228012461	0.2	1
101185406398932804414	0.2	1
114823329938030546555	0.2	1
110192912711569207284	0.2	2
105736845776186133351	0.2	1
115571267671256018716	0.2	1
116189335694167366679	0.2	1
101326359135790262301	0.2	2
105637293618598027400	0.2	1
117954878342187283481	0.2	1
116214152295449083654	0.2	1
107413791879412831567	0.2	1
100616648198520718139	0.2	1
113483627776238327046	0.2	1
109809835379677001002	0.2	1
109046012710650953201	0.2	1
114274687956791581923	0.2	2
109140277806644720261	0.2	1
115436538708975855981	0.2	3
103251633033550231172	0.2	1
108594512957979246960	0.2	1
110525027601099097745	0.2	1
112448675882451236231	0.2	1
102108625619739868700	0.2	1
102218502614021519543	0.2	1
113270197490827805845	0.2	1
103056961644777255745	0.2	3
112707583697711905956	0.2	1
103159555629815965457	0.2	1
103691312271671214670	0.2	1
116635061583722144944	0.2	2
118246412183062133215	0.2	1
112392711044464480760	0.2	1
115478738847874567952	0.2	1
103765655241162838230	0.2	1
108255750659110762991	0.2	1
105275638908165446414	0.2	1
102483806521168488911	0.2	1
108834544234077411259	0.2	1
118066818975852193948	0.2	1
109513465916727821308	0.2	2
116145904876152932515	0.2	2
116382176338700131903	0.2	1
101319199068187021366	0.2	1
108450221981099507967	0.2	1
103325969492772452485	0.2	2
107771531222021787266	0.2	1
114853332062152320779	0.2	2
118344481609730757471	0.2	1
110093924230386058173	0.2	2
111213469413600233660	0.2	1
106655673108390131524	0.2	1
101470404715556915067	0.2	1
107809887881237177248	0.2	1
102044205109885146246	0.2	1
100701171891592623537	0.2	2
105734496188329876446	0.2	2
115074742580527848126	0.2	2
109382399467773066897	0.2	1
107054744026933176373	0.2	1
116626367309939192323	0.2	1
118189632042502811468	0.2	1
107606703558161507946	0.2	1
117709694270221255743	0.2	2
103677797198301167861	0.2	2
103558688401827648594	0.2	2
112382791805996029441	0.2	1
116793922232941650573	0.2	1
112012981463094940685	0.2	2
100838318974719130475	0.2	1
118366434321949032955	0.2	1
115547473794613224145	0.2	2
112558842849268568366	0.2	2
101069176603529970895	0.2	1
102085605529113136670	0.2	1
114379013029974249708	0.2	2
112007787442541769026	0.2	2
102463809205898225329	0.2	1
117523047521837823505	0.2	1
110571646400532577679	0.2	1
112024137259836783443	0.2	1
106268128704132883440	0.2	1
114236428172025092916	0.2	1
104605946488794124557	0.2	1
118226956177229168424	0.2	1
115694705577863745195	0.2	1
102545157386069758709	0.2	2
103300363750121441954	0.2	2
101602407166781749560	0.2	2
104748610432944539712	0.2	2
103399926392582289066	0.2	1
111732375221065535359	0.2	1
104550678234629742078	0.2	1
113698589973698283456	0.2	1
101003050747643922215	0.2	1
109613821607219607272	0.2	1
115114913189224994120	0.2	1
106532709318061274779	0.2	1
116828013594842707394	0.2	1
103105365164405168603	0.2	2
105831704374179338116	0.2	1
115370996311184482015	0.2	1
113491432324942287374	0.2	1
104847030159797520867	0.2	1
106594741903694904203	0.2	1
106091938913632452687	0.2	1
111310990991240556038	0.2	1
106909780620672931572	0.2	1
112374836634096795698	0.2	1
106434073353360803681	0.2	1
103585794560779410809	0.2	1
103957402175604659608	0.2	2
111577433381708222371	0.2	1
109628964016241092991	0.2	1
117807373507435100906	0.2	1
101453162215777563254	0.2	2
107430845324954412304	0.2	1
112645687732726255348	0.2	1
115135005437142391944	0.2	1
107461401697190700469	0.2	1
101027761691770872737	0.2	2
115621978245054419699	0.2	1
117663015413546257905	0.2	1
111694424168117997300	0.2	1
115696978612493731094	0.2	2
117880917724991808642	0.2	1
109542911649507348876	0.2	2
112749216212330183140	0.2	1
103551022711412136447	0.2	2
114769669943644476032	0.2	1
113119946144896349087	0.2	2
102403331307606219198	0.2	1
116768967108862685383	0.2	1
108562908057958673728	0.2	1
116433293835224916061	0.2	2
106154493978299996445	0.2	1
101235095970404720691	0.2	1
111402596168371767684	0.2	2
111875696375582355648	0.2	1
118187941084879656083	0.2	1
107378707924187920177	0.2	2
101657038397569061811	0.2	1
117599103108596130864	0.2	1
104263699971792809737	0.2	2
101510589209151784871	0.2	2
113149143905845100313	0.2	1
104608537100462362514	0.2	1
114952856971552667529	0.2	1
109720896441700402222	0.2	1
106180849878966653229	0.2	1
109326126340489568877	0.2	1
108487822477374389081	0.2	1
106239065045371194467	0.2	1
115632342331199040846	0.2	1
117443217206442118345	0.2	1
112576581010288711350	0.2	1
111502348183832292008	0.2	1
113882113745075873153	0.2	1
115372405214595182619	0.2	1
109384073644047775983	0.2	1
100585343115008818502	0.2	1
108261172458336520976	0.2	1
110685905875735413071	0.2	1
107602141496407998698	0.2	2
104747723716691230720	0.2	2
101865604313538334696	0.2	2
100678762408497098143	0.2	1
103678929192213568672	0.2	1
111621080947386368917	0.2	1
116309102273196668202	0.2	1
107514358377457045241	0.2	1
106827435129228039771	0.2	1
100743764043275797028	0.2	1
112048070794252585618	0.2	1
112650309196599566731	0.2	1
117462647877833265136	0.2	2
100300281975626912157	0.2	1
104215081746139431649	0.2	1
112634190379237169671	0.2	1
112521349512069505125	0.2	1
111318896268045536185	0.2	1
105364256355824338014	0.2	2
117877432795779055982	0.2	1
110067835153954222370	0.2	1
108971325933382863776	0.2	1
117115966619059273164	0.2	2
103984365514494995185	0.2	2
115690810845062432413	0.2	1
104192099372982491378	0.2	2
109101722327425229704	0.2	2
115686733229636352212	0.2	1
109606028786934965513	0.2	1
102353931115607880376	0.2	1
102451193315916178828	0.2	1
111210330267855967903	0.2	1
105374441133823577655	0.2	1
112957482889906386919	0.2	2
109776705010296990504	0.2	2
115163164308884702565	0.2	2
104504981805192333775	0.2	1
109030826469034724521	0.2	2
112659624466139657672	0.2	1
102382550557033301664	0.2	1
104047378152483720725	0.2	1
105296061191723353379	0.2	2
117365249176741374837	0.2	1
104937046310588899161	0.2	2
102788188879597384862	0.2	2
110860536659713073711	0.2	1
108222115997850918089	0.2	1
106883702465888960641	0.2	2
112886282104567148455	0.2	1
113475277239647026452	0.2	1
107928640229455398348	0.2	1
108280699895760004049	0.2	2
107163363290899911898	0.2	2
104239632822744282249	0.2	3
102829481403199559431	0.2	1
103709022883073276752	0.2	1
108757392963889590632	0.2	1
106665185918564754695	0.2	2
115910379058188297789	0.2	1
113571142494120128389	0.2	1
109411406785201484035	0.2	1
105400736676917752271	0.2	1
115940511630531767202	0.2	1
106892948147054244052	0.2	1
100307554815565902046	0.2	1
111124930081935539248	0.2	1
118133884284352157678	0.2	1
105704599412926679653	0.2	1
116608322618732526003	0.2	1
110258289774916949765	0.2	2
117488363539668429055	0.2	1
117118709044455666203	0.2	1
116452935508617689824	0.2	2
104651001045267735268	0.2	1
106646327726394694306	0.2	1
105693863365004882128	0.2	1
113901041381644461053	0.2	1
116951145888391044655	0.2	1
102781315536557513596	0.2	2
117939449396284436490	0.2	1
104129023324142127167	0.2	1
107858226132224039781	0.2	1
117333872157134618040	0.2	1
100933312428715463057	0.2	1
102867944615170492594	0.2	1
114136896194133068248	0.2	2
117623376924449649354	0.2	1
102621281688685597024	0.2	2
108610056059491923585	0.2	1
100311162832484339780	0.2	1
100057564226766888534	0.2	1
104793896586531125629	0.2	2
103769635144669700572	0.2	1
101086882349363163093	0.2	2
105530753282729938938	0.2	1
117734570810776250865	0.2	2
110552955668017973206	0.2	1
104872324815116706180	0.2	1
116249406478876568432	0.2	1
104330705025733851532	0.2	1
106372800511710859472	0.2	1
112915952962578336480	0.2	1
106137184554455608030	0.2	2
116183855184331569272	0.2	1
107640279749845902491	0.2	1
117180480830995674717	0.2	1
104191514233385365427	0.2	1
105459286176511899555	0.2	1
113537816641386783143	0.2	1
102448330580254127419	0.2	2
106017913460920290897	0.2	1
112053177074571305383	0.2	1
100151679960733163426	0.2	2
116178645480300264734	0.2	1
114507550158004287538	0.2	1
116462992261607433760	0.2	1
113844795457893664882	0.2	1
101221347510852462867	0.2	2
111053284853313335158	0.2	2
108880033122146227874	0.2	1
105716885556944781893	0.2	1
110731951130561423918	0.2	1
111162262501040503777	0.2	1
108255121787158995006	0.2	1
109821942853988316477	0.2	1
117351146881791885024	0.2	1
101462942800226460671	0.2	1
112084832444408452740	0.2	1
111003269571421285363	0.2	1
110249793756720803252	0.2	1
107852572315284351279	0.2	1
103969949985418807616	0.2	1
100336272258509806520	0.2	3
116140208161479945314	0.2	1
115052395518167301753	0.2	1
105580309549043609777	0.2	1
111019227614505695276	0.2	1
116499641291095397630	0.2	2
115615870972868802243	0.2	1
110321107738977493486	0.2	2
113906296663725463649	0.2	1
100881023835399578828	0.2	2
113633958330003263220	0.2	1
113203123810527405800	0.2	2
101495480187227078065	0.2	2
115478097795938781715	0.2	2
106195831571853627393	0.2	1
102677360507146038290	0.2	2
107161994418260055203	0.2	1
107537822875947902654	0.2	2
105416475244874554281	0.2	1
102303489188902996150	0.2	1
103545629159196000620	0.2	1
100670347639803003300	0.2	2
101150692293277503598	0.2	2
106254972264576078726	0.2	1
107841270005227255941	0.2	1
100737284110349585660	0.2	1
111257212321180028563	0.2	3
105412310357466966462	0.2	2
111048856828176110050	0.2	1
102543061505104093520	0.2	1
103137844121796430129	0.2	1
101919857434340324279	0.2	1
117339675116912361230	0.2	1
113468888266441429026	0.2	1
102088547056113048229	0.2	2
100280539889063865561	0.2	1
106182917486452443234	0.2	2
110403017422838430615	0.2	2
117072775158747989459	0.2	2
105643635010862118041	0.2	1
110511119801572207510	0.2	1
116512228736418254512	0.2	1
103242813022162579092	0.2	1
110565507693362553114	0.2	1
108284410156428722582	0.2	2
111042318165379633986	0.2	1
117553815288815289271	0.2	1
114720497319587083677	0.2	1
109043985742137302884	0.2	1
112283401196617124425	0.2	1
103536232398741480455	0.2	2
113960134353726183753	0.2	2
109775332677855506641	0.2	2
114416607471452565313	0.2	1
104248153683215235974	0.2	3
112473642478634986626	0.2	1
100657669520660173407	0.2	2
104292728383667047650	0.2	2
104464213307930594685	0.2	1
107796588527815558804	0.2	1
103012084794102991018	0.2	1
110725325618301496140	0.2	1
115327002307291406778	0.2	2
113723082395180772734	0.2	1
113979330898220800570	0.2	2
113127747556347462826	0.2	1
101180718446804365445	0.2	1
106916385007120459627	0.2	1
114683545020318061069	0.2	2
105392837923202985554	0.2	2
107308510349111290621	0.2	1
115961362642930105804	0.2	1
106464496421436142643	0.2	1
105229497346231976310	0.2	2
111498062968670177287	0.2	1
102376632368867019194	0.2	2
106084562633035075655	0.2	2
107765155354887834405	0.16666666666666666	1
103233967921245494760	0.16666666666666666	2
103198493505002665294	0.16666666666666666	1
116612263523774620954	0.16666666666666666	2
114055975301837030490	0.16666666666666666	2
105945403054619746508	0.16666666666666666	2
117876452096235489488	0.16666666666666666	1
104000421967098138420	0.16666666666666666	2
116792953962445337353	0.16666666666666666	2
101953803500909190578	0.16666666666666666	1
103172158448932010502	0.16666666666666666	1
113702582781050787568	0.16666666666666666	1
115788203615961124571	0.16666666666666666	1
111952642093556825738	0.16666666666666666	2
101943110591651763058	0.16666666666666666	1
100193529331792590881	0.16666666666666666	1
113127438179392830442	0.16666666666666666	1
104287479242104714441	0.16666666666666666	1
114241688322712655466	0.16666666666666666	2
111655960118119221390	0.16666666666666666	2
117916371001800852929	0.16666666666666666	1
116525969499682780878	0.16666666666666666	1
101222125576635425546	0.16666666666666666	1
113495232224735828648	0.16666666666666666	1
116924321492365561600	0.16666666666666666	1
103111382143198287157	0.16666666666666666	1
107264515902167457136	0.16666666666666666	1
100537991844787325512	0.16666666666666666	3
106165546235517464359	0.16666666666666666	1
115658896387238242974	0.16666666666666666	1
108772200278976934119	0.16666666666666666	2
115562834527330595082	0.16666666666666666	1
110688474802292277786	0.16666666666666666	1
113545540702713283266	0.16666666666666666	2
111983349552187459374	0.16666666666666666	2
100595870216606974499	0.16666666666666666	1
113489241287639165132	0.16666666666666666	1
117555368223516714643	0.16666666666666666	1
112353210404102902472	0.16666666666666666	1
112072934052683456906	0.16666666666666666	2
100972460481761964036	0.16666666666666666	1
104573460697559122515	0.16666666666666666	2
105062545746290691206	0.16666666666666666	1
107940613488592745009	0.16666666666666666	1
110906874090916136949	0.16666666666666666	1
110758724680998043166	0.16666666666666666	1
105306298257899269942	0.16666666666666666	1
101375231132465229074	0.16666666666666666	1
108845452184637335176	0.16666666666666666	2
104342997539494154299	0.16666666666666666	1
110981030061712822816	0.16666666666666666	1
114336758033777482113	0.16666666666666666	1
111770459801993602257	0.16666666666666666	1
118063637485562004479	0.16666666666666666	1
103022927889268617144	0.16666666666666666	1
117754067714037445149	0.16666666666666666	1
105951083208800607266	0.16666666666666666	1
114565787878205305389	0.16666666666666666	1
102472204830503422684	0.16666666666666666	1
113912773028763131603	0.16666666666666666	1
108712753024066340234	0.16666666666666666	1
102503042435045240664	0.16666666666666666	1
104372191748892968254	0.16666666666666666	2
113602327320163521345	0.16666666666666666	2
113359777710817483258	0.16666666666666666	1
115109047948517820815	0.16666666666666666	1
109927847090015263697	0.16666666666666666	1
106962539007119467299	0.16666666666666666	2
102675006758178798264	0.16666666666666666	1
116032490611047283168	0.16666666666666666	2
103231502413952116096	0.16666666666666666	1
111294201325870406922	0.16666666666666666	1
104758683354871067458	0.16666666666666666	1
113604014749807165723	0.16666666666666666	2
105425518837935313061	0.16666666666666666	1
102209971160568926395	0.16666666666666666	1
115091385723895886241	0.16666666666666666	1
102772703461234946308	0.16666666666666666	1
108770851221866722414	0.16666666666666666	1
112087906318258267756	0.16666666666666666	2
102598378133436784997	0.16666666666666666	1
101987072260327250694	0.16666666666666666	1
116930732162144793517	0.16666666666666666	1
109216170916494348716	0.16666666666666666	1
113862800338869870683	0.16666666666666666	3
103864879798720765093	0.16666666666666666	1
109686944387245096757	0.16666666666666666	1
108840253750748459271	0.16666666666666666	1
116014836340643816850	0.16666666666666666	1
108642627341139612285	0.16666666666666666	2
111931627441418090108	0.16666666666666666	1
103634328035172134380	0.16666666666666666	1
112721165392049670401	0.16666666666666666	2
116942833168180329090	0.16666666666666666	2
117697895176663418113	0.16666666666666666	1
100919813540676739925	0.16666666666666666	1
112693485303690368068	0.16666666666666666	1
116054611440772847592	0.16666666666666666	1
106203945839948381962	0.16666666666666666	1
102665457201814613689	0.16666666666666666	1
101463124757921533894	0.16666666666666666	2
106521982745252522659	0.16666666666666666	1
113898665962434649816	0.16666666666666666	3
115998349977034505070	0.16666666666666666	1
112735672030941072214	0.16666666666666666	2
115081533320819288276	0.16666666666666666	1
103614022894261388839	0.16666666666666666	1
100120213923428199655	0.16666666666666666	2
113877972545027162214	0.16666666666666666	1
110189618622782472134	0.16666666666666666	2
102817867174674938668	0.16666666666666666	1
100488352721851395719	0.16666666666666666	1
106722799090952227190	0.16666666666666666	1
105512349540712813747	0.16666666666666666	2
116163990529402760947	0.16666666666666666	1
108450381222889586756	0.16666666666666666	2
102891124067306440283	0.16666666666666666	1
106226966202724973183	0.16666666666666666	1
107015505240079939270	0.16666666666666666	1
108393496244211952190	0.16666666666666666	1
114809488257853535663	0.14285714285714285	1
114128909453343413334	0.14285714285714285	1
114474252347218597235	0.14285714285714285	1
117891208395394989624	0.14285714285714285	1
111163557023441462482	0.14285714285714285	1
112966941116896663612	0.14285714285714285	1
100193663320731796316	0.14285714285714285	1
117112853655892097462	0.14285714285714285	1
117191685872961346682	0.125	1
110241536652225321958	0.125	1
101765416973555767821	0	2
107968787521028284191	0	2
107739599201415233262	0	1
116768025101289740566	0	1
107902791674095682080	0	1
116941330319027747519	0	2
113980362021879068284	0	1
109220060006128553211	0	1
116631329713205553508	0	2
116432251184426855029	0	1
100941266751440211155	0	1
109895887909967698705	0	2
106499409180130178424	0	1
104233435224873922474	0	1
114831291174925522786	0	1
111124838372075709293	0	2
108527329601014444443	0	2
105873814765821560444	0	2
103586615087663445665	0	1
106189723444098348646	0	1
104120283641952784543	0	1
109959354295627734270	0	1
100088145432660962453	0	1
114127684466692817416	0	2
108439032486286528947	0	1
111962077049890418486	0	1
113107253403679023320	0	2
104656736936976952947	0	1
107784212140893392732	0	1
116636748458958160068	0	2
113508859157703949314	0	1
103200491340117663153	0	1
117186458716523937136	0	1
101432770709896418691	0	2
106717946845088683921	0	1
102928776184885662370	0	1
109137760259951398225	0	1
113735310430199015092	0	1
106982821126115479387	0	1
103886169577382449092	0	1
103716847685048716973	0	1
107524191248420715214	0	1
109709900240523274422	0	2
104770776614693816879	0	1
105466596306740968847	0	2
112617127041903537004	0	1
111262146038004038186	0	1
103765013042311928518	0	2
100262595546646927505	0	2
117622079686568464918	0	2
113751353481962008916	0	1
113464569897311842405	0	1
107494834634231938072	0	2
113027287369712034675	0	1
114908847203028092210	0	1
103344052135749201727	0	1
103579304160477212496	0	1
104390246098751387487	0	1
108176814619778619437	0	1
114070361435961412570	0	2
104482086818095930400	0	1
113895942978964425455	0	1
115851550445020159565	0	1
105037104815911535953	0	1
108189481625587435470	0	1
107021673626783863919	0	1
106479810786066301528	0	1
102349305007676725479	0	1
117603418437094018321	0	1
114767803040499829479	0	1
115961021629090154025	0	1
114634469290344215480	0	1
102533732658641069172	0	2
104129971305612636060	0	1
100377493270775536948	0	1
109175039121057928008	0	2
107771181372242547518	0	1
102178700954286324866	0	1
115827102015626765455	0	1
115249860954021772424	0	2
107011265359512082824	0	1
112652642866960214917	0	1
109813896768294978296	0	1
103095786308890475164	0	2
118254993345625377660	0	2
112011605270017123101	0	2
108312944398165015025	0	1
117075503202449801357	0	1
101854596522140504619	0	1
102377882249382281108	0	1
113143203855389025652	0	1
118390167878000222314	0	1
112389932668399661722	0	1
102089694494934693036	0	1
101832053372535369591	0	1
116524340615193846747	0	1
113117251731252114390	0	1
114536133164105123829	0	2
115863474911002159675	0	1
106091437008044502774	0	1
115020081348374234621	0	1
113417057124767990937	0	1
112750091316252656625	0	1
109351399938437494273	0	1
109486821799932251955	0	1
107982618909749811163	0	2
115404182941170857382	0	1
107408720924877751027	0	2
113756723130417023993	0	1
110727249496967897430	0	1
100219691404074384850	0	1
117728611187295597769	0	1
116640923223897011110	0	2
118197810020432218051	0	1
107026299993226528916	0	1
117721173555291749040	0	1
118208834515255752193	0	2
110286587261352351537	0	2
109128179703780508212	0	1
113479077943272344844	0	1
103533326117556337218	0	1
106711803105103787711	0	1
103097764320602190090	0	1
107828564012543852080	0	2
104895617958403173354	0	2
106653678649405633861	0	1
109507653225799908921	0	1
113186623583029971455	0	2
110487324451850883514	0	1
116166660014087779586	0	2
104384618198413714249	0	1
104548627795526843775	0	1
115142215538295075810	0	1
108842492591796792953	0	1
107117483540235115863	0	1
101629211371073711149	0	1
113216366128482077350	0	1
113652586489938031976	0	1
111935860955005881764	0	2
113097851206100618060	0	2
114979733565079457374	0	2
103012564142649561853	0	1
103784452522248646050	0	1
107420422968461975442	0	2
108551811075711499995	0	1
106497949182730964838	0	1
107590607834908463472	0	1
110974772585842612281	0	2
114424163811716070551	0	1
105273428597140573510	0	1
101130656339668533532	0	1
104522833443181754677	0	2
103855721758679327070	0	2
102627418873482927781	0	2
107526321116822867905	0	1
111492199188028722222	0	1
114760865724135687241	0	1
104511933936275853523	0	1
109412257237874861202	0	1
104836499553026434359	0	2
110036682383342142442	0	1
118320665823821681206	0	1
117470589447997132376	0	1
103895402092394980881	0	1
110054750107833929512	0	1
114032377231336150221	0	1
105346939153596829763	0	1
110806755301520450833	0	2
115471815788264818704	0	1
101145980349117737014	0	1
111816515200518816885	0	3
109051167482734565875	0	1
103899043917116388673	0	1
117861338670157326726	0	1
117000139571713536948	0	1
115127559705751985046	0	1
105046530334806680420	0	1
104742982668636003288	0	2
106133480923323663427	0	1
109074857816744029470	0	1
114821822690045428621	0	1
107013418740229269209	0	1
102166784284150540138	0	1
106407963814165910213	0	2
112063946124358686266	0	1
102873175118305865375	0	1
104971164798974135902	0	2
107112192270189573201	0	1
116937581022538783895	0	1
100605864222557374608	0	1
109031486518632696635	0	1
114848435876861502546	0	1
103098126539463365520	0	2
111983961140937248134	0	2
102409541521880756024	0	1
109619063322910077914	0	1
114703714445331612880	0	1
108960343477388551490	0	1
118434571402594973003	0	2
102538905206519918173	0	1
114618043230336563405	0	2
113210431006401244170	0	1
111562638514922412630	0	1
113922681403146970349	0	2
109045366876404424354	0	2
107234826207633309420	0	1
102150693225130002912	0	1
106467956464026331029	0	1
113544226688149802325	0	1
102717421433762219474	0	1
106245708073909716431	0	1
118023806620637844371	0	1
116008246625614132322	0	1
114751496554100635168	0	2
107538503004482952974	0	1
110933278795835298751	0	1
104087812869056701482	0	2
102755548808767411605	0	2
103761326311610249621	0	1
108865224681518296173	0	1
104112700502285331526	0	2
105076569159070683815	0	1
110634877589748180443	0	1
106661386135469061222	0	1
105390485883966445268	0	1
101336441946387245415	0	2
108633491832489960639	0	2
102604554618567108175	0	1
115927647247955912527	0	1
109216934655960242235	0	1
104486088524980775787	0	1
105360124385423587816	0	1
108159551615224338529	0	2
114632854492678778509	0	1
103675051582239383568	0	1
115664435152899158263	0	1
116369071500456395369	0	1
116046131107486389598	0	2
111071268551800734278	0	2
108112557629934458248	0	2
108727799034020160275	0	1
102661478781089597189	0	1
109533441517984298838	0	2
110853799830000374161	0	2
110749379267845817082	0	2
100331338428465688037	0	1
118432397412534403963	0	2
113977984500465768287	0	2
103684974087620751394	0	1
102607543471499269623	0	1
109960739367065180670	0	1
104137945110448471333	0	2
104859346014137939134	0	1
116581478643467215892	0	2
117884476143887009277	0	1
113420422244530728570	0	2
113096993341203159664	0	2
108091327114614335688	0	2
105958488768067595760	0	1
106539835304510344813	0	2
106567570642614609073	0	1
108412446959413213794	0	1
102467684150504816942	0	2
103614891582957065589	0	1
108316366145145424476	0	1
105228937789154416960	0	1
113955469903735289920	0	1
116303122205999176427	0	2
104950258468143128097	0	1
110028699368078619722	0	2
106777383482946175314	0	1
114142787130622790569	0	1
105336425684208963598	0	2
106086121009771648314	0	1
103047027122693182933	0	1
111095045247360522931	0	1
108505558087127895508	0	2
104081052260915687825	0	1
117039260735952140259	0	1
105547060999578080024	0	2
111164095920889813531	0	1
103878892760050193072	0	2
113115642206299816868	0	1
101743387116553459098	0	1
101733715420739712644	0	2
111060030077135962736	0	1
106470873613238243965	0	1
111873833903773525027	0	1
115783433697487191519	0	2
109440206780255757543	0	2
114954712448394413847	0	2
108384201920217141722	0	1
107757668297288466839	0	2
107966083689010962220	0	1
104119324947337436102	0	1
103341235804505564047	0	1
110707508971542570899	0	1
101074477816061879888	0	1
113899310637703974412	0	1
115811608074199996286	0	1
115675748062237570841	0	1
110255709702147736441	0	1
106472137404451336877	0	2
100279438294886290330	0	1
111259108110099233700	0	1
114393586934789101592	0	2
102219475968800204884	0	3
106983800549406471589	0	1
107105348072959327741	0	1
114134834346472219368	0	1
114277687548103339609	0	3
104192008501436536872	0	1
118439893102421656380	0	1
115762448173768685882	0	1
114153859732710523651	0	2
107119940474246316259	0	1
113218590431249449552	0	1
111833881496388667317	0	1
100523784851251213675	0	1
101414297167587541507	0	1
112450427123442397159	0	1
116848436511235870425	0	2
106020745084647886919	0	2
109187026428012507334	0	1
112957708071337353347	0	1
117350004197215803721	0	1
103618862132298404107	0	1
103108014711273100895	0	1
106356964679457436995	0	3
116626522131014198728	0	1
100651621769656849775	0	2
102190493246946072611	0	1
111285782175840598932	0	1
102160246964681139757	0	1
105228323457033543279	0	1
106687590803153376067	0	1
101059049290567215584	0	1
104316443417435189825	0	1
105019697110407738154	0	1
113522167310199103094	0	1
115463840190890698226	0	3
107665939201638457855	0	1
116022785848376113657	0	1
100337076202382471967	0	1
100377699627522621612	0	2
116579870370062666372	0	2
107707592416977920764	0	1
105685754341693434193	0	2
113756014567052941747	0	1
104083130541705011920	0	2
115502584942774284971	0	1
104772995252824372596	0	1
106073502505833617615	0	2
108152252385291870699	0	2
110650154045349064822	0	1
108328180861948053205	0	1
108044554855018652985	0	1
112502812975846456707	0	1
103414550515278661359	0	1
104437754419996754779	0	1
113654461547690050667	0	1
112960355294745822387	0	1
104388239679752586886	0	2
113247423264358423892	0	1
110042512432413772727	0	2
116995710336756123292	0	1
118013135869798179484	0	1
105801368989285230629	0	1
113625462103500841369	0	2
117572378927059347680	0	1
106100296973968329853	0	2
104962347070667053810	0	2
112761831923510245085	0	2
113640716072608481822	0	1
109563236181410774114	0	1
109147099159025717832	0	2
112600205125796554588	0	1
106532421216164201741	0	1
116197193480724162859	0	1
111991876596496628445	0	1
101709676645745930035	0	1
107325929013361579686	0	3
108162731626734859070	0	1
116161263828563383494	0	1
108233028875375016776	0	1
113067760031784364231	0	2
106246056177889976095	0	1
101214390565708255235	0	1
114834647370494857382	0	1
107149171458182879545	0	1
108920368855876462204	0	1
102877480336408488601	0	1
100121444682130041890	0	1
106176762220398854458	0	1
100964697179613756830	0	1
103125970510649691204	0	1
106664203673059181238	0	2
116929145821864917460	0	2
115595232870915667505	0	2
102871830398264157687	0	1
113155803557968243580	0	1
106258380218567160277	0	2
105665080337389619151	0	1
101989171644896834606	0	2
113413631123566181546	0	2
112333944070832643201	0	1
112669442975277292500	0	2
107660152008073469172	0	1
113400351102255476238	0	1
101241183982769454084	0	1
103618543375127073102	0	2
111819236720804784066	0	1
108997691220733289568	0	1
116464344073545994074	0	1
100850537710242527146	0	1
116550909178789460578	0	2
110260890556821654420	0	2
108904607472189043979	0	2
111985092023659044387	0	2
115640166224745944209	0	1
107733269574737813168	0	1
104102743248207705784	0	2
111101593428695421603	0	1
110068300282260390649	0	1
114127792642644027803	0	2
101975133966831452277	0	1
102127244307866914913	0	1
106914566445906930085	0	2
115744399689614835150	0	1
103875258484706784219	0	1
116971095029701257834	0	2
101483533411566453214	0	1
115105647022907007398	0	2
104371819450794752644	0	1
101957728126246876808	0	1
109193674823031718540	0	1
108026326068095989682	0	2
112771323377266882679	0	1
100142397094908216555	0	1
102278975680276959867	0	1
105779560824580764120	0	1
102837097678487480685	0	1
109569752209143183731	0	2
115020565118807261689	0	1
104129842883884467271	0	1
114820480752300993890	0	2
106474696837939964503	0	1
114348308924251262413	0	1
102640428740489674973	0	1
102235836543922327908	0	1
108588076582379537686	0	2
104553134624556200907	0	1
113262975997169895795	0	1
107638157359386794717	0	1
111783114889748547827	0	1
114862790439773763162	0	2
113381483153888636532	0	2
106526737947007406923	0	1
115981891654314432186	0	1
104441415299714065572	0	1
108924716885656829095	0	1
117283174365630308265	0	1
107066609145001672622	0	2
108904364100929057342	0	1
108575961322871913333	0	2
109345865429707844168	0	1
102528718122061029071	0	1
104016949609489688294	0	1
102920063140431683002	0	1
114875588593485801330	0	1
111574163861915313530	0	2
106585356253161098959	0	2
106548745860744442169	0	2
100470997019782615120	0	2
103699025080619492549	0	1
118397406534237711570	0	1
106082755184784605076	0	1
108249232416813189685	0	1
106606502952059863782	0	1
115740425396974668440	0	1
111895520966274855937	0	1
115203451804146087587	0	1
104531828804862316762	0	1
115495570377907000619	0	1
113531415437983740096	0	2
115876313538796651168	0	1
100188557028585168265	0	2
118116734472645436003	0	1
115695578304416858659	0	2
106737452392271403669	0	1
117889220760404422046	0	1
109808157704804887611	0	2
105804664540125819976	0	2
108635752367054807758	0	1
104476158444060445287	0	2
104028329852681318179	0	2
112096250552967536954	0	1
102222722824849858928	0	2
110924681541917174512	0	1
117924146435328107507	0	1
116199256315761834615	0	2
108051154463572146095	0	2
106419752011171815265	0	1
112599748506977857728	0	1
105153902034997862007	0	1
117108447922509773781	0	1
115085828077786850700	0	1
101423581602122657410	0	2
105593270217665985575	0	1
114280001108380956660	0	1
112005390393978914665	0	2
100313449630224835004	0	2
102315706662673946809	0	1
104731588583185059602	0	3
106641576811513429422	0	1
101287476248475945303	0	1
100477468779103147764	0	2
109560997737123153381	0	2
108071585757096529724	0	1
112776394804213099516	0	1
112320669017687120871	0	1
111586248332282735415	0	1
104045511944341391917	0	1
118369384868249491237	0	1
100021025784352405813	0	1
111403925162288744975	0	1
111513218693754913438	0	1
100712897463075952326	0	1
113815496175227038563	0	1
110581693083408452344	0	1
115474229489284556707	0	1
101004698796436605525	0	1
102001774674190160714	0	1
110517920317845671551	0	2
104707516101039042739	0	1
111338554045593677672	0	1
116217341136297387119	0	1
110607854570815877398	0	1
107958067285263037110	0	2
117845293699504473059	0	1
103353209158357506681	0	1
107665185205744357709	0	2
110653793186123760342	0	2
105813701068511899418	0	1
114228869493885222559	0	2
116298207273891385223	0	1
100438721742151441706	0	2
102943220293105257440	0	2
108182489610762944351	0	2
110150568217057141750	0	1
117136543430366556878	0	2
103604193838758665134	0	1
103558652341658229842	0	1
103205605030324928671	0	1
111246222621577046613	0	2
101366367995296715981	0	2
111731578349856195951	0	1
101517640605056528235	0	2
106935269738929891479	0	2
104487223275138277820	0	1
101885535290923906476	0	1
108916370128981093895	0	1
115630381772283336524	0	2
105841645449323318101	0	1
112408773440208776137	0	1
103685740157136493702	0	1
118345294243471573879	0	1
117093539617577109392	0	1
102314486331710415915	0	2
112754494243408214081	0	2
110486517623939606418	0	1
105627346610764729807	0	1
104605541194704556978	0	2
117077138112562039463	0	1
112092488761167023855	0	2
104558253096863947781	0	1
104683587911483636596	0	2
115076337182080225257	0	2
102980973054451877785	0	2
114428401458138152037	0	1
115017188374689068228	0	2
115262846091589432854	0	1
103155291053045215105	0	1
104286363725914412325	0	1
111752662319997528493	0	2
102110715788542150395	0	2
101302643018559111382	0	1
102678339976587419170	0	3
111168495721795504132	0	1
110765037159669773691	0	1
108254994768513256657	0	2
108486058508775411585	0	1
105365868178570492752	0	2
109206587809241363984	0	2
103761102792991856239	0	2
112352920206354603958	0	1
108514823424774616867	0	1
115049428938715274412	0	1
102963832080705033508	0	2
115744253607437352571	0	1
106749254706410187997	0	1
102860443564834086554	0	1
113740905109081801596	0	1
103062261650614679790	0	1
115515252844412246887	0	1
102635247428231041057	0	1
118164441818555589158	0	1
118327176775959145936	0	1
109321743890995716651	0	1
104109276791574356880	0	1
115020920324331583957	0	2
100742954389084668497	0	1
113769414917964087657	0	1
101062426971907362935	0	1
116761214452114671837	0	1
107410390066929416191	0	1
108814740443144160153	0	1
103244338754310414025	0	2
109896764299719102648	0	2
114977743005699906291	0	1
105350353135669642561	0	1
102321872757613122216	0	1
117287477701152682741	0	2
104843347600101507815	0	1
111445295534025858246	0	1
109428289005517204463	0	1
113687916808174552540	0	1
101130515987239705320	0	2
117399283230241619463	0	2
115312132614248921124	0	1
104234466191512918471	0	1
112871617630543116034	0	2
101689156797827874965	0	1
101265133732548396442	0	1
114003666864266270686	0	1
104819677623449341855	0	1
100813229168405788654	0	2
109420087675495241116	0	1
102146579992740354236	0	2
104631587888354136367	0	2
109252324503373128615	0	1
100496182816634143799	0	1
117336014306541631647	0	1
107531251652995481194	0	1
109186170669357381572	0	1
110064570672000384617	0	1
107676108236063216848	0	1
104310554823996465802	0	1
104857187449120013195	0	2
116764082219010092642	0	2
111832530347449196055	0	1
116813291536389077975	0	1
105291054385478560327	0	2
105904968710974272643	0	2
112646999948608559077	0	1
100848084498482158487	0	1
112423705617084925086	0	1
105380789526486529070	0	2
103501351374845401489	0	2
103554966970432387589	0	2
114522811866073303399	0	1
114214725920754177299	0	1
112954250556310186892	0	1
100738891461864785907	0	2
101010433515025028997	0	1
100444819261782786795	0	1
107575643622100616527	0	1
115143221847216992108	0	1
101472968135440126795	0	1
118153417237614725639	0	1
110924475025984196991	0	1
103073491679741548297	0	1
113241173968510004660	0	1
107962603774482643685	0	1
113935229482383067103	0	2
102440249973652568489	0	2
110639085741768114628	0	2
102918064082723690004	0	2
106178583455047889906	0	1
109043804130056015419	0	1
107756324010987040279	0	1
107971921173510953486	0	2
112287897597745388775	0	1
101892269165398528426	0	1
115094562986465477143	0	1
102010353130079040444	0	1
107006226749879002903	0	2
105697783243210122142	0	1
106018807891386594468	0	1
105625964648883551368	0	1
106162495480110745488	0	1
116821664283882815742	0	1
106640510412906590548	0	2
113593203112351252307	0	1
110745287741954321811	0	2
116812043050833464706	0	1
108907552935332685211	0	1
115650187969419363775	0	1
110087010551235522690	0	1
109747793098916934740	0	1
101201310786541023142	0	1
103890780813346328822	0	1
105947455012543495512	0	1
112617873637231221858	0	1
103411593134311491818	0	1
111219661882020802879	0	1
115113322964276305188	0	1
110766222885981828992	0	1
108875940937682773768	0	2
115428875322623438925	0	1
117067458444759790827	0	2
115039062828965450957	0	1
104584322313471697637	0	1
111337661517984113925	0	1
115831988003154421904	0	1
108035250783343692160	0	1
100251841501532342548	0	2
104401480467294646872	0	1
101291913022280444322	0	1
105871790537930741438	0	1
109857501956434181815	0	1
117540692504897480171	0	1
110892224480992063622	0	1
110855229559442241190	0	1
100340410835745046253	0	2
110163810147675006375	0	2
103521633969068936366	0	2
106608663373052745001	0	1
112309081482340600110	0	1
117639069649985890632	0	1
118277244518426914413	0	2
103845487509607674620	0	1
111007216283390410490	0	1
111310035762204382258	0	1
117923533931291615232	0	1
103638829409267861281	0	2
115916674605589299702	0	2
117341846798106250593	0	2
106400545091550012847	0	1
100663135211813370970	0	1
103355828447574595701	0	1
103080361252289883508	0	1
108541471207455637640	0	1
111871004034101153316	0	1
115941101928741553813	0	2
104526440782898209315	0	1
110490560644212045626	0	1
104873701129982797451	0	1
117919489124812743004	0	1
115356630255487796751	0	2
103459558342727553431	0	2
102697688035650562336	0	2
116085587120828893542	0	1
108821310675515547846	0	1
112178760937742057192	0	1
108085520759893966145	0	2
103363981692751531420	0	2
115288001414266277268	0	1
114595249394508334480	0	1
105502178297258827378	0	1
111757945498024436996	0	1
114973762620930727974	0	1
111818530599947872032	0	2
113641327150470221089	0	1
104149345276933297125	0	2
115939073975077571524	0	1
109599454747399536554	0	1
108557183829263545449	0	2
105510704329710903997	0	1
108336069194264392389	0	2
114112554932700158056	0	1
105727132127821749217	0	1
105166369322559144925	0	1
113039994324259455557	0	1
118037652330553015627	0	1
111422570518821758248	0	1
103323947430353842499	0	1
104428104623096917907	0	1
116872119079305830862	0	1
101682319913431725560	0	1
107587687879128613513	0	2
103560049920110017082	0	1
105403700707109348961	0	1
115715043090527559462	0	2
113491695000640463001	0	1
103950065945194589266	0	2
116877582919168973613	0	1
102135527356174747952	0	2
107132482410933112287	0	1
100164377456959558872	0	1
100372245793946990213	0	1
105642254994560215157	0	1
101652951427426774964	0	1
116210599726973804589	0	2
111885809871801816618	0	1
115351406080573128598	0	1
103377691406607666868	0	3
109452968397481609151	0	1
114774230955754398407	0	1
116829385102963130722	0	2
102687185666098932076	0	1
104720520275962590799	0	1
104683782368514591235	0	1
114036686733994818524	0	1
107651854905175100032	0	1
110512769752026051434	0	2
107457088134727726452	0	1
