#node_label	#score	#gender
116848413236392828000	1.0	1
100041313778307876396	1.0	1
111633725541752229957	1.0	2
102880704819923280576	1.0	1
117369904246431139467	1.0	1
111938795887208811643	1.0	1
113134124755005963558	1.0	1
100025935382530097790	1.0	1
111532512297307007710	1.0	1
104093793714374073720	1.0	1
104443212501551648714	1.0	1
114360330721351983428	1.0	2
108720686020895552265	1.0	1
103531947344909900502	1.0	2
114113682885389859679	1.0	1
107797052956916249589	1.0	1
112267985269168572336	1.0	1
104712040823571473404	1.0	1
108460561201888322767	1.0	2
109839843396457010745	1.0	1
100060913359950092549	1.0	1
111455590073632749564	1.0	1
115998534685928267891	1.0	2
113044747147576660728	1.0	1
117790903997451058915	1.0	2
117135251704325947432	1.0	1
114122960748905067938	0.2	1
109177683659525760187	0.2	2
112931539494181042672	0.2	2
103806447633639121319	0.2	1
108447039773039786532	0.2	1
118343274911117157886	0.2	1
117667503271932454085	0.2	1
106152071985964118707	0.2	1
110046838960755410426	0.2	1
117520726925689085251	0.2	1
115890623333932577910	0.2	3
109410878385939067590	0.2	2
110258899475477198037	0.2	1
104856013450351927911	0.2	1
114359353929872751387	0.2	1
106730511805776754916	0.2	1
107629114013544384077	0.2	2
100146646232137568790	0.2	1
106451303749955220567	0.2	2
114147483140782280818	0.2	1
115461506006257787473	0.2	1
110097167949323324728	0.2	2
113965638147334566849	0.2	1
114126616500131370443	0.2	1
106606432939530891861	0.2	1
112330426094287690538	0.2	1
108165610406198760190	0.2	3
105824226350927378157	0.2	1
102972850447727031786	0.2	1
108191112950724576986	0.2	1
103622476548924677148	0.2	1
117682174689697734473	0.2	1
107447372542337647399	0.2	1
103090889232468301451	0.2	1
115876747286152918130	0.2	2
115409429955408963270	0.2	2
100317145093530528675	0.2	1
111911211579062266896	0.2	1
116807883656585676940	0.2	1
115902134079191609487	0.2	1
112907688372208082940	0.2	1
113458122625988620721	0.2	2
107589895345000267917	0.2	1
114626795934823385899	0.2	1
113474341770751326627	0.2	1
109883156722031101923	0.2	1
105487854388646525021	0.2	1
112050719825641062857	0.2	1
105902034553636163859	0.2	1
114347706819482413805	0.2	1
106934251907455613728	0.2	1
108178207650853308679	0.2	1
114146474420473054087	0.2	1
110058822708204114227	0.2	1
102149523419233485041	0.2	1
107212524310715402621	0.2	1
104577357381178665210	0.2	2
113697356389219330709	0.2	1
116396826202546383770	0.2	1
103554836697483357686	0.2	1
116680657021771561594	0.2	1
100754181339960315531	0.2	1
102294529256990121062	0.2	1
108924542941676858649	0.2	1
113133575601604762297	0.2	1
102926972450438534486	0.2	2
100183483443926370553	0.2	1
103274064524957433652	0.2	1
105828769753716345129	0.2	1
109630441088781707762	0.2	1
110329008021397401390	0.2	1
114247048849834611286	0.2	1
102653811646245712103	0.2	1
104306478653530878017	0.2	1
106390650883164711583	0.2	2
105282733681657775889	0.2	1
113602921103052246092	0.2	1
102114443131578283037	0.2	1
105248484118148978714	0.2	1
107442931935695749657	0.2	1
103339086591111743153	0.2	2
107186325855600764541	0.2	1
106286170073303140546	0.2	2
114212676624016641363	0.2	1
102510398055753927372	0.2	1
103819764017390742546	0.2	1
107403602702342125509	0.2	1
106482820252458358482	0.2	1
107255413931190531982	0.2	1
117424200973094377000	0.2	1
107465946955832403380	0.2	1
111709859470290509688	0.2	1
100988303581589208684	0.2	1
113744001004180832587	0.2	1
116342937492510737097	0.2	3
108141435869865705033	0.2	2
117436443265439348690	0.2	1
106376239368339615111	0.2	1
102026057783057469213	0.2	1
108521360855837699810	0.2	1
118379821279745746467	0.2	1
102228255686699548802	0.2	1
115130452472803610098	0.2	1
108613052316092493401	0.2	1
106517136902594786911	0.2	1
115105688391873512546	0.2	1
109940386703694524007	0.2	1
113637695425342795549	0.2	1
115746772512798725578	0.2	2
107146976449413788793	0.2	1
117191276486016381231	0.2	1
110993253208473966754	0.2	2
114785676290990098316	0.2	2
115553449128250295765	0.2	1
113416452002442074393	0.2	2
102484363275236238093	0.16666666666666666	1
115174457819914037873	0.16666666666666666	1
117337958158952242811	0.16666666666666666	2
114525897766432859832	0.16666666666666666	2
103907891773644127707	0.16666666666666666	1
108397294034481595594	0.16666666666666666	1
104651858239149478872	0.16666666666666666	2
104931142412008266893	0.16666666666666666	1
112046310250789469294	0.16666666666666666	3
116400824111097420632	0.16666666666666666	1
110877657069053424190	0.16666666666666666	1
115868418501746255230	0.16666666666666666	1
101667684807627039775	0.16666666666666666	1
104287272759969100584	0.16666666666666666	1
108914678202103108811	0.16666666666666666	1
112171428470692967372	0.16666666666666666	1
117227223410553236894	0.16666666666666666	2
109191174192730990434	0.16666666666666666	1
113834351886075771323	0.16666666666666666	1
104757860243835583747	0.16666666666666666	1
118112346708818508960	0.16666666666666666	1
105993920273309736410	0.16666666666666666	1
114418877093590796492	0.16666666666666666	1
117115966619059273164	0.16666666666666666	2
101900299178799457829	0.16666666666666666	1
104604566656354218673	0.16666666666666666	1
106790394183446968954	0.16666666666666666	1
106800057643413643578	0.16666666666666666	2
109368654259427988906	0.16666666666666666	2
102050769345449529254	0.16666666666666666	1
111043623176979553868	0.16666666666666666	1
105886153588145880378	0.16666666666666666	1
111989147144480209929	0.16666666666666666	1
116473420915596249841	0.16666666666666666	2
101939235127214488746	0.16666666666666666	2
113471368164747388182	0.16666666666666666	2
117661886343564536364	0.16666666666666666	2
101995834967238906264	0.16666666666666666	2
110351006045593232796	0.16666666666666666	1
104962463220266131500	0.16666666666666666	3
114552144373328619491	0.16666666666666666	2
105015160246822695228	0.16666666666666666	1
112696040957795558674	0.16666666666666666	1
115922912883670862956	0.16666666666666666	1
116245027334511879223	0.16666666666666666	1
111542837335505797292	0.16666666666666666	1
114206143698512482824	0.16666666666666666	1
102939734178189855108	0.16666666666666666	1
109779057532625231365	0.16666666666666666	1
107286020910913706370	0.16666666666666666	1
101733566879407210511	0.16666666666666666	1
106123465281190845478	0.16666666666666666	2
111150638497502506905	0.16666666666666666	2
105854477836714634695	0.16666666666666666	1
117456193734398291039	0.16666666666666666	1
108451042446916180421	0.16666666666666666	1
106479011389609622954	0.16666666666666666	1
106903474363270082355	0.16666666666666666	1
103796259810847114775	0.16666666666666666	1
115595685535906979585	0.16666666666666666	2
107721115443947968082	0.16666666666666666	1
115906303634268939105	0.16666666666666666	1
110701307803962595019	0.16666666666666666	1
101480455463143099895	0.16666666666666666	2
116052312205661322001	0.16666666666666666	2
105713497706843136406	0.16666666666666666	1
104674274945847279984	0.16666666666666666	2
112261746221174025398	0.16666666666666666	1
105076431052074502432	0.16666666666666666	1
114588556481415684871	0.16666666666666666	1
108551085321959662791	0.16666666666666666	1
100946941827770743585	0.16666666666666666	1
106642086321570580569	0.16666666666666666	1
105259075884248421214	0.16666666666666666	1
113373927741962628212	0.16666666666666666	2
115201637703048752236	0.16666666666666666	1
114488864109694857961	0.16666666666666666	1
117847343308870603648	0.16666666666666666	1
105539447820056811823	0.16666666666666666	1
104877241307572278919	0.16666666666666666	2
111427269484642699888	0.16666666666666666	1
112955466149536447711	0.16666666666666666	1
110895636974083932326	0.16666666666666666	1
102476083858002705976	0.16666666666666666	1
102078098288357515431	0.16666666666666666	3
109001665669562443167	0.16666666666666666	2
103302530242633997946	0.16666666666666666	3
106240431838322976045	0.16666666666666666	1
108536234968997542346	0.16666666666666666	3
106859251072923558855	0.16666666666666666	1
107889816939032412666	0.16666666666666666	1
105740143846893263204	0.16666666666666666	1
117095311016256279799	0.16666666666666666	1
106658058857661151635	0.16666666666666666	1
106739645662314600854	0.16666666666666666	1
106255037188115607904	0.16666666666666666	1
112724573277710080670	0.16666666666666666	2
104067625658241594894	0.16666666666666666	1
101849794562141574206	0.16666666666666666	1
113998295683387625628	0.16666666666666666	2
104288642732197633132	0.16666666666666666	3
115514472545940554175	0.16666666666666666	1
101395721644479120317	0.16666666666666666	1
102128393200503837526	0.16666666666666666	1
117008313605799965728	0.16666666666666666	1
103139038719117626922	0.16666666666666666	1
113983863075069397753	0.16666666666666666	1
110051218749363860696	0.16666666666666666	1
103797883802077039230	0.16666666666666666	2
104598010591740194105	0.16666666666666666	1
116818181495593250724	0.16666666666666666	1
113728659745212279836	0.16666666666666666	2
109822942219395824540	0.16666666666666666	1
115248807031478630898	0.16666666666666666	2
104533077532962855796	0.16666666666666666	1
105502506545735279423	0.16666666666666666	2
111523901272469073690	0.16666666666666666	1
117422739391652095465	0.16666666666666666	1
112896939617504834367	0.16666666666666666	1
112310894187091693005	0.16666666666666666	1
118301801570268856235	0.16666666666666666	1
109976409150871613824	0.16666666666666666	2
104917160754181459072	0.16666666666666666	2
116062485724966472763	0.16666666666666666	1
118307832874648014515	0.16666666666666666	1
102042565934355706346	0.16666666666666666	1
113213805739104055114	0.16666666666666666	1
114896178567038559128	0.16666666666666666	2
104755519539913780435	0.16666666666666666	1
111872227454610057635	0.16666666666666666	3
116668503414691251980	0.16666666666666666	1
105719411841454462492	0.16666666666666666	1
110690107992805295937	0.16666666666666666	2
111091089527727420853	0.16666666666666666	1
115042720994982091067	0.16666666666666666	1
111171169273567811138	0.16666666666666666	2
103293094938561753721	0.16666666666666666	2
103134687963127772486	0.16666666666666666	1
102437027885611329779	0.16666666666666666	1
113511279752012786991	0.16666666666666666	1
118339986171587978318	0.16666666666666666	1
115142691189226836446	0.16666666666666666	1
116267384604818495277	0.16666666666666666	1
104658400555923154675	0.16666666666666666	2
105991267344634685263	0.16666666666666666	1
113830324575242444928	0.16666666666666666	1
116025876591501578610	0.16666666666666666	1
102582948497440251021	0.16666666666666666	1
118370548304204473212	0.16666666666666666	1
110347798991388597962	0.16666666666666666	1
104803646263072880370	0.16666666666666666	2
100487948960127602987	0.16666666666666666	1
101522555098219843576	0.16666666666666666	1
112453026822418907933	0.16666666666666666	1
105090740865190654377	0.16666666666666666	1
113908877764977280575	0.16666666666666666	1
105937033414581870773	0.16666666666666666	1
100463344564987045291	0.16666666666666666	1
116781687747998981985	0.16666666666666666	1
108026908504540949840	0.16666666666666666	1
113185965726696368763	0.16666666666666666	1
115895580795074569149	0.16666666666666666	1
103452262811951857297	0.16666666666666666	1
117215940402236438378	0.16666666666666666	2
100186938589206311054	0.16666666666666666	1
114334979365075139609	0.16666666666666666	1
110249226992010407908	0.16666666666666666	1
112622043790144125018	0.16666666666666666	2
101689772182808053251	0.16666666666666666	1
104765108583933994140	0.16666666666666666	1
113180375618328351247	0.16666666666666666	2
109810513503977086411	0.16666666666666666	1
103854490081825267384	0.16666666666666666	2
116405291450331248481	0.16666666666666666	1
113761486117768361105	0.16666666666666666	1
109632514144033790772	0.16666666666666666	1
104846054806852679393	0.16666666666666666	1
110990938051646210221	0.16666666666666666	2
106407903380021395602	0.16666666666666666	1
106332521193891989354	0.16666666666666666	2
107362240137286083651	0.16666666666666666	1
104428967104402641181	0.16666666666666666	1
110008888647278021013	0.16666666666666666	1
109413088567225314640	0.16666666666666666	1
108427802792330228094	0.16666666666666666	2
106854769490241988382	0.16666666666666666	1
106481513046014059880	0.16666666666666666	1
108166744689161020191	0.16666666666666666	2
115130707685555612640	0.16666666666666666	2
106728288712777899597	0.16666666666666666	2
103810820481039171745	0.16666666666666666	2
102254921263609226645	0.16666666666666666	1
118385387107356052079	0.16666666666666666	2
104877764112313441734	0.16666666666666666	1
102647762690829739018	0.16666666666666666	1
100751918073194861091	0.16666666666666666	1
110456721704016371653	0.16666666666666666	1
112013475634398538426	0.16666666666666666	1
101924354787768199796	0.16666666666666666	1
110290408962669658135	0.16666666666666666	2
113822236762566681255	0.16666666666666666	1
110120797439099949229	0.16666666666666666	1
103410677813898718894	0.16666666666666666	1
107766037716574916086	0.16666666666666666	2
109817611100376235885	0.16666666666666666	1
115050723733318865872	0.16666666666666666	1
110468385158164720237	0.16666666666666666	2
109619435534377577910	0.16666666666666666	1
106797298008621737913	0.16666666666666666	1
107656997874085008632	0.16666666666666666	1
106977227791011162644	0.16666666666666666	1
111339122796724106712	0.16666666666666666	1
115334978561433900613	0.16666666666666666	1
116310884281530210848	0.16666666666666666	1
107032342359401904928	0.16666666666666666	1
112362747244790557746	0.16666666666666666	1
112922373559516660837	0.16666666666666666	1
104709490112579597030	0.16666666666666666	1
103250644495668054075	0.16666666666666666	1
117716997632526602461	0.16666666666666666	2
108587790745989591245	0.16666666666666666	2
115502041324676527282	0.16666666666666666	1
104500948153588336490	0.16666666666666666	1
110557931494773778530	0.16666666666666666	1
103677797198301167861	0.16666666666666666	2
115207639490096731393	0.16666666666666666	1
107886274494415367890	0.16666666666666666	1
102400323197734441988	0.16666666666666666	1
108085342110850121141	0.16666666666666666	1
102929132146240115061	0.16666666666666666	1
105977074985231949527	0.16666666666666666	1
105403551499145023558	0.16666666666666666	1
100695137881314437968	0.16666666666666666	1
105263132237247544260	0.16666666666666666	1
100281903174934656260	0.16666666666666666	1
114705347917373407485	0.16666666666666666	1
105604524240702622359	0.16666666666666666	1
112413176119934100133	0.16666666666666666	1
108601427100401548787	0.16666666666666666	1
105103058358743760661	0.16666666666666666	1
116887436546769375688	0.16666666666666666	2
110934984758289532394	0.16666666666666666	2
110964811059036490199	0.16666666666666666	1
113887809592988792646	0.16666666666666666	1
103017846545854362313	0.16666666666666666	1
103763319834242373359	0.16666666666666666	1
104881749427419968025	0.16666666666666666	1
108266381735401380473	0.16666666666666666	1
110856549066648289217	0.16666666666666666	1
115459243651688775505	0.16666666666666666	1
103102988045699121333	0.16666666666666666	1
115482916444597007559	0.16666666666666666	2
113691412762192421602	0.16666666666666666	1
111371872034353697884	0.16666666666666666	1
104984388845115004014	0.16666666666666666	1
108989092742273791528	0.16666666666666666	1
101843575753311340886	0.16666666666666666	1
103460569489458223929	0.16666666666666666	1
105130868495263765810	0.16666666666666666	1
107748913148247762757	0.16666666666666666	2
105867569923225458308	0.16666666666666666	1
113854738204257400530	0.16666666666666666	2
104783416648096574686	0.16666666666666666	1
108358270093548194952	0.16666666666666666	3
108703297958869540649	0.16666666666666666	2
107349798667041454530	0.16666666666666666	1
109684629211703881554	0.16666666666666666	1
111736608849847346573	0.16666666666666666	1
114585619602954560016	0.16666666666666666	1
113716731891385451476	0.16666666666666666	1
103005713657609680699	0.16666666666666666	1
111282208725209005453	0.16666666666666666	1
117338113241517380009	0.16666666666666666	1
114837091941392020931	0.16666666666666666	1
114069665283616820306	0.16666666666666666	1
101210485681901359447	0.16666666666666666	1
100633179077202863873	0.16666666666666666	1
103216140957328843288	0.16666666666666666	3
114855705255094765805	0.16666666666666666	1
117929151921447138991	0.16666666666666666	2
103803227170229413099	0.16666666666666666	1
103605575873738402426	0.16666666666666666	1
109508302357608335950	0.16666666666666666	1
108350757430887996754	0.16666666666666666	1
111925802087694731213	0.16666666666666666	1
105365831645025769276	0.16666666666666666	2
105356578291456290374	0.16666666666666666	1
105877221054805825786	0.16666666666666666	1
100637660947564674695	0.16666666666666666	2
115895698533744396593	0.16666666666666666	1
117484352468587338564	0.16666666666666666	1
106966983060078133832	0.16666666666666666	2
100125292183975079511	0.16666666666666666	1
114528880949303723270	0.16666666666666666	1
105312096129013929007	0.16666666666666666	1
103564925875325149043	0.16666666666666666	1
114856599792939704863	0.16666666666666666	1
116128233700239718087	0.16666666666666666	2
105310345563920189197	0.16666666666666666	1
107419180833197921710	0.16666666666666666	2
101640695827845658690	0.16666666666666666	1
110155811430661032289	0.16666666666666666	1
101240367938746431069	0.16666666666666666	1
114953608475027310007	0.16666666666666666	1
115470899846866535873	0.16666666666666666	2
109132897522914176980	0.16666666666666666	1
101929948348859805220	0.16666666666666666	1
107375740053185381674	0.16666666666666666	1
109780189924636226927	0.16666666666666666	2
108748564600771300777	0.16666666666666666	1
102144518285325653315	0.16666666666666666	1
107353995057011504452	0.16666666666666666	1
112698670547276329190	0.16666666666666666	2
115645819756954392135	0.16666666666666666	2
111633613550178789959	0.16666666666666666	1
101203650356974274393	0.16666666666666666	1
108266452471018020474	0.16666666666666666	2
110759576092540671052	0.16666666666666666	1
115524232483968866749	0.16666666666666666	1
115859947653378826950	0.16666666666666666	1
116913193172406353097	0.16666666666666666	1
112863558919916497575	0.16666666666666666	1
104612217238968543773	0.16666666666666666	1
111751902969496029238	0.16666666666666666	1
115691700910357479565	0.16666666666666666	3
106596271276062469210	0.16666666666666666	2
105694347013870060856	0.16666666666666666	1
109265656583416946140	0.16666666666666666	1
104742147381442837715	0.16666666666666666	1
116329684630743164927	0.16666666666666666	1
117175097182603508224	0.16666666666666666	1
105700898291566225808	0.16666666666666666	1
101739323855335923990	0.16666666666666666	1
117942777162716030330	0.16666666666666666	2
117124630190167416611	0.16666666666666666	1
101963477385587013105	0.16666666666666666	1
101752320499567895627	0.16666666666666666	1
104859863336834946981	0.16666666666666666	1
104234596650199473634	0.16666666666666666	1
115575446107831067896	0.16666666666666666	2
117390558927238299512	0.16666666666666666	1
115163189074152087386	0.16666666666666666	1
111808778944466241897	0.16666666666666666	1
114125980461959072606	0.16666666666666666	1
116634785580142383785	0.16666666666666666	1
111104447653019166512	0.16666666666666666	1
107124833819205173785	0.16666666666666666	1
114087464031395217842	0.16666666666666666	1
109796736861657598650	0.16666666666666666	2
102403325149862915973	0.16666666666666666	1
107658612548640920056	0.16666666666666666	1
101258461275551621637	0.16666666666666666	3
107663298003289209275	0.16666666666666666	1
102789401378975740824	0.16666666666666666	1
117769869538654923389	0.16666666666666666	2
103063987439472530933	0.16666666666666666	1
105092400598046607875	0.16666666666666666	1
112547381334151121538	0.16666666666666666	2
104174037294742207726	0.16666666666666666	1
107838899186633831024	0.16666666666666666	1
104402358275803080644	0.16666666666666666	1
107899136794765613166	0.16666666666666666	1
102042676723956072406	0.16666666666666666	1
103006618161617951635	0.16666666666666666	1
107650451991930674897	0.16666666666666666	2
104265964941584521857	0.16666666666666666	1
116630885363426185039	0.16666666666666666	1
104807707676075308449	0.16666666666666666	2
108704161531739279499	0.16666666666666666	2
115995495865975827932	0.16666666666666666	2
113808873152197100548	0.16666666666666666	1
106162445244672393839	0.16666666666666666	1
114690972417932491721	0.16666666666666666	3
113022461165057637805	0.16666666666666666	1
107021827734905717421	0.16666666666666666	1
114116849506203073777	0.16666666666666666	1
113834671844400323273	0.16666666666666666	1
106302310670969130597	0.16666666666666666	1
110099675849795159138	0.16666666666666666	2
115080202460886883150	0.16666666666666666	1
115726172805661351274	0.16666666666666666	1
104526916300354831639	0.16666666666666666	1
103870662967791938167	0.16666666666666666	1
116294766145735058744	0.16666666666666666	1
113376844448738423185	0.16666666666666666	1
112440452969011492538	0.16666666666666666	1
101399160703802149352	0.16666666666666666	1
114970449359765751975	0.16666666666666666	1
108987314661691926347	0.16666666666666666	1
107337623998787517741	0.16666666666666666	1
107738046118180603170	0.16666666666666666	1
105392242323719475964	0.16666666666666666	2
101863091681705721279	0.16666666666666666	1
118146682064597320980	0.16666666666666666	3
114893639780295986798	0.16666666666666666	2
108360513660031625905	0.16666666666666666	1
105157895563571606802	0.16666666666666666	1
110915576810392632665	0.16666666666666666	1
104111173201102777257	0.16666666666666666	1
110701702758583462440	0.16666666666666666	1
116554931230763362835	0.16666666666666666	1
117297166811951011796	0.16666666666666666	1
101499257892197349642	0.16666666666666666	1
113657327474701434412	0.16666666666666666	1
104432915378654308417	0.16666666666666666	1
118307537203437831355	0.16666666666666666	1
109136602790398631138	0.16666666666666666	2
106525787128278662931	0.16666666666666666	2
107236834445160151033	0.16666666666666666	3
105698409236901488073	0.16666666666666666	1
106231529254747043867	0.16666666666666666	1
103127485605663084117	0.16666666666666666	1
107550641629864976079	0.16666666666666666	1
114919251411079793065	0.16666666666666666	1
101459243029073337976	0.16666666666666666	2
105123472235665307756	0.16666666666666666	2
115173169887879524684	0.16666666666666666	2
103314591019738943993	0.16666666666666666	1
111986370590010079319	0.16666666666666666	2
116480034370641201406	0.16666666666666666	1
118265771462256032692	0.16666666666666666	2
117200953586578010504	0.16666666666666666	1
111402168795545267063	0.16666666666666666	1
108179422705891393794	0.16666666666666666	1
105216062428077398176	0.16666666666666666	1
105787432034525727684	0.16666666666666666	1
104358498184028216100	0.16666666666666666	1
115504034016956241562	0.16666666666666666	1
111110436698004405855	0.16666666666666666	1
113089677751935834670	0.16666666666666666	1
115772592030782107311	0.16666666666666666	3
113782096526102384376	0.16666666666666666	1
105950399700128610854	0.16666666666666666	1
104349621473431504452	0.16666666666666666	1
103264790291097439760	0.14285714285714285	1
111969564856274190714	0.14285714285714285	1
106092331024344725045	0.14285714285714285	1
108274034666048824274	0.14285714285714285	1
117378076401635777570	0.14285714285714285	1
107727864538587927362	0.14285714285714285	2
105450315431093873148	0.14285714285714285	1
102966092682791294972	0.14285714285714285	1
108797840083484244237	0.14285714285714285	1
116493129757603783315	0.14285714285714285	2
116129945136298281728	0.14285714285714285	1
103974190480156603095	0.14285714285714285	2
110456453592220725136	0.14285714285714285	1
103730158448875890505	0.14285714285714285	1
104765454688757867375	0.14285714285714285	2
107759203293608591567	0.14285714285714285	1
118207880179234484610	0.14285714285714285	2
103477055885652997736	0.14285714285714285	1
106933972856076071655	0.14285714285714285	1
109129654499278135352	0.14285714285714285	1
116454446657397907562	0.14285714285714285	2
114737664966708169892	0.14285714285714285	2
104855424085734149805	0.14285714285714285	2
111122679191063697532	0.14285714285714285	2
103039229335818520990	0.14285714285714285	2
116464718829093821248	0.14285714285714285	1
104799755657866187134	0.14285714285714285	1
105391424373264658810	0.14285714285714285	1
101706774936803951879	0.14285714285714285	3
111181389036901378787	0.14285714285714285	2
107363389099761822387	0.14285714285714285	2
102034052532213921839	0.14285714285714285	1
108028118600959556659	0.14285714285714285	2
107826242447865583206	0.14285714285714285	1
101253347557606176541	0.14285714285714285	1
110593869078772579445	0.14285714285714285	2
105076678694475690385	0.14285714285714285	1
110454253627715621789	0.14285714285714285	1
114561309210058181038	0.14285714285714285	1
112701516473148699217	0.14285714285714285	1
112558586732363672788	0.14285714285714285	2
107184509883652269613	0.14285714285714285	1
117968502004771739674	0.14285714285714285	1
115556583489271055785	0.14285714285714285	2
112245648501032228497	0.14285714285714285	1
113484923302681138263	0.14285714285714285	2
105620286815524895164	0.14285714285714285	2
107984753174704567090	0.14285714285714285	1
103001465002923980882	0.14285714285714285	1
102654798672507674091	0.14285714285714285	1
107079195396440945950	0.14285714285714285	1
105249111558469809477	0.14285714285714285	1
106753337233263870711	0.14285714285714285	1
107391787708083343174	0.14285714285714285	2
111695921463411781303	0.14285714285714285	3
101957004066111521760	0.14285714285714285	2
109539407031864086615	0.14285714285714285	2
116704841773270506404	0.14285714285714285	3
112940109655820169018	0.14285714285714285	1
115212051037621986145	0.14285714285714285	1
113928061446044322922	0.14285714285714285	2
116945874902218351404	0.14285714285714285	1
117416378678694545167	0.14285714285714285	3
106418765260000576689	0.14285714285714285	2
112039406216284114494	0.14285714285714285	2
104688532234760521131	0.14285714285714285	2
116214367792858066127	0.14285714285714285	1
114383019367095684626	0.14285714285714285	1
116349230933189828163	0.14285714285714285	3
109884095143689744922	0.14285714285714285	2
102626897837721795615	0.14285714285714285	1
103567326249602329946	0.14285714285714285	1
116023971570706506283	0.14285714285714285	1
105623533435135442233	0.14285714285714285	1
106850304478581152782	0.14285714285714285	1
111173733849377047360	0.14285714285714285	1
110911238657191116643	0.14285714285714285	1
104367529694200759248	0.14285714285714285	2
116429442089384805321	0.14285714285714285	1
102153264908197766940	0.14285714285714285	1
103230385914552854210	0.14285714285714285	1
106851066345697468164	0.14285714285714285	3
104782885218948946611	0.14285714285714285	2
110651133572875415607	0.14285714285714285	2
107158285297803250739	0.14285714285714285	2
115785500310052537973	0.14285714285714285	1
109978631368772609943	0.14285714285714285	1
103986976450927008422	0.14285714285714285	1
107745659222961143459	0.14285714285714285	3
101849747879612982297	0.14285714285714285	3
102903179869039461098	0.14285714285714285	2
111226359672226653163	0.14285714285714285	1
116193523946718816007	0.14285714285714285	1
103546021394559523265	0.14285714285714285	2
110060012592266748941	0.14285714285714285	1
107870657274788872701	0.14285714285714285	1
112268630904832957252	0.14285714285714285	3
102710390722907547072	0.14285714285714285	2
100735620001011837512	0.14285714285714285	2
104175436979387006170	0.14285714285714285	1
105965051505673444047	0.14285714285714285	1
114878047447016406236	0.14285714285714285	2
108485618078970979026	0.14285714285714285	1
111801936590247681444	0.14285714285714285	2
101251205817921330379	0.14285714285714285	2
105838080497891879489	0.14285714285714285	1
106819713701030698747	0.14285714285714285	1
107383157816966336384	0.14285714285714285	1
113037175791358835936	0.14285714285714285	1
111627554978533987039	0.14285714285714285	1
104355593233077388089	0.14285714285714285	1
111734270648356298762	0.14285714285714285	2
112007787442541769026	0.14285714285714285	2
106089620685872969991	0.14285714285714285	2
101942070762144328989	0.14285714285714285	1
116320504699810105403	0.14285714285714285	1
102275034733142998478	0.14285714285714285	1
104498805425464169298	0.14285714285714285	1
105700902918997529183	0.14285714285714285	1
109187409490619166028	0.14285714285714285	1
118394048073027920375	0.14285714285714285	2
113424795629659278550	0.14285714285714285	1
114378317915326332905	0.14285714285714285	1
114979040647522924150	0.14285714285714285	2
104083764762208158473	0.14285714285714285	1
118375518425940198032	0.14285714285714285	2
102108625619739868700	0.14285714285714285	1
113016580451983768493	0.14285714285714285	2
113500815245699989718	0.14285714285714285	3
116197742983807263211	0.14285714285714285	2
107100028676256026734	0.14285714285714285	1
114458121514447296609	0.14285714285714285	2
110640131508916298032	0.14285714285714285	1
114335825195497578965	0.14285714285714285	1
115256624730352476403	0.14285714285714285	2
116887028470832922202	0.14285714285714285	1
107524076321800316516	0.14285714285714285	1
115267219935990246406	0.14285714285714285	1
102512275410082385292	0.14285714285714285	2
110434445707684528914	0.14285714285714285	2
111394651476014918999	0.14285714285714285	2
108999562470904911168	0.14285714285714285	2
105470185777220877579	0.14285714285714285	1
110671664057266764417	0.14285714285714285	1
111303512319309495700	0.14285714285714285	1
110440780679650271237	0.14285714285714285	2
106302012306146996398	0.14285714285714285	2
116559996613875221941	0.14285714285714285	1
117298039137515461544	0.14285714285714285	1
109738980219162918981	0.14285714285714285	2
115152859098731450930	0.14285714285714285	1
110726684008119704466	0.14285714285714285	1
108402471024221884916	0.14285714285714285	2
114610362086938873953	0.14285714285714285	1
112891403274769464017	0.14285714285714285	1
115815213890574843920	0.14285714285714285	1
115425960863714539461	0.14285714285714285	2
104158195816393535948	0.14285714285714285	1
106288755039157561192	0.14285714285714285	1
109944906217607766529	0.14285714285714285	1
108785471961986421943	0.14285714285714285	1
106032818906204616697	0.14285714285714285	2
112953740893304337287	0.14285714285714285	1
100481094548676430976	0.14285714285714285	1
117576887367328880544	0.14285714285714285	1
113620600693121968377	0.14285714285714285	2
115480611402404344424	0.14285714285714285	1
118253461936011432135	0.14285714285714285	1
102390246827512177394	0.14285714285714285	2
117064898989937078280	0.14285714285714285	2
117985990011492342502	0.14285714285714285	1
102015421250955287982	0.14285714285714285	1
116256992251359463464	0.14285714285714285	1
102677622199990314455	0.14285714285714285	2
113380613810269868292	0.14285714285714285	1
115107414759662037493	0.14285714285714285	1
107551810147421398581	0.14285714285714285	1
106525309823646986779	0.14285714285714285	2
116881033370757582455	0.14285714285714285	2
111876537272132514727	0.14285714285714285	2
109477795888807710844	0.14285714285714285	2
103851886116304379204	0.14285714285714285	1
103961050545011124941	0.14285714285714285	1
115062705962622794894	0.14285714285714285	3
111016417279465067806	0.14285714285714285	2
109174561947414955901	0.14285714285714285	2
102938556230217819708	0.14285714285714285	1
100083817500868036132	0.14285714285714285	1
101575545542172098027	0.14285714285714285	1
112812868845363373183	0.14285714285714285	2
108816441592349736709	0.14285714285714285	2
105765110775938991404	0.14285714285714285	2
106493337482907547167	0.14285714285714285	2
106460192632272124745	0.14285714285714285	2
107731832936217190452	0.14285714285714285	1
103214876288939492734	0.14285714285714285	2
109428133093264432283	0.14285714285714285	1
117699998306430957017	0.14285714285714285	1
117982539966566822633	0.14285714285714285	1
107901249955764629227	0.14285714285714285	2
104409032064965401258	0.14285714285714285	1
118096017448210262173	0.14285714285714285	1
110034313284073203847	0.14285714285714285	1
105162715645613152630	0.14285714285714285	1
104823616715504489360	0.14285714285714285	2
108616571738533866532	0.14285714285714285	1
117915962812673166130	0.14285714285714285	1
115412406467773658882	0.14285714285714285	2
100990381549469971547	0.14285714285714285	1
109657837256125727780	0.14285714285714285	1
108158783186424257324	0.14285714285714285	1
113700593793351472266	0.125	1
101260200590456912008	0.125	2
107547780270525051452	0.125	3
107410585863197912809	0.125	1
103233967921245494760	0.125	2
117096240828838962978	0.125	1
115514581094340921816	0.125	1
102839963139173448834	0.125	1
104390009053213696204	0.125	1
107160676741564834668	0.125	2
111161338708586112649	0.125	3
100126049429601461708	0.125	1
113512345748497015072	0.125	1
107961920050976491290	0.125	2
112531643419637105205	0.125	1
111771208724547210763	0.125	1
117675489739512289311	0.125	1
108581371748491713295	0.125	1
102987388381905060697	0.125	1
100031414437616577155	0.125	1
109147907684575406785	0.125	1
113723935736175683553	0.125	1
108117520811095173283	0.125	2
114301468548511138404	0.125	2
111961302619993337834	0.125	1
117554974934367622096	0.125	1
105451872353733732841	0.125	2
101878501935515013164	0.125	2
117304516429203062006	0.125	1
100777710485753053607	0.125	1
111968138658709260395	0.125	2
118434433986326816586	0.125	2
113307120541061019832	0.125	2
103049819419854690686	0.125	2
103813441073360857614	0.125	2
103569589661595569804	0.125	2
111337252338154778698	0.125	3
115875736608314633089	0.125	1
105733595382690882767	0.125	2
104850252419834437007	0.125	1
108074419944149103969	0.125	1
117789117133125099141	0.125	2
103933693295198708087	0.1111111111111111	1
113025758348628700217	0.1111111111111111	2
117794877749802551429	0.1111111111111111	1
110647091277481870911	0.1111111111111111	1
104438906046646926089	0.1111111111111111	1
104546031045905217921	0.1111111111111111	1
116080767852543283861	0.1111111111111111	1
113716463715414546331	0.1	1
112580748869418422371	0.1	1
115247678982358183024	0.09090909090909091	1
103765013042311928518	0	2
112063946124358686266	0	1
100889510556913995048	0	1
107495401691428541405	0	1
105308303728306710436	0	1
104944128365441598365	0	1
101180533830465009397	0	1
100969972953036434548	0	1
118013135869798179484	0	1
114238825882006954970	0	1
112472063587247013272	0	1
116973982059862474606	0	1
117462592692564691028	0	2
111926082870071972680	0	1
113078788648919261909	0	2
112403664204283545109	0	1
114665463364439889932	0	1
106660584659892866650	0	2
117804036587685325842	0	1
111934554813029658126	0	1
113544226688149802325	0	1
110082094392233565112	0	2
116898727891948134879	0	1
113531415437983740096	0	2
102150693225130002912	0	1
100694700221151195727	0	1
101542819146828378581	0	1
103199730253236302228	0	1
115785601687445616629	0	1
113117251731252114390	0	1
102935454829623236845	0	1
101404928335199641114	0	1
103047693135485372448	0	1
103136223686240912935	0	2
112353210404102902472	0	1
110021329682578184313	0	1
110838250952802427542	0	1
116286008256344798930	0	1
115613713332864456814	0	1
102227800261183349957	0	1
101528582816672268631	0	1
115788203615961124571	0	1
105261364123562223617	0	1
102531159719279477320	0	1
103579304160477212496	0	1
108018149137861213392	0	1
117091380454742934025	0	1
111274822243397535728	0	1
114444401081404754241	0	1
106209295280626219515	0	1
107880790866561179301	0	1
118415173488588252226	0	1
109870972371295881074	0	1
102524008019896509925	0	2
117453955773733801166	0	1
113007670073596198453	0	1
116398684787400584523	0	1
113417057124767990937	0	1
100679131071077043250	0	1
110348799841047401550	0	2
117255559113742613530	0	1
106506966828595242496	0	1
101786077258170177065	0	1
114422548352923775507	0	1
107587687879128613513	0	2
103195563310007593410	0	1
106203154156684846171	0	2
104027218792812194992	0	1
107516764672406708263	0	1
104972837557943299870	0	2
100906247084442837696	0	2
101088533848447816079	0	1
105423752657290675302	0	1
111049168280159033135	0	1
111983961140937248134	0	2
104364232142350465639	0	1
106559771907547372088	0	1
111257156574198767770	0	2
116720710395113458124	0	1
111051039748078110427	0	1
107365762256151852950	0	1
107742068186422614716	0	2
111315707347475154705	0	1
108527329601014444443	0	2
101485625137654001109	0	1
113683207338912869760	0	1
116984612302308681106	0	1
109414049565374366512	0	2
110615655265699868791	0	2
118018939924152190745	0	1
101136575824514897860	0	2
113391394505904411092	0	1
107756791277034290856	0	2
104401480467294646872	0	1
111733083783572568856	0	1
102508349493066395685	0	1
103471112824130268800	0	2
100173713267844645667	0	1
101040998703128232705	0	1
103486488315839819112	0	1
114578704341005811828	0	1
113595622126800468237	0	1
101936719958845623120	0	2
111089898631428640442	0	1
116438435746300356393	0	2
103637153024917466425	0	1
108551811075711499995	0	1
114308290265670479800	0	2
116893325733822534829	0	1
100420239170831225132	0	1
113796224480014510335	0	1
100686326493521453376	0	2
106784868338928174619	0	1
109185675918075142270	0	1
112930960401848447323	0	2
111246222621577046613	0	2
104474684809830399716	0	1
112769795953721878986	0	1
111550725703933540361	0	1
116202862570823884464	0	1
106561588036064106205	0	1
112466253754109937875	0	1
115040294246136983260	0	1
104849265443273982798	0	1
102698568624233195241	0	2
104763093957837579741	0	1
104105397862792081840	0	1
102227063224562153954	0	2
108198252849192005403	0	2
114480574919795916970	0	1
104883029134815382200	0	1
100221584345513662585	0	1
114378924650367060087	0	1
118018611401771327749	0	1
105718943120645796546	0	1
111056444123779199997	0	1
103339127120423482432	0	1
108645589277926899961	0	1
109121766569174489130	0	2
108470342607223018409	0	1
104450373734487439917	0	1
112311565408480976089	0	1
109772678718945783868	0	1
106882392170698698573	0	1
117036888556644526115	0	2
104200585645880013739	0	1
104133332337726318650	0	2
112981078865280389196	0	1
104220541664395498712	0	1
109381089725745119133	0	1
110201827593678115885	0	1
110798275231049775911	0	2
114228869493885222559	0	2
115994982948596334892	0	2
106262424995805724246	0	1
101506536312500371776	0	1
103269978311167939827	0	2
111006231187119312507	0	1
113973725460789606387	0	1
100004045975439624384	0	1
113247423264358423892	0	1
116759124436723606036	0	1
102901986135465249019	0	1
104962375494303531838	0	1
111813246023231760642	0	3
105525365446685412412	0	1
100122455985410622225	0	1
105191574692492725817	0	1
109266235545746938935	0	1
104498756711972232525	0	2
116229616134152031538	0	2
105228937789154416960	0	1
102747347622398739507	0	1
107863237205220284140	0	1
103063129908031369523	0	1
111761749676250705531	0	1
108585423257429256847	0	1
110695872689494369839	0	1
101370376925298467619	0	1
111060532138874852094	0	2
114703245334409767630	0	1
102395545499022312322	0	1
114792767042204879546	0	1
102123493230417393789	0	1
106547981090105369716	0	2
101693818768221695663	0	1
104346763979228774298	0	1
109043745811543534107	0	1
103530425851017800316	0	2
114848435876861502546	0	1
102225207181125422398	0	1
108694322269563399860	0	1
105935166102834353020	0	1
111239818779126041534	0	1
117078929621673758896	0	1
116077571718094073057	0	2
116172991099432347120	0	1
115558042268163736594	0	1
111236051760440036087	0	1
105149372392469422435	0	1
109584345417366469698	0	1
110467317209185605932	0	2
117228116537929432330	0	1
107916570533108343907	0	1
109960818584333658833	0	2
115805651877872032979	0	2
109524776128007978236	0	1
110865508009409873937	0	1
106177535035935196477	0	1
103439173601994673825	0	1
118122532336105608224	0	1
116179269953877997813	0	1
108277834293977887369	0	2
112260740074252813187	0	1
112743040395847557464	0	1
109601697177476920659	0	1
103002910761216386950	0	1
118305631151033254351	0	2
102107147806939041278	0	1
101653756479442099558	0	1
102743031116331395818	0	1
104904028164741082459	0	1
115507658258745024139	0	2
107973098646247401301	0	1
103670125431084787220	0	1
113371251715802098699	0	2
103715662362335216743	0	1
109359854258329056459	0	1
113181908357004459635	0	1
109147986441505147609	0	2
102182930858704117459	0	1
115863824406659548103	0	2
100977678341657858013	0	1
112776415102405657052	0	2
118239217577028335479	0	1
112193052359473695955	0	2
115571780611702365186	0	2
116229124946104902105	0	2
114101264413335205310	0	1
108522323743855731185	0	1
107318455538025660709	0	2
104104374655366554299	0	1
102822101114156318685	0	2
105533870335948493886	0	1
110442965899214904021	0	1
112408773440208776137	0	1
106193907543265629876	0	1
111691454183886288664	0	2
106746808249727340309	0	1
101856118924648953200	0	1
102239645172983099492	0	1
117197381607093720028	0	1
116413323316530767376	0	1
110672742540891099057	0	1
108292626386548337225	0	2
102979263661782211525	0	2
114977743005699906291	0	1
108688253021489713410	0	1
106637071511049263175	0	1
111687826518669415021	0	3
107425603003008592938	0	1
105270919458350141545	0	1
110304553261974904093	0	2
100180212908122432694	0	1
104891574059202821138	0	1
115478270416237257742	0	2
106284084382943056744	0	1
107053454952396384486	0	1
116864926888798799836	0	1
110955794934773798071	0	1
106813935104352730727	0	1
117337686776334152116	0	2
117408329128543717874	0	1
114452015619811129803	0	1
110551122244026270101	0	1
112755610849469431267	0	1
103088735784111949524	0	2
116353411348141750882	0	1
109211769525207576217	0	2
103807634950262048019	0	2
106883865333126245609	0	1
100348279060609370827	0	2
101269518953146211374	0	1
114716424431843610136	0	2
104833275176069505168	0	2
103096391434062438097	0	2
108479427954857157385	0	1
104819418345882467572	0	1
109335678931565979345	0	1
108820648719110221780	0	2
114868797584319350670	0	2
109406131217887439929	0	1
103805083614825291946	0	1
111287372448713553538	0	1
105549797352796189905	0	1
117675366262378164359	0	1
108900469294166989936	0	1
104275285055178286578	0	2
107355427797072846591	0	2
104565851523733195725	0	1
102139450140281591540	0	1
115425017959501168550	0	1
103748618863029383604	0	1
100772959431098862192	0	2
116417560883731706834	0	1
113236527296472616630	0	1
109400660064295071132	0	1
102308976050370597645	0	3
108019940100292441619	0	1
115146289199840643145	0	1
106354060673276558099	0	1
103926258879443813160	0	2
104856574696762938974	0	1
110073758215640257239	0	1
102148362949878172316	0	2
108511866388965330269	0	1
109100344291569500053	0	1
115231870248397182742	0	1
104284349977551899124	0	2
114657989247473182556	0	2
112448795483591020843	0	1
108658853913186600512	0	1
113120871704682540523	0	1
106900868025060410275	0	1
113623325939471147298	0	1
112365942617557707985	0	1
102760222105226161124	0	1
106738570823745562395	0	1
105205609583897826748	0	2
107492210045200874805	0	1
107514020752677789364	0	3
110810917227819175308	0	2
110523063757168736259	0	1
100199771652835553645	0	1
114595268789077776602	0	2
102063540787385879098	0	1
111871838194485731090	0	1
105951560440597066178	0	2
104652450278570828775	0	1
105502709242307239272	0	1
107542826113041887503	0	2
106288099338128321806	0	1
116587146485445054904	0	1
115413370993721629424	0	2
104807273301854891564	0	2
117221673407319790777	0	2
103302519654326505185	0	1
106520440984143112666	0	1
109652161518932104485	0	1
111924432457519468020	0	2
103965514641309539329	0	2
111010681134693878929	0	2
104904461153610468578	0	1
103652104484740643755	0	3
116370911748056380009	0	3
104524133205869123138	0	1
115696840084741223222	0	1
101157076104241896508	0	1
102291094266046243235	0	1
108922115729211049303	0	1
110868747463252267462	0	2
100698712580086552596	0	1
107533468476534425867	0	2
111971076208903736501	0	2
112298869365120644884	0	1
104431144941114878995	0	2
101561802033123918774	0	1
101981390822576896274	0	3
100553322070341241594	0	1
110712062031957671287	0	1
