#node_label	#score	#gender
106391805751184214506	1.0	1
105160956312047610483	1.0	2
100994959835228500824	1.0	1
101889975950768622316	0.3333333333333333	1
115093240521874554718	0.3333333333333333	1
111014450734921332152	0.3333333333333333	1
116511752882326311047	0.3333333333333333	2
107798867186542046341	0.3333333333333333	1
102143577107646910352	0.3333333333333333	2
108132404204358838918	0.3333333333333333	1
102075853026137609733	0.3333333333333333	1
101240786246366714589	0.3333333333333333	1
115767750641721526674	0.3333333333333333	1
107403358784201231436	0.3333333333333333	1
110572048251087260267	0.3333333333333333	1
117160569922759162289	0.3333333333333333	1
113632280932445415868	0.3333333333333333	1
104975666058522435058	0.3333333333333333	1
104342313215221608158	0.3333333333333333	1
107308430964327858950	0.3333333333333333	1
111349858851804350826	0.3333333333333333	1
117327973844438638644	0.3333333333333333	2
101941876824901549285	0.3333333333333333	2
118107045405823607895	0.3333333333333333	1
111038932652846926815	0.3333333333333333	1
104900819062422452874	0.3333333333333333	1
110017717432936421547	0.3333333333333333	1
102476152658204495450	0.3333333333333333	2
100267777884892163462	0.3333333333333333	1
103927066438847360240	0.3333333333333333	1
105392921428122120736	0.3333333333333333	2
109221093537618692679	0.3333333333333333	1
111284141301267844995	0.3333333333333333	1
106275293995490271192	0.3333333333333333	1
109410701460407703403	0.3333333333333333	1
111144389496315143142	0.3333333333333333	2
115313918520629129044	0.3333333333333333	2
115302700359368765687	0.3333333333333333	1
113085220237270354658	0.3333333333333333	1
117829180598920486765	0.3333333333333333	1
110677236841289345722	0.3333333333333333	1
112910491493894368148	0.3333333333333333	1
117080460060821588163	0.3333333333333333	1
115082977301557449995	0.3333333333333333	1
107292517005369144024	0.3333333333333333	2
104380581224549491750	0.3333333333333333	2
114614871042282238013	0.3333333333333333	1
107231086341030547456	0.3333333333333333	2
117200305078049520282	0.3333333333333333	1
115322949759672206250	0.3333333333333333	2
110258598415939907971	0.3333333333333333	2
105280829499546436538	0.3333333333333333	2
110146696270366671235	0.3333333333333333	2
101164950431127107614	0.3333333333333333	1
115111902757485641613	0.3333333333333333	1
111500093521014695341	0.3333333333333333	1
114750927985208119278	0.3333333333333333	1
109227682559493353301	0.3333333333333333	1
116577269515221310405	0.3333333333333333	1
104666642804793612913	0.3333333333333333	1
103668714482917553215	0.3333333333333333	2
112312901875750706723	0.3333333333333333	1
105185455174342753611	0.3333333333333333	1
109117318166462505484	0.3333333333333333	1
101329200678818469388	0.3333333333333333	1
117507030172606733553	0.3333333333333333	2
105398649221987329408	0.3333333333333333	1
103202760473534065366	0.3333333333333333	1
104147579146693408500	0.3333333333333333	1
103092365274156083113	0.3333333333333333	1
111873853137122484021	0.3333333333333333	1
108457122133906461022	0.3333333333333333	1
103660453111520222558	0.3333333333333333	2
106678801573617130538	0.3333333333333333	1
110065871079016978677	0.3333333333333333	1
105390077271236874234	0.3333333333333333	1
117440562136163282023	0.3333333333333333	1
107390515497901191392	0.3333333333333333	1
106805428332666511558	0.3333333333333333	1
106831762557971378854	0.3333333333333333	1
109707872092370772322	0.3333333333333333	1
115530776534617554663	0.3333333333333333	1
104160036616070139864	0.3333333333333333	1
112444894894322397484	0.3333333333333333	2
104117507551919470041	0.3333333333333333	1
114786600820799802034	0.3333333333333333	1
112632260187323187916	0.3333333333333333	1
102213934827347582736	0.3333333333333333	1
104426233195987299152	0.3333333333333333	1
101921739574000857124	0.3333333333333333	2
109914479890029191509	0.3333333333333333	1
106633617085865801018	0.3333333333333333	1
106189335101747996546	0.3333333333333333	1
102742333797709782764	0.3333333333333333	1
103773583497308984430	0.3333333333333333	1
102071498249978979056	0.3333333333333333	2
111975224012018194892	0.3333333333333333	2
103923700544970826249	0.3333333333333333	1
101901232143740160078	0.3333333333333333	2
108006437472813923338	0.3333333333333333	1
113179595967722334569	0.3333333333333333	1
104723167398398004122	0.3333333333333333	1
103458647163810854702	0.3333333333333333	2
110701303409251940504	0.3333333333333333	1
108723453893621328565	0.3333333333333333	1
116331515612347682749	0.3333333333333333	1
102554407414282880001	0.3333333333333333	1
111674748486766258557	0.3333333333333333	1
114767443136831791669	0.3333333333333333	1
100125216216721633658	0.3333333333333333	1
105959055586673429437	0.3333333333333333	1
111192490533881933800	0.3333333333333333	1
103296595669319654320	0.3333333333333333	2
115260307850276266872	0.3333333333333333	1
116265180994399322519	0.3333333333333333	2
108759901321068677229	0.3333333333333333	2
101259445219481496562	0.3333333333333333	1
112170343687625555155	0.3333333333333333	1
105609329836396616019	0.3333333333333333	1
108307660370285174924	0.3333333333333333	1
101298898622388209336	0.3333333333333333	1
109744843287923813474	0.3333333333333333	2
110720365196094415019	0.3333333333333333	2
105662441312581584585	0.3333333333333333	2
105927290057910590380	0.3333333333333333	1
102111571538090124895	0.3333333333333333	1
117534567438781655786	0.3333333333333333	1
109585183273678372705	0.3333333333333333	1
105318217552727882571	0.3333333333333333	1
112835315010616085809	0.3333333333333333	2
104866519156997639676	0.3333333333333333	1
115489093988888524022	0.3333333333333333	1
110083467573773561712	0.3333333333333333	1
117144717681042935359	0.3333333333333333	1
108389036436404903393	0.3333333333333333	1
100318284953757812785	0.3333333333333333	2
103547101416445539717	0.3333333333333333	2
101142795076007999622	0.3333333333333333	1
114729740472671073461	0.3333333333333333	1
113526438481352689007	0.3333333333333333	1
108894449265020302496	0.3333333333333333	1
104607825525972194062	0.3333333333333333	2
117619821330207694301	0.3333333333333333	1
110170478425532185128	0.3333333333333333	1
102656645796811752554	0.3333333333333333	1
102541295037745440355	0.3333333333333333	1
106172488995628162832	0.3333333333333333	1
111538684930665702515	0.3333333333333333	1
116772733228022884924	0.3333333333333333	1
102332158572057805055	0.3333333333333333	1
102611762242849838922	0.3333333333333333	1
104254680540439337690	0.3333333333333333	1
109804849619877910518	0.3333333333333333	1
100080670028138179312	0.3333333333333333	1
101023776512660753777	0.3333333333333333	1
110168117080267015976	0.3333333333333333	1
107733223155249215242	0.3333333333333333	1
114476892281222708332	0.3333333333333333	1
107708625917544129773	0.3333333333333333	1
104378154756194093727	0.3333333333333333	1
116019679624630088478	0.3333333333333333	1
116056645771775490363	0.3333333333333333	1
105660089938320345564	0.3333333333333333	1
113398497409883509512	0.3333333333333333	1
104284098112201182909	0.3333333333333333	1
114977829426881889492	0.3333333333333333	1
102662419252696209798	0.3333333333333333	1
111100649643019214919	0.3333333333333333	2
103929057358376044772	0.3333333333333333	1
100892612779426154375	0.3333333333333333	1
112276313212733068188	0.3333333333333333	1
107810413825129584374	0.3333333333333333	1
111852119488463725230	0.3333333333333333	1
107953487622985570781	0.3333333333333333	1
100566894659845026162	0.3333333333333333	2
102233917131436672570	0.3333333333333333	1
107862687254902293442	0.3333333333333333	1
109447323719942836871	0.3333333333333333	1
114335257693284472091	0.3333333333333333	1
100720381549183482357	0.3333333333333333	1
118234772739219454819	0.3333333333333333	1
107747838010116449754	0.3333333333333333	1
105785197801929483800	0.3333333333333333	2
107656441989772047043	0.3333333333333333	1
113746160424051703552	0.3333333333333333	2
103761316115981403222	0.3333333333333333	1
114714127732927834002	0.3333333333333333	1
102533016974818701721	0.3333333333333333	1
100425739170055690781	0.3333333333333333	1
102255720890649514668	0.3333333333333333	1
100210163638314228996	0.3333333333333333	1
108633099657919433565	0.3333333333333333	1
116286807521280121863	0.3333333333333333	1
114989358912013434555	0.3333333333333333	1
104558996796696834366	0.3333333333333333	1
106002545837976723927	0.3333333333333333	2
116047064092724050557	0.3333333333333333	1
115924865466302265389	0.3333333333333333	1
109186360492975240106	0.3333333333333333	1
102455282480784055751	0.3333333333333333	1
117010145039377800931	0.3333333333333333	1
110423722073095835246	0.3333333333333333	2
117174193243418253301	0.3333333333333333	2
106963775238138670657	0.3333333333333333	1
115165205120331393982	0.3333333333333333	2
110112431950571726779	0.3333333333333333	1
107229250950523562406	0.3333333333333333	1
110692522921580153907	0.3333333333333333	1
114663035980462082536	0.3333333333333333	1
113920526057233976680	0.3333333333333333	2
107867604773686247488	0.3333333333333333	2
108889193619527620927	0.3333333333333333	2
106237174356318230057	0.3333333333333333	2
112801448828869860546	0.3333333333333333	1
109787340448372368173	0.3333333333333333	1
104943121771076336705	0.3333333333333333	1
105656572281780568085	0.3333333333333333	1
102146889390183510402	0.3333333333333333	2
106375849927683446111	0.3333333333333333	2
104577505941506079870	0.3333333333333333	1
112941576498848328757	0.3333333333333333	1
100962627237594547235	0.3333333333333333	1
105640765558937706569	0.3333333333333333	1
110615537712328360708	0.3333333333333333	1
107447846946110982615	0.3333333333333333	1
111718830236077991058	0.3333333333333333	1
103103834116993607848	0.3333333333333333	1
114741611489731737021	0.3333333333333333	1
105046129785453112331	0.3333333333333333	2
100872876956795042185	0.3333333333333333	2
107790367245887975375	0.3333333333333333	1
113789110566197571887	0.3333333333333333	2
110914707330141967062	0.3333333333333333	2
108273660324649677046	0.3333333333333333	1
109002964461887714649	0.3333333333333333	1
105894760755439344491	0.3333333333333333	2
104214034036199536225	0.3333333333333333	2
103001594897968299050	0.3333333333333333	1
118170768987466114474	0.3333333333333333	1
113698025855960152138	0.3333333333333333	1
108542426628002931624	0.3333333333333333	1
116325379569277058328	0.3333333333333333	2
114056084994793924628	0.3333333333333333	1
114939665364497270864	0.3333333333333333	1
103770531046791651608	0.3333333333333333	2
118390681236880798223	0.3333333333333333	1
112912266573852052346	0.3333333333333333	2
117764656317189329352	0.3333333333333333	1
111895201268622692277	0.3333333333333333	1
111856427400498745265	0.3333333333333333	2
111324012410917919847	0.3333333333333333	1
111441033953866685562	0.3333333333333333	1
113722211762693166526	0.3333333333333333	1
104699920090529948458	0.3333333333333333	1
109654360331158943231	0.3333333333333333	1
111935566152570666802	0.3333333333333333	1
113843009097459888314	0.3333333333333333	1
103385680316204614182	0.3333333333333333	2
107752253600058916892	0.3333333333333333	1
101691152556611912102	0.3333333333333333	1
115724883099396204735	0.3333333333333333	1
113181621354351021235	0.3333333333333333	1
105845861210914905032	0.3333333333333333	1
102257603818432033304	0.3333333333333333	1
103146739347913632415	0.3333333333333333	2
115235883247234516270	0.3333333333333333	1
104166683851434520973	0.3333333333333333	1
112278008753579196511	0.3333333333333333	1
115655205216183932495	0.3333333333333333	1
115754371967324227307	0.3333333333333333	1
101249926870736682397	0.3333333333333333	1
107314901236558493493	0.3333333333333333	2
115188225931820970468	0.3333333333333333	2
102970080723469591890	0.3333333333333333	1
100751529912611655620	0.3333333333333333	1
110807748106301476611	0.3333333333333333	2
100268281156139418010	0.3333333333333333	1
104927293172660676732	0.3333333333333333	1
100446039411972959876	0.3333333333333333	1
115881945528388500647	0.3333333333333333	1
101806332656010088918	0.3333333333333333	1
105706178492556563330	0.3333333333333333	1
107078434366023179737	0.3333333333333333	1
110721404549763184652	0.3333333333333333	2
100163238332537499583	0.3333333333333333	1
102905992807889697391	0.3333333333333333	1
109114154584681719623	0.3333333333333333	1
117949314904695168818	0.3333333333333333	1
117042430101993837427	0.3333333333333333	1
115289524882519831247	0.3333333333333333	1
111998180803628558516	0.3333333333333333	2
113859540036726448291	0.3333333333333333	2
103290228265979018515	0.3333333333333333	1
113177164884799734506	0.3333333333333333	2
107923929665538933343	0.3333333333333333	1
104501652823299914159	0.3333333333333333	1
108625703815216743905	0.3333333333333333	1
117356588428622353351	0.3333333333333333	1
105362990780240393762	0.3333333333333333	1
105964231494590034329	0.3333333333333333	1
101263615503715477581	0.3333333333333333	1
115644063183821773031	0.3333333333333333	1
100730931531762511307	0.3333333333333333	2
117696408198646301334	0.3333333333333333	1
113024713286279331104	0.3333333333333333	1
112368824419191812153	0.3333333333333333	1
111097198237997918386	0.3333333333333333	1
109577634910367275570	0.3333333333333333	1
115281159048460141087	0.3333333333333333	1
108206883336506189685	0.3333333333333333	1
109821232243783448938	0.3333333333333333	1
102373191596205712937	0.3333333333333333	1
100336715807927506438	0.3333333333333333	1
102773303718674098148	0.3333333333333333	2
107857888121727893520	0.3333333333333333	1
107248051867606623205	0.3333333333333333	1
101077364858945217404	0.3333333333333333	1
115899046837002212608	0.3333333333333333	1
115728458120419023779	0.3333333333333333	1
102637183526072842850	0.3333333333333333	1
107681935325919918633	0.3333333333333333	1
110098927060165482174	0.3333333333333333	1
107489144252174167638	0.3333333333333333	1
100961385622810058361	0.3333333333333333	2
113944846007907559686	0.3333333333333333	1
104806058479940851108	0.3333333333333333	1
107988063062924494316	0.3333333333333333	1
106650466692539321224	0.3333333333333333	1
116339430670263519533	0.3333333333333333	1
100407268768959900414	0.3333333333333333	1
102101676458721740056	0.3333333333333333	2
114899522425082849357	0.3333333333333333	2
111775474890865276540	0.3333333333333333	2
106674561143088442070	0.3333333333333333	1
102759194596429227036	0.3333333333333333	1
114051322401103919567	0.3333333333333333	1
104541959256591361052	0.3333333333333333	1
105120100085902599040	0.3333333333333333	1
113079112416450593023	0.3333333333333333	1
118342749723004617709	0.3333333333333333	1
113576660900613098195	0.3333333333333333	1
116944895639367062510	0.3333333333333333	1
106552683448896393114	0.3333333333333333	2
100401708106444405523	0.3333333333333333	2
101962829696981365403	0.3333333333333333	1
115592016065916157642	0.3333333333333333	1
110296961334162565272	0.3333333333333333	1
103884663017834156746	0.3333333333333333	2
106992323093389636048	0.3333333333333333	1
101384112455887732241	0.3333333333333333	1
110971010308065250763	0.3333333333333333	1
100567210267949353465	0.3333333333333333	1
106312460282195708926	0.3333333333333333	2
104421522022168544419	0.3333333333333333	2
114835618008913240560	0.3333333333333333	1
111986746929163950657	0.3333333333333333	1
115588307990520146154	0.3333333333333333	1
118389593305597714911	0.3333333333333333	2
100621204114976031079	0.3333333333333333	1
102624839205148464437	0.3333333333333333	1
110656253137238747090	0.3333333333333333	2
108798075723893335078	0.3333333333333333	1
107134006808153049846	0.3333333333333333	1
102903606767281565472	0.3333333333333333	2
114733225186768122927	0.3333333333333333	1
103506800973002590969	0.3333333333333333	1
108516651469213983964	0.3333333333333333	1
116201321802171332852	0.3333333333333333	1
107740452933132558806	0.3333333333333333	2
107078639726042849618	0.3333333333333333	1
102444230004603405684	0.3333333333333333	2
104922136166865782431	0.3333333333333333	1
110970478049227720359	0.3333333333333333	1
106887096609295345139	0.3333333333333333	2
116886861056895407998	0.3333333333333333	1
107397383736430784478	0.3333333333333333	1
117899532765065858463	0.3333333333333333	1
107111614966732663273	0.3333333333333333	1
105053472705246986165	0.3333333333333333	1
100199206837153934262	0.3333333333333333	1
113543880726286626830	0.3333333333333333	1
106096935471968988677	0.3333333333333333	2
113372014271548958684	0.3333333333333333	1
116706195717971759521	0.3333333333333333	2
117530250543183103093	0.3333333333333333	1
114229157887417365950	0.3333333333333333	1
106027609527831583580	0.3333333333333333	1
107609501158534562375	0.3333333333333333	1
112466252788633155794	0.3333333333333333	1
114119004374918797742	0.3333333333333333	1
111241263379733454446	0.3333333333333333	2
110433465871086860393	0.3333333333333333	1
115581868711550786632	0.3333333333333333	1
106047648454013274707	0.3333333333333333	1
103698889037599783920	0.3333333333333333	2
114647617876281088506	0.3333333333333333	1
105800931235510181650	0.3333333333333333	1
106569322839607148261	0.3333333333333333	2
111367976599010414146	0.3333333333333333	1
110912055212888170698	0.3333333333333333	1
115898638478890997015	0.3333333333333333	1
112016242624005519460	0.3333333333333333	2
109243044876542467841	0.3333333333333333	1
116071275946594200077	0.3333333333333333	2
101373961279443806744	0.3333333333333333	1
110839013436817596739	0.3333333333333333	1
101826850200845604590	0.3333333333333333	1
104334993139856754317	0.3333333333333333	2
106709392619461204733	0.3333333333333333	2
107958599012052618167	0.3333333333333333	2
108440673877367145572	0.3333333333333333	2
104034937425481327639	0.3333333333333333	1
114327427737652153565	0.3333333333333333	1
114991232362083875181	0.3333333333333333	1
104540999868216683021	0.3333333333333333	1
107639567933788693074	0.3333333333333333	2
113409086302056667844	0.3333333333333333	1
100139733702645461424	0.3333333333333333	1
114365926453576405227	0.3333333333333333	1
110008116244179984313	0.3333333333333333	2
102359948570298107280	0.3333333333333333	1
101326473558851266458	0.3333333333333333	1
117645114459863049265	0.3333333333333333	2
110666694869709575104	0.3333333333333333	1
100760289293457167724	0.3333333333333333	1
105621403584928506108	0.3333333333333333	1
111469437334144611638	0.3333333333333333	1
103752943025677384806	0.3333333333333333	1
114199195197059337302	0.3333333333333333	1
114985613570269649879	0.3333333333333333	1
114971910361717492458	0.3333333333333333	1
112027822385054753854	0.3333333333333333	1
108778680297941875527	0.3333333333333333	1
109895985415340120002	0.3333333333333333	2
103076956541457705917	0.3333333333333333	1
103099780092735800626	0.3333333333333333	1
107872453590280383097	0.3333333333333333	1
114750386879006583194	0.3333333333333333	1
101512816846466120723	0.3333333333333333	2
105974344028736728341	0.3333333333333333	1
103548172913954354631	0.3333333333333333	1
113456203738507213575	0.3333333333333333	2
105756423183388339722	0.3333333333333333	2
105358402547726784850	0.3333333333333333	1
112533946090072949685	0.3333333333333333	1
100586461319763000734	0.3333333333333333	1
114636317064703100108	0.3333333333333333	1
102405991645755774841	0.3333333333333333	1
115029186078239273995	0.3333333333333333	2
117663506663450972442	0.3333333333333333	2
108872036879266293791	0.3333333333333333	1
101783485458458787405	0.3333333333333333	1
109380791193744621950	0.3333333333333333	2
116180311728262083372	0.3333333333333333	1
117710159389064279424	0.3333333333333333	2
104058124842486191904	0.3333333333333333	2
107308460013033893888	0.3333333333333333	1
103310584282020550273	0.3333333333333333	1
116612391785848796021	0.3333333333333333	1
103387685106776315086	0.3333333333333333	1
108085998837511913226	0.3333333333333333	1
101395558282454383631	0.3333333333333333	2
100472608497932134515	0.3333333333333333	1
105001226804902733960	0.3333333333333333	2
116887436546769375688	0.3333333333333333	2
112829241725212945302	0.3333333333333333	1
115186878312054850629	0.3333333333333333	2
118271935460728368339	0.3333333333333333	1
101295111559019219927	0.3333333333333333	1
105492119742825421749	0.3333333333333333	1
117908990679728978748	0.3333333333333333	1
106787788124127706441	0.3333333333333333	2
114135879980083602468	0.3333333333333333	1
109234384849465502427	0.3333333333333333	1
116235719899993746087	0.3333333333333333	2
100012493880826494862	0.3333333333333333	1
111263411122757438264	0.3333333333333333	1
107738052316470416814	0.3333333333333333	1
111073641048817393213	0.3333333333333333	1
111980101462135994504	0.3333333333333333	1
111471826759798192730	0.3333333333333333	1
109489575895255638957	0.3333333333333333	1
111664155587786345226	0.3333333333333333	1
100857146688987399511	0.3333333333333333	1
108360574989017497426	0.3333333333333333	1
101670592154326222488	0.3333333333333333	2
113346146953541262098	0.3333333333333333	1
105562984268271417589	0.3333333333333333	2
101708025183714043837	0.3333333333333333	1
104252615936789959990	0.3333333333333333	1
102233770004174020180	0.3333333333333333	1
108408701426332023039	0.3333333333333333	2
115807765837961346479	0.3333333333333333	1
112373237775458072002	0.3333333333333333	2
109505227197640589097	0.3333333333333333	1
100513454716900546707	0.3333333333333333	1
108699398441387234953	0.3333333333333333	1
103382133892057015635	0.3333333333333333	1
100593696770419986561	0.3333333333333333	1
100345091457909095990	0.3333333333333333	1
115275485457246100819	0.3333333333333333	1
109277698616403902372	0.3333333333333333	1
113908550913053645582	0.3333333333333333	2
107362628080904735459	0.3333333333333333	1
111822826271964846627	0.3333333333333333	1
109330684746468207713	0.3333333333333333	1
102301925235690691403	0.3333333333333333	1
106918373780828705917	0.3333333333333333	1
101118272564883017879	0.3333333333333333	1
109487198890018213042	0.3333333333333333	2
112622420762576522129	0.3333333333333333	1
105392770307445426481	0.3333333333333333	1
104651920434158888940	0.3333333333333333	1
108709682676999542558	0.3333333333333333	1
115088395571975402329	0.3333333333333333	2
118147897097670149361	0.3333333333333333	2
116475141635496647275	0.3333333333333333	2
114125900939049731990	0.3333333333333333	1
102835412008947310524	0.3333333333333333	1
110945896776944314708	0.3333333333333333	1
116701660840702373805	0.3333333333333333	2
105213636585253009224	0.3333333333333333	2
109204961063047909498	0.3333333333333333	1
114346437548419029581	0.3333333333333333	1
103274398541354707265	0.3333333333333333	2
103753246154433626793	0.3333333333333333	1
107614843238833895006	0.3333333333333333	1
105195140410102310770	0.3333333333333333	1
101916731326740171496	0.3333333333333333	1
101564040565643253903	0.3333333333333333	1
106176824286911921122	0.3333333333333333	1
104503810163568543071	0.3333333333333333	1
116728666329400860219	0.3333333333333333	1
108206013262376995985	0.3333333333333333	1
111887075096360352528	0.3333333333333333	1
111607711151659422621	0.3333333333333333	1
107979724997299395580	0.3333333333333333	1
109039350117108726412	0.3333333333333333	1
117336480758197008542	0.3333333333333333	1
111965475424114885716	0.3333333333333333	1
104690840682959408925	0.3333333333333333	2
115360528204817552088	0.3333333333333333	1
105226725152707398397	0.3333333333333333	1
112135330236382155526	0.3333333333333333	1
115305893755558429994	0.3333333333333333	2
116543109046062551936	0.3333333333333333	1
100460370350549005348	0.3333333333333333	1
100584544075742338361	0.3333333333333333	2
107297378329620440295	0.3333333333333333	1
105937576002485757390	0.3333333333333333	1
114566831956608830343	0.3333333333333333	1
112786890450122407289	0.3333333333333333	2
102633597593904696542	0.3333333333333333	1
110336976038750891860	0.3333333333333333	1
100479681335308201492	0.3333333333333333	2
113438256900303213931	0.3333333333333333	1
112507886156998828584	0.3333333333333333	2
104654380792556709188	0.3333333333333333	1
104771156674233337741	0.3333333333333333	1
112802657264612458215	0.3333333333333333	1
111493628496412508005	0.3333333333333333	2
100026978292580436104	0.3333333333333333	2
112503875963240836339	0.3333333333333333	2
103486276497405974523	0.3333333333333333	2
110754372087865732397	0.3333333333333333	2
112468427674837540026	0.3333333333333333	1
107963240817176476443	0.3333333333333333	1
107355120896011347020	0.3333333333333333	1
102969862199761391120	0.3333333333333333	2
102228138880231589720	0.3333333333333333	1
102901944253441290498	0.3333333333333333	2
107011216522502524166	0.3333333333333333	1
107888675587755301954	0.3333333333333333	1
101997434473364451852	0.3333333333333333	1
115907986192399529711	0.3333333333333333	2
116680136952155952051	0.3333333333333333	1
111468463289492526581	0.3333333333333333	1
101307535045883163370	0.3333333333333333	1
105034220628990195204	0.3333333333333333	2
109813962904244597868	0.3333333333333333	2
103495900583414791676	0.3333333333333333	1
109117683049682245427	0.3333333333333333	2
106200150956168345628	0.3333333333333333	1
109279067119146991381	0.3333333333333333	1
101377128515177056129	0.3333333333333333	1
108629717769018996477	0.3333333333333333	1
100233697304209919627	0.3333333333333333	1
103429825907085420701	0.3333333333333333	1
106250709374824352211	0.3333333333333333	1
116743480428293422071	0.3333333333333333	1
110409156691827708926	0.3333333333333333	1
110388230780588093032	0.3333333333333333	1
105488734148893622830	0.3333333333333333	2
106064030310933105180	0.3333333333333333	1
110725988306174718965	0.3333333333333333	1
115104069646389182428	0.3333333333333333	1
105438216157712951149	0.3333333333333333	1
113114181037568402805	0.3333333333333333	1
118269717526175136537	0.3333333333333333	2
106156985265464360541	0.3333333333333333	1
102841512773755909745	0.3333333333333333	1
102479713175050730556	0.3333333333333333	2
117657888417980998852	0.3333333333333333	1
106866789940772422083	0.3333333333333333	1
109893074386813190826	0.3333333333333333	1
111234552344495202201	0.3333333333333333	2
113293422556039177805	0.3333333333333333	2
100287066696468757498	0.3333333333333333	1
111335922737520302374	0.3333333333333333	1
103844910799316705605	0.3333333333333333	1
105626183847851485682	0.3333333333333333	2
114028329112038942209	0.3333333333333333	1
117851058212459417649	0.3333333333333333	1
101792830934746420340	0.3333333333333333	2
101093913668464351096	0.3333333333333333	1
100290870041492891850	0.3333333333333333	1
101127855437994948867	0.3333333333333333	2
110416871235589164413	0.3333333333333333	1
109357031596128785188	0.3333333333333333	2
111284838999349564058	0.3333333333333333	1
103229710127416513028	0.3333333333333333	1
101070437521095885589	0.3333333333333333	1
102787773206175063135	0.3333333333333333	1
104739022522671686030	0.3333333333333333	1
110039424961518724835	0.3333333333333333	2
102447055528197599845	0.3333333333333333	2
109475113854351579364	0.3333333333333333	2
104799160568450312846	0.3333333333333333	1
114547432561158417795	0.3333333333333333	1
108181736087552849218	0.3333333333333333	2
117202935893851337594	0.3333333333333333	1
112831327041242465444	0.3333333333333333	1
116252237668718986379	0.3333333333333333	1
102647285392726995671	0.3333333333333333	1
102499343453644564022	0.3333333333333333	2
118205301091596240783	0.3333333333333333	1
107461072089072058902	0.3333333333333333	1
116104844336127604143	0.3333333333333333	1
113875900720494729616	0.3333333333333333	2
115607115047101130036	0.3333333333333333	1
107602429231796529116	0.3333333333333333	2
107525778405784831972	0.25	1
101790464138367096305	0.25	1
114559845119114226260	0.25	1
107100991398236552448	0.25	1
108504324492284095679	0.25	1
116561223902153824937	0.25	2
105476381299539058508	0.25	1
111584384391407513657	0.25	1
107742567767125793693	0.25	1
108689150211316471049	0.25	1
102126834369255384012	0.25	1
100880476341151112685	0.25	1
103913078739565411962	0.25	1
117681034834791918293	0.25	2
117434041186347435092	0.25	1
102804751688118895172	0.25	1
102185545819076112150	0.25	1
101005349854546472800	0.25	1
101579422741533419411	0.25	1
103258840321028598561	0.25	1
110391341631790400088	0.25	1
116149483477539438304	0.25	1
114707910756425953932	0.25	1
109267477666648337983	0.25	1
104175800083885366194	0.25	1
102212184795237656022	0.25	2
118157552622616628536	0.25	1
109801044383691533431	0.25	1
109796971671551187517	0.25	1
113048161397585942217	0.25	1
103306876714294066693	0.25	1
104690520406213149052	0.25	1
116334827514261561554	0.25	1
105344704944614501684	0.25	1
108655621696213706147	0.25	1
116438477730966655432	0.25	1
114124121045669648448	0.25	1
106679217619062767542	0.25	1
115360471097759949621	0.25	1
106985823475201692468	0.25	1
102682030297862873837	0.25	1
118249659762501201824	0.25	2
110844082215587114348	0.25	1
107021386578061403393	0.25	1
117801279671656900736	0.25	1
115659255952431552297	0.25	2
116697067427905381650	0.25	1
106973872898404144080	0.25	1
118340132086483099005	0.25	1
107505640403924766397	0.25	1
113658376554820335123	0.25	1
109940597696193991152	0.25	1
112747446779139488257	0.25	1
104265751273656254845	0.25	1
107161747644004279548	0.25	1
111622998496528383958	0.25	1
110754790260134943366	0.25	1
101214841967281809074	0.25	1
108350410094406810129	0.25	1
115761509903373415337	0.25	1
106906565504795452355	0.25	1
116011252490222413570	0.25	1
102655243537270905389	0.25	1
111554937428262475546	0.25	1
109122539496160679247	0.25	2
103867073425136749187	0.25	2
112349107353586204320	0.25	1
108518251875235403810	0.25	1
102920626931020170894	0.25	1
105437702363751748354	0.25	1
104392842026507204042	0.25	1
102274702309754511052	0.25	1
117913601259595451087	0.25	1
105049758370408227684	0.25	1
109393173981141513124	0.25	1
110463034805904797626	0.25	1
101533437896673022113	0.25	1
115757455111041414883	0.25	2
110317977449311219936	0.25	2
110145365386943856630	0.25	1
109568047269729034067	0.25	1
106703933576039947964	0.25	1
100898006218842709588	0.25	2
113006600504104125846	0.25	2
102861625523178741140	0.25	1
113435321295173258137	0.25	1
100612998680943733338	0.25	2
116646564934661550006	0.25	1
111731243339944564597	0.25	1
113626890337315012561	0.25	1
114746723400328550050	0.25	1
112000489467966551603	0.25	1
105607476388378833699	0.25	2
117783113906561198831	0.25	1
110000414893249299326	0.25	1
100856756297178193208	0.25	1
105432999357543467752	0.25	2
110005870117760401605	0.25	1
116867737555028725618	0.25	1
108349993144739467020	0.25	1
116043947632177598920	0.25	1
114394128653474707020	0.25	1
106719979779567208605	0.25	1
106178912990039163828	0.25	1
114092052797730247075	0.25	1
106641334116207071223	0.25	1
104822192398033826323	0.25	1
101094105348372997640	0.25	2
116065573422637185820	0.25	1
109217461409629684011	0.25	1
112178106651226112312	0.25	1
113813534502443050477	0.25	1
113537711651274258466	0.25	1
108581600383744157473	0.25	2
106947722115685291879	0.25	1
115065563322811017070	0.25	1
107983648838938255087	0.25	1
112974258424669667683	0.25	1
100904449101804573157	0.25	1
105883087616320654801	0.25	1
105614023028680810492	0.25	1
109549749746353031555	0.25	2
116500339224986215591	0.25	1
106289562822644692555	0.25	1
108721466183079531495	0.25	1
108398780673305961018	0.25	1
107459220492917008623	0.25	1
101268052921338060862	0.25	1
112447253390876285565	0.25	1
115202253827844332223	0.25	2
107040109683948542812	0.25	2
113056518832052897312	0.25	1
101943035898572565380	0.25	1
102901609939001465339	0.25	1
108383179285831283691	0.25	2
108204679685033568721	0.25	1
114349722497955881231	0.25	1
111673151624151424655	0.25	1
116929574636168979614	0.25	1
114636364962513361355	0.25	1
101712029112814381414	0.25	1
111835024921462866899	0.25	1
101869395366096983724	0.25	1
111113229230464648959	0.25	1
106540766545867204727	0.25	1
110130883281446405950	0.25	2
107831258717510967921	0.25	1
102243722954623989102	0.25	1
108953716425027205602	0.25	1
115684337246252869975	0.25	2
108566334850399183206	0.25	1
104785745976388509718	0.25	1
112061390929794285511	0.25	1
101484020753179036782	0.25	1
109678705779894816696	0.25	1
110918518132080106257	0.25	1
114169149820478856488	0.25	1
100475561456657224558	0.25	1
114613149483902662976	0.25	1
110435582822209082831	0.25	1
102714909528236560408	0.25	1
103561847705963058569	0.25	1
118241908293598797317	0.25	1
105207282265961495828	0.25	1
109134942366253016489	0.25	2
107383157816966336384	0.25	1
113626341655414044020	0.25	2
112317819390625199896	0.25	2
105638035132192474170	0.25	1
112753673795733261069	0.25	1
115642181881303469271	0.25	1
102191075747262958777	0.25	2
117208622444753183118	0.25	1
100552531898971306220	0.25	1
112005751432451380700	0.25	1
107150938667723041976	0.25	1
105417649550138312774	0.25	1
104031145895548702140	0.25	1
109844533275135409759	0.25	1
113628787636315115995	0.25	1
115844324393502999260	0.25	2
108619653519122895791	0.25	1
118142894411483692111	0.25	1
103092754229817039243	0.25	1
107732476244664646127	0.25	1
103140594232305211040	0.25	2
113312804462990112705	0.25	2
113096160016799996117	0.25	1
103619689952955738772	0.25	2
111494748483067320360	0.25	1
101858339163531830807	0.25	1
115531985781539115408	0.25	1
100285043256825201691	0.25	1
115058384974405026221	0.25	1
104208295582277013988	0.25	1
115391090911429381573	0.25	2
104040639000257347299	0.25	1
107475835798405892541	0.25	1
103798719109930376233	0.25	1
101153468639331529713	0.25	1
113648536184477445118	0.25	1
117018163630943556274	0.25	1
105248406398392178262	0.25	1
104302524350132782178	0.25	3
113932394061621744962	0.25	1
111189683040828587921	0.25	1
112029818149691167664	0.25	2
113686253941057080055	0.25	1
108437871879281403721	0.25	2
100962871525684315897	0.25	1
115583644746174615556	0.25	2
100465861691586558681	0.25	1
113973458554656282296	0.25	2
106758072666110923253	0.25	1
101779147505205127819	0.25	1
117054900536843539900	0.25	1
101119568117646041384	0.25	2
105742591547943280092	0.25	1
109631753156353457791	0.25	2
115916161152704313626	0.25	1
103216887847401478447	0.25	1
118158965857044805496	0.25	1
105787806063874769109	0.25	1
103650703836816496431	0.25	2
109462948655854300805	0.25	1
102831530513422267408	0.25	2
105750866923530086194	0.25	1
115970197492058000536	0.25	1
101694854656278622842	0.25	1
117945473480868380086	0.25	1
105382175513266538815	0.25	1
109730337987021901018	0.25	1
111697857700553321716	0.25	1
117608643645928114645	0.25	2
111124930081935539248	0.25	1
105393646675912614890	0.25	1
115376482203245770820	0.25	1
111112219933154879358	0.25	1
113455290791279442483	0.25	1
102762278318790381974	0.25	1
113485316122624474544	0.25	1
108138142849003408899	0.25	1
107386249394822179765	0.25	1
102854311912714900388	0.25	1
105620723198704093179	0.25	1
106834531134885596306	0.25	1
108901237855028365685	0.25	2
109359845078084061894	0.25	1
113806608794238498289	0.25	1
112269332603694088394	0.25	1
112027450030109652155	0.25	1
104963628437549784711	0.25	2
111261504735548943750	0.25	1
110479310742964256734	0.25	1
103941280605298395061	0.25	1
102449949858490990934	0.25	1
104146462052588204990	0.25	1
115222576706856481129	0.25	1
117614346606810010817	0.25	1
103892613881515436882	0.25	1
118270038016169755776	0.25	1
105316555612620087816	0.25	1
101934167568860248763	0.25	1
115938475780393957600	0.25	1
105299865907019142478	0.25	1
103128232230617819686	0.25	1
114263724985133518308	0.25	1
109579042529957997981	0.25	1
115958398724943172938	0.25	1
106131533046921693069	0.25	2
116625003680865867015	0.25	1
116867368573175665922	0.25	1
118286250147898282779	0.25	1
110548244043172681974	0.25	1
117223994457188027071	0.25	1
115989300527227925068	0.25	1
103680537270349005908	0.25	2
105895868677820944499	0.25	2
108746713310478380877	0.25	1
116927591687006554468	0.25	1
108215644829092784557	0.25	1
106927031524949591683	0.25	1
106488284533523054088	0.25	1
101322883828672147607	0.25	1
112965003329600470280	0.25	1
107073852799630124249	0.25	1
112719749130821321850	0.25	1
105809481066049820101	0.25	1
112485884885190667391	0.25	1
103776299476527190352	0.25	1
107285981046059629192	0.25	1
117466482459791110658	0.25	1
107773073025291449903	0.25	1
102752115506899431228	0.25	2
115111094068718754134	0.25	1
115161032582470721681	0.25	1
113252623131591435586	0.25	1
103787580098002291418	0.25	1
105884563519331529931	0.25	1
108276017039691136956	0.25	1
102434702507641641366	0.25	1
117662787427358000188	0.25	1
117310595726857993328	0.25	1
106466019285008765692	0.25	1
117537412855555061982	0.25	2
117810670330594453912	0.25	1
102885931406196510193	0.25	1
118210774411660218412	0.25	1
100804402913068183361	0.25	3
106287665062204946341	0.25	1
103520907987098229443	0.25	1
112748828217623921072	0.25	1
107347089538988597980	0.25	2
113130424793293957608	0.25	1
117841995755821586446	0.25	1
108177381721794114207	0.25	1
112329105487381914286	0.25	1
103449995781766635357	0.25	1
116071444474611697606	0.25	2
109821038180443243017	0.25	2
107649500403071557943	0.25	1
118088897327749634204	0.25	1
115103513800246528527	0.25	1
101959247097263572973	0.25	1
118321714959001894283	0.25	1
111116877943948560541	0.25	2
106132465451342623398	0.25	1
115883846285938028325	0.25	1
101965231542285455416	0.25	1
101932080441690768772	0.25	1
101240195219702258672	0.25	1
118116012134541220798	0.25	1
117826637077711958172	0.25	1
104867148520425189911	0.25	1
102964486564283734316	0.25	1
110484209568201203720	0.25	1
110533148746046121921	0.25	1
111634554494991256691	0.25	1
118295605729354459115	0.25	1
109418025385972791137	0.25	2
106563499888835491214	0.25	1
118255645714452180374	0.25	2
104899905923329200280	0.25	1
103657280492137983446	0.25	2
102744038083306590292	0.25	1
115121190871606390348	0.25	1
114075502070973422387	0.25	1
112460156235422693288	0.25	1
106356302054336184712	0.25	2
101777332510439077913	0.25	1
105731881257142821581	0.25	2
117491021008888340305	0.25	2
108481021162188972966	0.25	1
114480451015846480694	0.25	1
110769679431021378605	0.25	2
115329441531316787896	0.25	1
115115161887111700191	0.25	1
104441355304167311880	0.25	2
116028914197710603107	0.25	1
104330156508504717257	0.25	1
116479026640845408871	0.25	1
102400354088060921866	0.25	2
108612311203869502383	0.25	1
111590935989634390835	0.25	1
108295359544090724611	0.25	1
103399149369474669101	0.25	1
103731219545826185431	0.25	2
110193883890482991057	0.25	1
114597319730525198453	0.25	2
104792719356592263558	0.25	1
115890818529847454494	0.25	1
106677033160092990257	0.25	1
102047894468794651541	0.25	1
115776904698341375063	0.25	1
115505611402423023943	0.25	1
103915011111594385384	0.25	1
112162067187975810298	0.25	1
103350718269700384071	0.25	1
110030220986081791922	0.25	1
110859635804619214661	0.25	1
118010817588169094313	0.25	1
111160382577441379317	0.25	1
115831773236070302803	0.25	1
111064285194756161737	0.25	1
105507255007244881280	0.25	1
112298538154248260258	0.25	2
116256894601669480810	0.25	1
117297689291552581741	0.25	1
100619767619036001799	0.25	1
112422476359943602384	0.25	1
104405539079062799451	0.25	1
106205685207756379662	0.25	3
114351697806867057294	0.25	1
107101215197232285494	0.25	1
111493894867434654804	0.25	1
111771933680189190772	0.25	2
107144622689726562372	0.25	1
111433926516886244464	0.25	1
114110327402201135668	0.25	1
101711168415133898421	0.25	1
103600116983939998399	0.25	1
116318044389289937577	0.25	2
114960827958857959956	0.25	1
108981679893410895534	0.25	1
106883512644691365493	0.25	1
108981802663455232363	0.25	1
109708632267514741537	0.25	2
106369209343093164735	0.25	2
113621986695574236489	0.25	1
102384669117825357195	0.25	2
107795385644732129927	0.25	1
103886753187082859922	0.25	1
101313088594783802183	0.25	1
118418436905562612953	0.25	2
107607271348767958034	0.25	2
102064685451872550466	0.25	1
114824202606079760230	0.25	1
103987056637428226396	0.25	1
105042289188933106097	0.25	1
111441974671981142176	0.25	1
107813030534261413185	0.25	2
114143535907917198490	0.25	1
116915389609964980297	0.25	1
112007860149715006182	0.25	1
109867682146917322989	0.25	1
112849417691659712948	0.25	1
110200115381518276083	0.25	1
116635061583722144944	0.25	2
117584378356939854236	0.25	1
114934102457979755282	0.25	1
103147347309732225253	0.25	1
101221624549707698389	0.25	1
115639700532046080427	0.25	1
118315379895117728646	0.25	1
108665887827650124203	0.25	1
105528122498893014595	0.25	1
109160510572912515699	0.25	1
101046962256957926334	0.25	1
115644140961688148645	0.25	2
105966702668067411573	0.25	1
107377664248698247607	0.25	1
105989949347799204342	0.25	1
118375529836060318337	0.25	1
104187365031365479470	0.25	1
108967007573344660313	0.25	1
107564271879998719632	0.25	1
115586898390417250687	0.25	1
108041410289205537365	0.25	1
116785123333581789875	0.25	1
113780280836251353450	0.25	1
115909956209983539961	0.25	1
108999765655839446046	0.25	1
100171160323617338451	0.25	1
105234748527549840217	0.25	1
112180555080313027108	0.25	1
111207119461058636641	0.25	1
105348841896354914846	0.25	1
105385216702194875977	0.25	1
103618573102998872644	0.25	1
110872464664339654752	0.25	1
101898471192875726315	0.25	2
111954817051413306828	0.25	1
106453531239987697809	0.25	1
105398131150537185574	0.25	1
111182091459614831945	0.25	1
115135005437142391944	0.25	1
117849977174131540021	0.25	2
103918929212077970316	0.25	1
108212748463061367877	0.25	1
109888379776056131514	0.25	1
101114516910832196188	0.25	2
108077871235367554216	0.25	1
109879616923579051168	0.25	1
102697315219985593519	0.25	1
103250644495668054075	0.25	1
118251480731157738088	0.25	3
116590776953510375528	0.25	1
115189217690184894864	0.25	1
113147920694019822591	0.25	1
102471833540021278727	0.25	1
108653298014483805190	0.25	1
108112196307843395109	0.25	1
100590879165053386347	0.25	1
108430022755589227583	0.25	1
104887560331298294070	0.25	1
100019364506073195455	0.25	2
114916741095163809034	0.25	2
107518219306064103599	0.25	1
106739504288468559058	0.25	1
113256146527711720896	0.25	1
103894564127460853405	0.25	1
101269616518480136760	0.25	1
111676770805852798761	0.25	1
104666354485189196501	0.25	1
108280699895760004049	0.25	2
113711788088912173088	0.25	2
112759789454677493963	0.25	1
116354044271104270629	0.25	1
116466276696001101696	0.25	1
111115134959742432948	0.25	1
103557085623572130185	0.25	1
116315897040732668413	0.25	1
112682502973212166227	0.25	1
110226026994630736269	0.25	1
100966029566596336806	0.25	2
116331350989853527453	0.25	1
113693413383528085139	0.25	1
103412293208840577867	0.25	1
109209076849316929782	0.25	1
104995168698703819949	0.25	2
117105764275907696041	0.25	1
101372537998007019953	0.25	1
117100798778048343263	0.25	1
100255102778442021897	0.25	2
112712970284573134101	0.25	1
115992513109398635156	0.25	1
107985102860141845294	0.25	2
111749793836380057642	0.25	1
116194928306245855630	0.25	1
116502394635958271022	0.25	2
107701945493855915896	0.25	1
113085222399032424814	0.25	1
113085217954404470134	0.25	1
104485894541326791723	0.25	2
103080784632791833659	0.25	1
104131608705810814739	0.25	1
115040821953390114473	0.25	2
114059548727530382883	0.25	1
104972328326990693699	0.25	1
101283112263496643648	0.25	2
110721805765889618087	0.25	1
101544238620721926724	0.25	2
114829852257653035289	0.25	1
107738680501149387853	0.25	1
117790146286148495130	0.25	1
117697399358826098478	0.25	2
113307511932564580206	0.25	2
100856764116612210087	0.25	1
114863235808159664882	0.25	1
115690704193312436919	0.25	1
109954292026190878661	0.25	2
108809238871290369247	0.25	1
117455582278970840221	0.25	1
113723547560785067561	0.25	1
103271447027451185788	0.25	2
104799625843627866990	0.25	1
107005847245951907687	0.25	2
108415578671894136845	0.25	1
101031065487669577883	0.25	1
103819773816627223741	0.25	1
103178661792231220160	0.25	2
100733277978974946266	0.25	1
117012193154182916005	0.25	1
109183076211573712367	0.25	3
109294320651051585195	0.25	1
103876883794743459951	0.25	2
105655524288450260451	0.25	1
117976167393404426225	0.25	2
115288926045225966893	0.25	1
111890767772358919504	0.25	2
105511143006701465350	0.25	2
108027543988541921349	0.25	1
109964959136982994865	0.25	2
115689262436942964025	0.25	2
110761471444991434555	0.25	1
106574510374338486781	0.25	1
107861794963671398272	0.25	1
104570316636771676266	0.25	1
109493490725321636855	0.25	1
112201990577777311726	0.25	2
116109535166109264465	0.25	2
112039880505645844315	0.25	1
100158294387095221291	0.25	1
108917732702918735536	0.25	1
112902738284627121127	0.25	3
100583643768601491449	0.25	1
117691224885172353479	0.25	1
112096013664504057553	0.25	1
113986254461554402739	0.25	1
110868701913486935395	0.25	1
107322537767043048537	0.25	1
116719742309660880771	0.25	1
105396609818194584786	0.25	1
115264072739770351128	0.25	1
116688710362545196080	0.25	1
109148827502912077947	0.25	1
108110070511706099461	0.25	1
108595456808850731771	0.25	1
102173897406572466292	0.25	1
110314117509003498873	0.25	1
116559646489785286802	0.25	1
109307234334116744502	0.25	1
102656934497613163144	0.25	1
118245861383162684913	0.25	1
110923883348443545048	0.25	1
104994254109965225506	0.25	1
104326201449254320118	0.25	1
113979585642714805084	0.25	1
110262216018743478098	0.25	1
117257230438440531537	0.25	1
104417823234116889441	0.25	1
101965232098049360563	0.25	2
113719896583129359574	0.25	1
100792963887243200059	0.25	1
113528453054238816917	0.25	1
113816490961622062438	0.25	2
110903297586601118956	0.25	1
101184402736195634425	0.25	1
111692129804269720236	0.25	1
103957274288164959118	0.25	1
101144838792283772783	0.25	1
109982758992376063777	0.25	1
107707761163556683671	0.25	1
101875719442641419801	0.25	2
100784988860163788505	0.25	1
116242922868315019562	0.25	1
117444429786943831860	0.25	1
112617571814126522421	0.25	1
107349205488202071686	0.25	1
114393576789415157783	0.25	2
110573952887886961621	0.25	1
104337849268076537184	0.25	2
111696129495319760592	0.25	1
105035030998805022753	0.25	1
103929313090037971278	0.25	1
109687954082647837027	0.25	1
105158046330246596729	0.25	1
113976891186671082929	0.25	1
107702329278368209797	0.25	1
111701866327764535974	0.25	1
105583178679637148241	0.25	1
105769451938422053822	0.25	1
115998699126514565129	0.25	1
111950867222342349895	0.25	2
108246157440293603595	0.25	1
108707792928475298183	0.25	2
105053836629214417514	0.25	2
103998343691669548929	0.25	1
110550000985935351588	0.25	1
111322763186389935724	0.25	2
117733555737252340414	0.25	1
112716711411000436041	0.25	1
105016602373939795262	0.25	1
116879602795693028159	0.25	1
118153590571996026494	0.25	1
107570961829991066907	0.25	1
115272110932716198370	0.25	2
110749114535858679949	0.25	1
107259812579660037185	0.25	1
107315378322154900607	0.25	1
105917450142527959895	0.25	1
101820172517343463664	0.25	2
113953592758896789108	0.25	1
100413741456893688094	0.25	2
104547122294871942949	0.25	1
116162202951508613612	0.25	1
110086262320007068364	0.25	1
109182373957614595289	0.25	1
113520326117884248268	0.25	1
104436728344065927166	0.25	1
103890729645166628689	0.25	1
104211487008235753260	0.25	2
113646863104373178789	0.25	1
105696235788425641840	0.25	1
102690447793240190249	0.25	2
104400031858570151889	0.25	1
116869144491765043098	0.25	1
101908553842687394193	0.25	2
111231086471937011531	0.25	2
114743352719551405798	0.25	2
111048576551586592836	0.25	2
105632996895044984104	0.25	1
112164804445635861289	0.25	1
114031094141948179948	0.25	1
113088210779766629285	0.25	1
104260497042072438219	0.25	1
114244696029465094268	0.25	1
113683173113414215373	0.25	1
108121507355611444541	0.25	1
113646756861816224572	0.25	1
107660763710535714201	0.25	1
101883311076086976065	0.25	1
114960396375054769014	0.25	2
115441690929938557325	0.25	1
112954151067260940064	0.25	1
111071913029860644038	0.25	2
114503718663848433100	0.25	1
112873672264704590883	0.25	1
102607386869220645817	0.25	2
110355023593340779539	0.25	1
107160204816526139181	0.25	1
103752614282267588928	0.25	1
111946134390667926707	0.25	2
105196576634500671679	0.25	2
117274991848857090953	0.25	2
108523218091446041858	0.25	1
118340207173359954731	0.25	2
102414921526172028172	0.25	1
112928796157153543442	0.25	1
108327551953472546555	0.25	2
101030696951976805353	0.25	1
100475837483853910230	0.25	1
113216115935230379097	0.25	1
114939511684338722833	0.25	2
113949487993863767866	0.25	1
112092512210114124300	0.25	1
116729228561933716685	0.25	1
111104766632042172729	0.25	1
111803395165575755217	0.25	1
112319842053046942696	0.25	1
118025140782952336832	0.25	1
115970504272079730559	0.25	1
106152174048774413075	0.25	1
113938146251263994958	0.25	2
109159960340752464295	0.25	2
116679026234950468448	0.25	2
105551903212668595727	0.25	1
106966476420096118811	0.25	1
102085123773819438237	0.25	1
106131775608383438024	0.25	2
101626026703546245340	0.25	1
104198751783477785365	0.25	2
110906312742656642422	0.25	1
112868062273531947590	0.25	2
116405322191508654332	0.25	2
118099811982559640114	0.25	1
117883659808123843470	0.25	2
101235808528772355353	0.25	2
103752184467836846598	0.2	2
110156725901074535078	0	1
109584101159595963470	0	1
112957708071337353347	0	1
113260531962362107102	0	1
104081052260915687825	0	1
116246462646179586664	0	1
116672392011502086691	0	1
100519245975462538531	0	2
110602313084963920390	0	1
107902791674095682080	0	1
100081010984768669358	0	2
105164621447300845967	0	1
114045800510530461940	0	2
101832053372535369591	0	1
108169649974588976835	0	3
113107253403679023320	0	2
101035537131610855906	0	2
105248358908992136650	0	1
106916985686244608877	0	1
104319701938100393265	0	2
106539835304510344813	0	2
100048100630151349283	0	2
114634469290344215480	0	1
103888069615589058326	0	1
108480599252932396008	0	1
112567254452276123160	0	1
105620633735654863172	0	1
105873814765821560444	0	2
104154510648876236073	0	1
105637423694027427561	0	1
108258998494605140446	0	1
109121803732047023565	0	1
117000139571713536948	0	1
103977867012611544025	0	1
109900197694426406899	0	1
110806949181190360839	0	2
106255898978966943774	0	1
104962347070667053810	0	2
112529106092946833762	0	1
116362607135656263968	0	1
103429023798900894292	0	1
111325331580310420251	0	1
110453493066024590173	0	1
104244566720530687874	0	1
106287024820950801335	0	1
116610527104514904972	0	2
109086061077201076736	0	1
102183994329015251092	0	1
103100179087770804839	0	2
101894017746711407041	0	1
108584805279585306962	0	2
102755548808767411605	0	2
113490041785449486666	0	2
114127684466692817416	0	2
106728655873756157998	0	1
105607680428558991633	0	2
109445694594960760956	0	2
108630174113578548767	0	1
105514142573871707546	0	2
107494834634231938072	0	2
118359406034859277252	0	1
101006001190131292549	0	1
102518571087840972824	0	2
117715458422919571502	0	1
115419774656924121211	0	1
107468215620434407439	0	1
115168269212597481080	0	1
114755958959682237044	0	1
107307708524394964276	0	1
108851026326071355993	0	1
100556601650639886249	0	1
102027569173802121272	0	1
103437798954916183592	0	1
105456040831865657362	0	2
114390577443742844389	0	2
115224807307654803771	0	1
110115097224285661710	0	1
107170797938865105803	0	2
112931241997268074535	0	1
115533706038046529764	0	2
114465081195625970268	0	2
113654461547690050667	0	1
109876915588291208505	0	1
101904112625352366405	0	1
112732938301956933096	0	2
117429320390907645600	0	1
112066692196122613048	0	1
105769047231222924856	0	1
108347134468694009774	0	2
116929261309705541289	0	1
103911607910068922429	0	1
106683452755606331265	0	1
112750091316252656625	0	1
117803256060499880442	0	1
105715110737693124434	0	1
109200194990879792802	0	1
114764567692252908296	0	2
107591005438840138933	0	2
107771181372242547518	0	1
103407186088737594712	0	1
109152312140840616267	0	1
103875028402395166562	0	1
102122892091405997958	0	1
100013234150524277230	0	1
114703714445331612880	0	1
102445489004362587184	0	1
103139739049390572591	0	3
118143056296471581579	0	1
107408720924877751027	0	2
117951052831974893962	0	2
110478276670436712310	0	1
100374471858201089068	0	1
100377493270775536948	0	1
109601009311059762503	0	1
104394453888455887285	0	2
116135708035009047731	0	2
117802718819084454042	0	1
112820806087024614029	0	2
106382856561789208280	0	1
101348397943983026449	0	1
106322266355568739242	0	1
115249860954021772424	0	2
111083479668753090019	0	1
115961021629090154025	0	1
102616149286682191474	0	1
104361409217313730040	0	2
110223460047500171986	0	2
107978729551226072066	0	1
104836231516206450911	0	1
103915941357790241524	0	1
111516311733001647133	0	1
117251401224388113104	0	1
104359568476968412848	0	1
108266781071396472578	0	1
100879115281181648565	0	1
108583921701807283353	0	1
113894473300127215452	0	1
116519710819167843881	0	1
114025996339678208608	0	1
114090565509079137915	0	2
107728237689523013741	0	2
116281257988393556172	0	1
109280501968233688748	0	2
112369916221417513808	0	1
108810436047733672462	0	1
102397182323602489761	0	1
112236344213897425331	0	1
103976375898267658756	0	1
117485739798796938084	0	1
115614791007645952267	0	2
117110900083702382475	0	1
107119940474246316259	0	1
111437132356319061774	0	2
111413155182039517335	0	1
112022983294967948367	0	1
103391187270001716921	0	2
102239645172983099492	0	1
105658927968337553625	0	1
111919768120748204416	0	1
103589891874297491840	0	1
109776541085987843977	0	1
107386502152174751016	0	2
105974667002613140845	0	1
114611629365777822843	0	1
116042504805817667580	0	1
111240230493422963077	0	2
104271002511285859736	0	1
111109359761281857990	0	1
110913165455688349197	0	2
117302873158452325530	0	1
109079753818826549254	0	1
109507653225799908921	0	1
112348344466420791403	0	2
105549797352796189905	0	1
105962350616823915963	0	1
116709653614049345818	0	1
107842393394723425283	0	2
106074369342418466880	0	1
102117093789730100872	0	1
110845441428499536036	0	2
113434799782645457166	0	1
103293516438378653921	0	1
100580203868390239075	0	1
106237697616959334118	0	2
113583756750042981104	0	1
113012020626169688172	0	2
113102854369709041551	0	1
110265877811424631909	0	1
109172813571934524948	0	1
104486088524980775787	0	1
102698568624233195241	0	2
118301727363923491343	0	1
111900459905346803651	0	2
103330025858600351508	0	2
115590741447197562412	0	2
115143234371607892983	0	1
115571998474046088312	0	2
105186369823013844219	0	1
103341235804505564047	0	1
101351658400168878317	0	1
116303122205999176427	0	2
109420348171622152415	0	2
115851550445020159565	0	1
114427850946999804706	0	1
104042965789095032304	0	1
107526321116822867905	0	1
114304217986164504534	0	2
108099300904077351421	0	1
105250112604967150350	0	2
113406536089192162223	0	2
104109881446393419681	0	1
106065832799617372150	0	1
101016714052815974478	0	1
101764090850602912689	0	1
102817743109060986105	0	2
106911568960262229461	0	1
105756745201162965731	0	1
108904607472189043979	0	2
105980354203966235008	0	1
118208834515255752193	0	2
114754233245588014938	0	2
104373684240388228174	0	1
102501409994838053658	0	1
111124838372075709293	0	2
109533441517984298838	0	2
114163271215660166878	0	2
112401605196934673030	0	1
101059049290567215584	0	1
105183263336863590364	0	1
113172936350486247623	0	1
115811608074199996286	0	1
112220510445134063980	0	2
103586615087663445665	0	1
112582061365461975085	0	1
116010774994612431921	0	1
107542632252660344559	0	1
109501436364165187027	0	2
111760994834428090634	0	1
115616918416685751736	0	1
116707419903535483593	0	1
100884676252145293797	0	1
100418311663987406884	0	1
115428993145818153559	0	1
111112809838472063992	0	1
103241530056391928179	0	1
107125528996638849553	0	1
114894373995529057283	0	1
112073497541775484212	0	2
102312649610103790540	0	2
112353516771203355380	0	1
109364225972033274255	0	2
116763783293685184390	0	1
118029848541356213863	0	1
117399933135555654330	0	1
104573829304008843709	0	2
104100048721044197927	0	2
109031486518632696635	0	1
104279107049574225556	0	2
109603030238276154667	0	2
105040001333571511595	0	1
106661386135469061222	0	1
110420753345282336153	0	2
107004669592473005667	0	1
104294083885937159989	0	1
109876318275533969777	0	2
112671613807103204042	0	2
108057412341594398108	0	1
118369314436085435945	0	2
102918064082723690004	0	2
106533767817816079660	0	1
110831145427311371794	0	2
104112700502285331526	0	2
114208209189461132868	0	2
110287894893102510451	0	1
101183827526654972487	0	1
116640356541451077705	0	1
108527329601014444443	0	2
101482551400747213086	0	2
114789800183078016840	0	2
103115473754659376168	0	1
111518088807719120958	0	1
107354888193975541456	0	2
113683207338912869760	0	1
113814992016595479383	0	2
108924136210249299218	0	1
114820480752300993890	0	2
111973012122832065397	0	1
103869730629941619882	0	1
105875140491203787369	0	1
117028515246889767151	0	1
103784452522248646050	0	1
113515525332538914887	0	1
117944539673553852609	0	2
117856703419806322061	0	1
114441717350702263925	0	1
114715648897856324518	0	1
104316443417435189825	0	1
103730794717596387824	0	1
116106563153306625698	0	1
116411437512689977320	0	1
100989405473280437703	0	1
109809115263175925109	0	1
112082761712795823182	0	2
116294170283477530567	0	2
102273832101910264089	0	2
108092487151722513439	0	1
107733269574737813168	0	1
106713331971497474443	0	1
113211954743892121925	0	1
110539629556793511406	0	1
109333428471648214593	0	2
103896020270046143315	0	1
113593758802793133058	0	2
106983800549406471589	0	1
116642857391974581307	0	1
106896834505928192955	0	2
102140048318764498929	0	1
103254975978184665893	0	1
109920005795290614750	0	1
113847951893881070422	0	2
112422638382072847469	0	1
106499409180130178424	0	1
107627148429849708122	0	1
104124893186498610791	0	1
105222378662128673453	0	1
105665080337389619151	0	1
111341805070244323186	0	2
117678119479216657560	0	1
101517640605056528235	0	2
118164441818555589158	0	1
109458589098107737736	0	1
115175345058960993404	0	1
115603501102777898212	0	2
106526737947007406923	0	1
116992946265029396755	0	1
107105348072959327741	0	1
109819012157442863862	0	1
116756988806467865919	0	1
101163341054929669293	0	1
107435438539056864466	0	1
108193000606629350533	0	1
104394361295136862005	0	1
114146479114949843175	0	1
113497790689187078920	0	1
110784099379805584044	0	1
106220690285817555391	0	2
106676885776664066010	0	1
113427970254443655999	0	1
108586778317771300452	0	1
111805628925604418976	0	1
102096458761857893084	0	1
111310222808871521546	0	1
106700745771864783207	0	1
116682290311789132796	0	2
106078817258497259289	0	2
114368038757570758124	0	1
100616009114067625121	0	2
103975516947466869144	0	1
115820788059179744265	0	2
112133321375398608722	0	2
117880813751228693103	0	2
109610870821967806849	0	1
118021675828732821545	0	1
114391345252268389899	0	2
106552720667762384664	0	1
101062426971907362935	0	1
104437636865235134368	0	1
105271498619135161075	0	2
102920649891159359534	0	1
112750733404297151260	0	1
104657888072535219107	0	1
115976423587510251932	0	1
117795740752945763873	0	2
102510959683814539027	0	1
118386082111249392155	0	1
101062806117760486151	0	2
105526124362694536693	0	2
118115477841953945747	0	1
100372135633760991915	0	1
116435139829864706251	0	1
102873175118305865375	0	1
108112557629934458248	0	2
106264880718777779181	0	1
116995710336756123292	0	1
104014153016377817626	0	2
108058675047399135236	0	1
114195458404542931606	0	1
118306516911843051370	0	1
107490600889040777735	0	2
101344580529905588824	0	1
100352514828668707250	0	1
116140925147837861736	0	1
100443473854445704771	0	1
107792210455452678312	0	1
109373805803148240404	0	1
105786329165387175660	0	1
113400351102255476238	0	1
101115279516954123891	0	1
105409001356827017587	0	2
100464702037351657177	0	1
109514475488698891798	0	1
105399293518321348656	0	2
100715328241636136414	0	1
110507996978242488651	0	1
115875365624045799899	0	1
115601680394653074259	0	1
115039844663765920471	0	2
105716329127556664968	0	2
112342248775237115466	0	1
103902837507333573775	0	2
105804664540125819976	0	2
115087934048348184516	0	2
113104944605785201866	0	1
116002634428473399293	0	1
103423896242493726696	0	1
106519863471544313040	0	2
110940456900687729735	0	1
116634741790401617299	0	2
106753117115727098582	0	2
107199657067475830421	0	2
118161459803363636897	0	2
102349305007676725479	0	1
118229828410918651716	0	1
109237980065112201404	0	1
102528718122061029071	0	1
104644705068936006621	0	1
110092884195358014184	0	1
116056482297838775754	0	2
102321124479843527561	0	1
106477902094275338003	0	1
111178132882432270750	0	2
105046530334806680420	0	1
106935889289965251002	0	1
117988961081154574738	0	2
101732559467217160653	0	2
105530236609060376707	0	1
115638855134204943806	0	1
112934551097156673460	0	2
116560377643176212063	0	1
114489931902706901983	0	1
109892778117736265351	0	1
112879207422835329028	0	2
114452957806994491215	0	1
116360368746388640697	0	1
114117473914279205609	0	2
100736513308111936429	0	1
104710652529614103134	0	1
103472736050270620902	0	1
103278261158570870870	0	1
111664662971926970305	0	1
101872053529554144345	0	2
110584481927562150689	0	1
118224776879738188902	0	1
110990415571597478613	0	1
109083209902337691886	0	1
115954397204687771743	0	1
104018794579181726500	0	1
108340896545132368254	0	2
110648594340284410438	0	1
111747381273060022672	0	2
100957987457704303477	0	1
107204841083066083308	0	2
106756757396535914887	0	2
101893349952034589341	0	1
115513899342469509603	0	1
111715626413545342252	0	1
113459103713303498507	0	2
103395808487293387810	0	1
110140615812755191372	0	1
101257875865357286973	0	1
105161232143858721168	0	1
111539649020426078434	0	1
101732605149957891826	0	1
113826445430709315059	0	1
107264445244175053131	0	2
110023904208758175742	0	1
107187725863982533993	0	2
114205933974682999829	0	1
104998843805887136938	0	1
108492526126263806887	0	1
102591456980355535921	0	1
107329843700868576110	0	2
105139328980167946549	0	1
112045048999529949908	0	1
100487850464829001531	0	2
117510668326290837438	0	3
117627559431013489137	0	2
112366735963271550830	0	2
109735915889968695002	0	1
111764754316869949519	0	1
116483744752939586910	0	2
114124699453749164804	0	2
112050047245724905079	0	2
108602149449027340564	0	2
102788725364139060456	0	2
102581249148462303452	0	1
104344017060836574568	0	1
113087722686402133180	0	1
103136145247599975892	0	1
109838381960700452907	0	2
107874114351340563166	0	2
102024783780836984141	0	1
107592494492193543612	0	1
115027027411415275890	0	2
108541332650490652167	0	1
104873021163951124714	0	2
116875895747133156286	0	2
108370572392474482357	0	2
109307561029264799199	0	1
112999018175950778813	0	2
100188557028585168265	0	2
106488755491766193480	0	1
107855901523571391471	0	1
113384378468645669628	0	1
117321314689388799882	0	2
105020503671181573352	0	1
107192195569453684660	0	1
104371038387535921311	0	2
110916458088472856020	0	2
103435446677848757188	0	1
103398551268914732377	0	2
102837097678487480685	0	1
104957819454738884673	0	1
114927294217645926989	0	1
112746911465383636677	0	1
107068304178800813666	0	1
106918738385549212309	0	2
114830458019096176470	0	1
102866355683883043230	0	1
112685199293700779997	0	1
103525423067610984418	0	1
109646378203835644278	0	1
103916200279709797158	0	1
109864945867845617992	0	1
106453324149578946702	0	2
108539408842832063454	0	1
105924664289338350355	0	1
110490497078657367851	0	1
105471005522417570192	0	1
110283364604261253002	0	1
112390801806756526691	0	1
107023475113646570269	0	1
110524280358435056441	0	1
118019328633110210449	0	1
112464213406139907534	0	2
108171448408215130242	0	2
102910724519411005350	0	1
102073359334066588157	0	1
116835282830551966083	0	1
115883675231924152819	0	2
116229124946104902105	0	2
104830744452856998976	0	1
100159330686606612810	0	2
110277817841129323109	0	1
110830480322340378413	0	1
116235714265664045436	0	2
108468468371661436900	0	1
114927550142325929366	0	1
105559429410378216754	0	2
105423752657290675302	0	1
101091784694471581950	0	1
102261841067368758247	0	1
102589586575431744231	0	1
106660622179104353560	0	1
116228285193230363334	0	1
106956977736353271405	0	2
115392056377929975807	0	1
108802412747388798696	0	1
109792480719768989992	0	2
115683348724599782363	0	2
103424506779075759623	0	1
112761831923510245085	0	2
113895121636349684084	0	1
100212806422158954977	0	1
110012184041608435840	0	2
108423761850798415988	0	1
107123713400808531788	0	2
106862753731966147590	0	1
112752392655402564129	0	1
111850997383254077887	0	1
116791043395188182018	0	1
102610357400770906506	0	1
101413984872013911017	0	1
105795505690851684660	0	1
109591343291103326958	0	1
117664165092777516244	0	1
118311651370497868284	0	1
107342648645673330216	0	1
102863738190878180013	0	2
100232037165721443512	0	2
108788203899921043111	0	1
106120339174989120480	0	2
108227766059398780608	0	2
102112604159730445155	0	2
101466381868120571637	0	2
113986445303502992758	0	1
106036007768569161743	0	1
117831026683660485392	0	1
103950094023645163151	0	2
107889033183448999512	0	1
110156377665491013511	0	1
106542726714965514632	0	2
106239842821904844966	0	1
113372276414783644563	0	2
112603587814890164052	0	1
101584916079355929693	0	2
117998735553744736999	0	2
112247611440196124954	0	1
108091327114614335688	0	2
115221452961219548654	0	1
109509160915387426842	0	1
118369384868249491237	0	1
105092851556560263943	0	2
118305631151033254351	0	2
103909037724147354399	0	1
110380557590294500657	0	2
113979821550874995102	0	2
113557649190463139509	0	1
101926623550988143997	0	1
106234499885540326564	0	1
111579767940997245558	0	2
105440861851754786878	0	1
100322256610515857927	0	1
101652943310315826920	0	1
117816708697976064293	0	1
117779313314279724018	0	1
111490745412217622127	0	2
110041558267751969861	0	1
102559162101591701099	0	3
114714515923947839414	0	2
107827345508550218391	0	1
103279632015128042033	0	1
107121825569855176793	0	1
117024171876400269604	0	1
102796648480929735290	0	1
109434220807744763618	0	2
