#node_label	#score	#gender
116515721576538221710	1.0	1
111898488746284810365	1.0	1
100140326492247661192	1.0	1
114755053812766572596	1.0	2
117697379995591819341	1.0	1
114650275190282443700	1.0	1
104062729136449125652	1.0	1
101866137798274840166	1.0	2
101969041272496660644	1.0	2
102691740080083330699	1.0	2
106299502890438073954	1.0	1
114630819519900971734	1.0	1
113757914149118662901	1.0	1
116376658056460591487	1.0	1
111425340807163299208	1.0	1
112679069241212073579	1.0	1
102539560828186399462	1.0	1
110340398459872464740	1.0	1
110638204297392483662	1.0	3
114754297113775875212	1.0	1
107082593606402385292	1.0	1
115240002103507169887	1.0	1
103058030859239136322	1.0	1
110868669668213024446	1.0	2
110254112020179650973	1.0	1
106601750065856151933	1.0	1
114173229177800981986	1.0	1
111596712742078286426	1.0	1
110426489030219164720	1.0	1
109812966967199532553	1.0	2
106506647267786956499	1.0	1
100393196717216421059	1.0	1
108550617919103256360	1.0	2
114386249102861654829	1.0	1
116297822166667634310	1.0	1
113167963525553874055	1.0	2
108915152484776713761	1.0	1
108638790989807654659	1.0	3
114196811624014431112	1.0	1
117879648937111553070	1.0	2
113561159276740933778	1.0	1
106413658520732441454	1.0	2
108004806873381219651	1.0	1
102344766917448553368	1.0	2
109212423277798968053	1.0	1
100211575597804049456	1.0	1
100904919699210419423	1.0	2
114032826414763895651	1.0	1
100863227977926941886	1.0	1
113578680307451686517	1.0	1
102359835372274965063	1.0	2
114436707299696851527	1.0	1
101800141332534184485	1.0	1
108317289702756150578	1.0	2
112384083000093286948	1.0	1
105669139277656166053	1.0	3
114918709307994187767	1.0	1
105210084566831771994	1.0	1
116099039871883628309	1.0	2
106755180164881173864	1.0	1
117678245434725432877	1.0	2
103276484892017555629	1.0	2
104219918530370682911	1.0	1
109854673439054794606	1.0	1
112820736815534200856	1.0	1
110905615754275345575	1.0	1
109362242506345782519	0.5	1
109637499582414394379	0.5	1
109555256228434938557	0.5	1
112532462446203858454	0.3333333333333333	2
109122415375078353554	0.2	1
115750132524439594822	0.2	2
107890734879960972569	0.2	1
103351183899994002774	0.2	1
104015870160096329227	0.2	1
116234108109711869584	0.2	2
101460227782413274406	0.16666666666666666	1
108420494279166084795	0.16666666666666666	2
107125656733807816445	0.16666666666666666	1
102299921869191330941	0.16666666666666666	1
108076846041429742479	0.16666666666666666	1
103606174741574397890	0.16666666666666666	2
111954038769135314567	0.16666666666666666	1
107471532903143892903	0.16666666666666666	1
104509376161113271320	0.16666666666666666	1
107828922015814454990	0.16666666666666666	3
100614145404577079934	0.16666666666666666	1
113929649512843361380	0.16666666666666666	1
111349637233421143616	0.16666666666666666	1
111500377053466418367	0.16666666666666666	1
102170431816592344972	0.16666666666666666	1
104267556247863406520	0.16666666666666666	1
109830356655972238757	0.16666666666666666	2
113975821888044173139	0.16666666666666666	1
118267041953042294743	0.16666666666666666	1
114640712456769637723	0.16666666666666666	1
117753274394525564935	0.16666666666666666	1
109500094738345747468	0.16666666666666666	1
109210006696205769848	0.16666666666666666	1
109849764439109992897	0.16666666666666666	1
106382433884876652170	0.16666666666666666	1
105076187870766696989	0.16666666666666666	1
114284669487341933902	0.16666666666666666	1
101171267267295051773	0.16666666666666666	1
106600757771848447744	0.16666666666666666	1
113000402527641970583	0.16666666666666666	1
107979383412342674643	0.16666666666666666	2
115231548938376868244	0.16666666666666666	1
106500883934432419074	0.16666666666666666	1
111045857694647169718	0.16666666666666666	1
108790304680535035759	0.16666666666666666	1
100570943621691880802	0.16666666666666666	1
116250009958844646720	0.16666666666666666	1
112043733720691528915	0.16666666666666666	1
116449344847221208244	0.16666666666666666	1
108296394318308226081	0.16666666666666666	1
117888860379667170672	0.16666666666666666	1
110763708130424967560	0.16666666666666666	1
112730993651425627519	0.16666666666666666	1
107375497089825173805	0.16666666666666666	2
107742059751171695340	0.16666666666666666	2
101812538957101671138	0.16666666666666666	1
101680775145929111715	0.16666666666666666	2
103518031353425519457	0.16666666666666666	1
110703103570865392587	0.16666666666666666	1
110815228753558444774	0.16666666666666666	1
103449247930273304057	0.16666666666666666	1
116052312205661322001	0.16666666666666666	2
105688418755281142258	0.16666666666666666	2
111907107648943669732	0.16666666666666666	1
118147897097670149361	0.16666666666666666	2
104755120045345098309	0.16666666666666666	1
113081674616884638457	0.16666666666666666	1
116149494893265617869	0.16666666666666666	3
100560257956229714598	0.16666666666666666	2
117679260119174291360	0.16666666666666666	1
116445996143970732192	0.16666666666666666	1
109379422941209395475	0.16666666666666666	1
101486204454724257393	0.16666666666666666	1
109198068979396757482	0.16666666666666666	1
105242528442539697758	0.16666666666666666	1
105853072546739549316	0.16666666666666666	1
105707329253019609912	0.16666666666666666	1
116774203101003951636	0.16666666666666666	1
109729673916613676372	0.16666666666666666	1
100967671384065238812	0.16666666666666666	1
109950563066415226148	0.16666666666666666	3
113514359090285707598	0.16666666666666666	1
110826990192585492719	0.16666666666666666	1
112311612544669704505	0.16666666666666666	1
118301801570268856235	0.16666666666666666	1
115486994209685830849	0.16666666666666666	1
111508479634678616188	0.16666666666666666	1
101714445432458405262	0.16666666666666666	2
116721411314864111733	0.16666666666666666	1
104427974633143112976	0.16666666666666666	1
105847450608950684606	0.16666666666666666	2
103274398541354707265	0.16666666666666666	2
104974235123841120202	0.16666666666666666	1
104111281025100463342	0.16666666666666666	1
115597730833824751996	0.16666666666666666	1
105135531264058821751	0.16666666666666666	1
105664066782052583656	0.16666666666666666	1
118096503949534153600	0.16666666666666666	1
109369131350543371096	0.16666666666666666	1
110184672446225228030	0.16666666666666666	1
117774061292705689812	0.16666666666666666	1
111442608896440688670	0.16666666666666666	1
117214447777040509945	0.16666666666666666	1
114173985154060386938	0.16666666666666666	1
115603875228641083705	0.16666666666666666	2
104626920040497589030	0.16666666666666666	1
100612175927429294541	0.16666666666666666	1
103404201489098793438	0.16666666666666666	1
101180336974837729318	0.16666666666666666	1
101738333387014784493	0.16666666666666666	1
113319349520888439059	0.16666666666666666	3
109905874786501833024	0.16666666666666666	1
113621736044445947013	0.16666666666666666	1
101646192177749027192	0.16666666666666666	1
116727142176620245346	0.16666666666666666	3
106536690729180559366	0.16666666666666666	1
102645868039315248167	0.16666666666666666	1
114282344195998449570	0.16666666666666666	1
109400676470209299278	0.16666666666666666	1
112294626693333964410	0.16666666666666666	1
111788550680523401539	0.16666666666666666	2
105987572115496165444	0.16666666666666666	1
104690498600184582710	0.16666666666666666	1
111699497900806311761	0.16666666666666666	1
116134424343890669820	0.16666666666666666	1
105237270998071587297	0.16666666666666666	1
114766395199495761004	0.16666666666666666	1
102754078406911309551	0.16666666666666666	1
109486086469670071719	0.16666666666666666	1
101916376197413811852	0.16666666666666666	1
101308598157493580687	0.16666666666666666	1
101591227639591103030	0.16666666666666666	1
117360075988568941853	0.16666666666666666	1
103561129420172342325	0.16666666666666666	1
102897329980298045628	0.16666666666666666	1
116283856227457741544	0.16666666666666666	1
111112872752386927933	0.16666666666666666	1
101139432757462346921	0.16666666666666666	1
118290774632521382251	0.16666666666666666	1
105692897646346162977	0.16666666666666666	3
114887851040453324950	0.16666666666666666	2
107012017622020814054	0.16666666666666666	1
108860446917688954304	0.16666666666666666	1
115693557578126851763	0.16666666666666666	2
111231509260560353458	0.16666666666666666	2
109953228421867221920	0.14285714285714285	1
100974258168375166691	0.14285714285714285	2
112381323655815221410	0.14285714285714285	1
111091089527727420853	0.14285714285714285	1
117769849288201665894	0.14285714285714285	1
100542615208853133365	0.14285714285714285	1
109504122343901736603	0.14285714285714285	2
101113783882299556336	0.14285714285714285	1
110697953608597320574	0.14285714285714285	1
107379489464447013340	0.14285714285714285	2
100397511207083609950	0.14285714285714285	2
117596712775912423303	0.14285714285714285	1
105977760167703216702	0.14285714285714285	1
106186407539128840569	0.14285714285714285	1
111048918866742956374	0.14285714285714285	1
113767709705543025908	0.14285714285714285	1
106362055213919335650	0.14285714285714285	3
104587853140477187557	0.14285714285714285	1
106979141005492449666	0.14285714285714285	1
104674523653618976713	0.14285714285714285	1
115687178185726009185	0.14285714285714285	1
104403266059394158450	0.14285714285714285	1
108957795290078982439	0.14285714285714285	1
109093635277519477531	0.14285714285714285	2
108966117305419498653	0.14285714285714285	1
105482939572094391628	0.14285714285714285	1
103178347987245142420	0.14285714285714285	1
118236788610609668752	0.14285714285714285	1
106777401902103313994	0.14285714285714285	1
100475561456657224558	0.14285714285714285	1
110573952887886961621	0.14285714285714285	1
103150328351925153314	0.14285714285714285	2
118434540131659816507	0.14285714285714285	2
113213387314181822449	0.14285714285714285	2
107833107845497630206	0.14285714285714285	1
108533524920677979245	0.14285714285714285	1
109455413010192750785	0.14285714285714285	2
107769074106358010063	0.14285714285714285	1
102797439219351567658	0.14285714285714285	2
107383157816966336384	0.14285714285714285	1
110765131640690541310	0.14285714285714285	1
107499625506294518015	0.14285714285714285	1
104531609977012265422	0.14285714285714285	1
103697821787469756035	0.14285714285714285	1
101131201901730432126	0.14285714285714285	2
113116318008017777871	0.14285714285714285	1
115970504272079730559	0.14285714285714285	1
102447393194469801400	0.14285714285714285	1
110831094819587018694	0.14285714285714285	1
101520933331626481481	0.14285714285714285	1
103914809547503560483	0.14285714285714285	1
100730931531762511307	0.14285714285714285	2
102314262414916775768	0.14285714285714285	1
109177683659525760187	0.14285714285714285	2
113881433443048137993	0.14285714285714285	2
110562334358212870682	0.14285714285714285	1
115082977301557449995	0.14285714285714285	1
103958441795544241153	0.14285714285714285	1
104773515781763171849	0.14285714285714285	1
105216491640488683417	0.14285714285714285	2
102463809205898225329	0.14285714285714285	1
102752688780933185559	0.14285714285714285	1
112339811242234024600	0.14285714285714285	1
108082478497335384404	0.14285714285714285	1
105673698389549885648	0.14285714285714285	1
116871720753561268256	0.14285714285714285	1
106393478695568433143	0.14285714285714285	1
104094951643589965847	0.14285714285714285	1
107659606256961933291	0.14285714285714285	2
117344786984788205452	0.14285714285714285	1
117533349820841583572	0.14285714285714285	1
103645950829040552823	0.14285714285714285	1
106489306456459967416	0.14285714285714285	1
102890579767033030077	0.14285714285714285	1
107922976957743363072	0.14285714285714285	1
107753428759636856492	0.14285714285714285	1
112058561259663070116	0.14285714285714285	1
111037600142684781907	0.14285714285714285	1
105076678694475690385	0.14285714285714285	1
113686253941057080055	0.14285714285714285	1
102888072638148611875	0.14285714285714285	1
111705533032607741863	0.14285714285714285	1
101269616518480136760	0.14285714285714285	1
108896556048763968559	0.14285714285714285	1
110400827633287801386	0.14285714285714285	1
111124930081935539248	0.14285714285714285	1
117950808296625507560	0.14285714285714285	1
102962759291328630473	0.14285714285714285	1
112707199408484711520	0.14285714285714285	2
102373191596205712937	0.14285714285714285	1
105237212888595777019	0.14285714285714285	1
100032150156925946449	0.14285714285714285	1
118055282431114392816	0.14285714285714285	1
107022061436866576067	0.14285714285714285	1
112829233906811093453	0.14285714285714285	2
111276156839982761004	0.14285714285714285	1
114069556747039613148	0.14285714285714285	2
104920574890360513397	0.14285714285714285	1
105971726014214945300	0.14285714285714285	1
104987932455782713675	0.14285714285714285	1
115474647300950605865	0.14285714285714285	1
112336147904981294875	0.14285714285714285	1
118082222084351732153	0.14285714285714285	1
102855365112619189539	0.14285714285714285	2
112726038360301567381	0.14285714285714285	1
105175320120498005241	0.14285714285714285	1
101626689545675881293	0.14285714285714285	1
112572888596658101745	0.14285714285714285	2
115185449105972818666	0.14285714285714285	1
115641673504489750951	0.14285714285714285	1
113081640546317923873	0.14285714285714285	3
114945581557402383695	0.14285714285714285	1
100379544576801445952	0.14285714285714285	2
102673514885268822823	0.14285714285714285	1
107750963474089229907	0.14285714285714285	1
113357314830818677294	0.14285714285714285	2
115469260937373930959	0.14285714285714285	1
108541235642523883716	0.14285714285714285	1
115824749838216263976	0.14285714285714285	1
118335302974104408634	0.14285714285714285	1
117906457028030551127	0.14285714285714285	1
112546244895799598881	0.14285714285714285	1
116805285176805120365	0.14285714285714285	1
106188011051869660375	0.14285714285714285	1
115231132046412024296	0.14285714285714285	1
108952536790629690817	0.14285714285714285	1
104601040994962327916	0.14285714285714285	1
110991668529708574776	0.14285714285714285	1
117807373507435100906	0.14285714285714285	1
102865263115020893218	0.14285714285714285	1
117997070623577148430	0.14285714285714285	1
103399926392582289066	0.14285714285714285	1
102615863344410467759	0.14285714285714285	2
117358845486245155054	0.14285714285714285	1
113921402982731854876	0.14285714285714285	1
114972221948028006870	0.14285714285714285	1
110379434263550065795	0.14285714285714285	1
116583028908482808844	0.14285714285714285	1
100132815412082402248	0.14285714285714285	2
109826228058070141144	0.14285714285714285	2
110272911701340356822	0.14285714285714285	1
106029647376914827875	0.14285714285714285	1
115910935753862341354	0.14285714285714285	1
104056566649062004539	0.14285714285714285	2
106753592583834285241	0.14285714285714285	1
117477951489690722168	0.14285714285714285	1
102213934827347582736	0.14285714285714285	1
110106586947414476573	0.14285714285714285	1
112515890676206330591	0.14285714285714285	1
118373663328244187498	0.14285714285714285	1
101593672387925401705	0.14285714285714285	1
116138307344059195152	0.14285714285714285	1
113751283404152316115	0.14285714285714285	2
106890225437412284292	0.14285714285714285	2
101263615503715477581	0.14285714285714285	1
112373818948348148540	0.14285714285714285	1
112329706623574352888	0.14285714285714285	1
117211092043045415977	0.14285714285714285	1
100112687920119064331	0.14285714285714285	1
114519877662741226877	0.14285714285714285	1
113657871165702720349	0.14285714285714285	1
116549122566190216207	0.14285714285714285	1
111080325474059136917	0.14285714285714285	1
115957845489057357005	0.14285714285714285	2
107692595151702742345	0.14285714285714285	1
111183544898345861350	0.14285714285714285	1
105894852188749828857	0.14285714285714285	1
107501491159803985844	0.14285714285714285	1
110893506690518896634	0.14285714285714285	1
112316060748513259321	0.14285714285714285	1
114635269661342936816	0.14285714285714285	1
117032113600154455464	0.14285714285714285	1
109219075976635448224	0.14285714285714285	1
101170397486814672781	0.14285714285714285	2
110554559210283720747	0.14285714285714285	1
115157636642811626111	0.14285714285714285	1
106280076093534795244	0.14285714285714285	1
107048563193682425629	0.14285714285714285	1
115314704721793037922	0.14285714285714285	1
110480424460969036131	0.14285714285714285	1
112534008082284397603	0.14285714285714285	1
116663504982888286028	0.14285714285714285	1
106958552091282211106	0.14285714285714285	1
106969149684748273649	0.14285714285714285	1
104914829730501706316	0.14285714285714285	2
108192661598652935384	0.14285714285714285	3
116826380160876619557	0.14285714285714285	1
109602109099036550366	0.14285714285714285	1
102636671700389863816	0.14285714285714285	2
114274687956791581923	0.14285714285714285	2
115975166278164828962	0.14285714285714285	1
107195441476577339421	0.14285714285714285	1
108376014055785123135	0.14285714285714285	1
117916903811396964681	0.14285714285714285	1
111062530954653948351	0.14285714285714285	2
107663656919026983240	0.14285714285714285	2
108184979811314592542	0.14285714285714285	1
115844892959843903605	0.14285714285714285	1
112472450049544645995	0.14285714285714285	1
106488284533523054088	0.14285714285714285	1
114893261182430801767	0.14285714285714285	1
114454204522366889340	0.14285714285714285	2
109953960650405692454	0.14285714285714285	1
105340146949643494032	0.14285714285714285	1
105774028417608036621	0.14285714285714285	1
107226510212097262777	0.14285714285714285	1
101635932763006575497	0.14285714285714285	2
110205621691394466738	0.14285714285714285	1
115289783041335985128	0.14285714285714285	1
101246278535905342219	0.14285714285714285	1
106619177530590150046	0.14285714285714285	1
102317848459686896166	0.14285714285714285	1
117029224600241876063	0.14285714285714285	3
100690035958728038289	0.14285714285714285	1
115384398239118681195	0.14285714285714285	1
101102481441692664721	0.14285714285714285	1
106535723624866309220	0.14285714285714285	1
105907506846015059356	0.14285714285714285	1
103952215474318614668	0.14285714285714285	1
107656088609554509650	0.14285714285714285	1
111580140114398359977	0.14285714285714285	2
107402153575627677278	0.14285714285714285	2
115858401615184977816	0.14285714285714285	1
109530626563379726962	0.14285714285714285	1
105213289721960362401	0.14285714285714285	1
118226901618539334784	0.14285714285714285	1
113077574916447634918	0.14285714285714285	1
108840810861916428390	0.14285714285714285	1
101293522679634826668	0.14285714285714285	1
108472211298000664814	0.14285714285714285	1
116471419516389162006	0.14285714285714285	1
111544649477886707742	0.14285714285714285	1
113162545611003430226	0.14285714285714285	1
106168732854414794326	0.14285714285714285	1
106287665062204946341	0.14285714285714285	1
106878843879138525072	0.14285714285714285	1
115121555137256496805	0.14285714285714285	1
114189710205132302286	0.14285714285714285	1
116681454266107802366	0.14285714285714285	2
113284317237534184433	0.14285714285714285	1
109275900965114105858	0.14285714285714285	1
110524394314009972540	0.14285714285714285	1
106428964301934127359	0.14285714285714285	2
117344097943871188847	0.14285714285714285	1
108449696009089544700	0.14285714285714285	1
111846972198819345193	0.14285714285714285	1
112226108704688540728	0.14285714285714285	2
113573327184012303425	0.14285714285714285	1
115211660610779316498	0.14285714285714285	1
100275456048197983226	0.14285714285714285	1
115597959246124183432	0.14285714285714285	1
114713801122797555722	0.14285714285714285	3
107871809287023143249	0.14285714285714285	1
108885449679237020614	0.14285714285714285	1
115583906115141197434	0.14285714285714285	1
103264351896543602383	0.14285714285714285	1
104565659955877664206	0.14285714285714285	3
114037329177242781006	0.14285714285714285	2
102621559989378992259	0.14285714285714285	1
108313630620317483489	0.14285714285714285	2
103399552228700573890	0.14285714285714285	1
106881730500930429055	0.14285714285714285	3
116089940998569279469	0.14285714285714285	1
103068252687042190272	0.14285714285714285	2
112556475788319616283	0.14285714285714285	1
107261827666081460802	0.14285714285714285	2
101639527325167148276	0.14285714285714285	1
110554339426058317359	0.14285714285714285	3
118105767453063428563	0.14285714285714285	3
104789781829574636984	0.14285714285714285	1
103611125430825032608	0.14285714285714285	1
102328436589025225443	0.14285714285714285	1
101091342376919289197	0.14285714285714285	1
101290323115775608002	0.14285714285714285	1
109080058258034498458	0.14285714285714285	1
110849649973703067861	0.14285714285714285	1
103528607506237279236	0.14285714285714285	1
108239437990374698715	0.14285714285714285	1
104911962050973773686	0.14285714285714285	1
115379628141415942567	0.14285714285714285	1
116724035829977184113	0.14285714285714285	1
117418320302054633242	0.14285714285714285	1
105719943141175185993	0.14285714285714285	1
117092433063457042510	0.14285714285714285	1
102912747351843166899	0.14285714285714285	1
110256498773819616981	0.14285714285714285	1
101501536740476542745	0.14285714285714285	1
102584844332595334693	0.14285714285714285	1
103240617186449781557	0.14285714285714285	1
117984579082495874011	0.14285714285714285	1
102042548664953908552	0.14285714285714285	1
106244507249893778818	0.14285714285714285	1
102471990978588538097	0.14285714285714285	1
111607775101955562594	0.14285714285714285	1
114117805147124228261	0.14285714285714285	1
116576545825586924287	0.14285714285714285	1
114405286590267972617	0.14285714285714285	1
111151389770271661125	0.14285714285714285	2
108422210125865217369	0.14285714285714285	2
116084977628159578179	0.14285714285714285	1
110078981991125509588	0.14285714285714285	1
103189566346997831755	0.14285714285714285	1
100466443833464121450	0.14285714285714285	2
112960886814086929169	0.14285714285714285	1
109074505916084927391	0.14285714285714285	2
101222111601510462682	0.14285714285714285	2
108636858817640026089	0.14285714285714285	1
104019610058963328353	0.14285714285714285	2
111726004033882045952	0.14285714285714285	2
108922121802199061039	0.14285714285714285	1
104484451714615854213	0.14285714285714285	3
109011129457671675059	0.14285714285714285	1
118097459749883874641	0.14285714285714285	3
100959228904648752499	0.14285714285714285	1
116404983721671266045	0.14285714285714285	1
106483347167015864151	0.14285714285714285	3
109751747805582892366	0.14285714285714285	1
102467383730388863972	0.14285714285714285	1
103020119158077344931	0.14285714285714285	1
116113762565849581081	0.14285714285714285	1
101864732042551709247	0.14285714285714285	1
101953373515826615112	0.14285714285714285	1
113079730162847759736	0.14285714285714285	1
105122012474428163036	0.14285714285714285	1
116225033430261159202	0.14285714285714285	1
102192719803954542018	0.14285714285714285	1
117621340911066573419	0.14285714285714285	1
108491565813676367215	0.14285714285714285	3
114043432458944086501	0.14285714285714285	2
114367021172387936324	0.14285714285714285	3
118294594527856769237	0.14285714285714285	1
110761974058292043963	0.14285714285714285	2
104098027739026025269	0.14285714285714285	1
100095463893803505987	0.14285714285714285	2
105794447762438125338	0.14285714285714285	1
113076730691471689677	0.14285714285714285	2
118109371344939084905	0.14285714285714285	3
118087069431910403570	0.14285714285714285	1
116008330998823113408	0.14285714285714285	1
111541400804834867537	0.14285714285714285	1
115544846065497536518	0.14285714285714285	1
101725678795367123159	0.14285714285714285	2
111886329395690365618	0.14285714285714285	1
109251298758752392803	0.14285714285714285	3
104828598034221123038	0.14285714285714285	1
100951440917090195833	0.14285714285714285	2
100214410550417301243	0.14285714285714285	1
104113580567929456569	0.14285714285714285	1
114580511692788870013	0.14285714285714285	1
103557966029362195067	0.14285714285714285	1
112428605883681354403	0.14285714285714285	1
103765459743388968170	0.14285714285714285	1
117762524640019786521	0.14285714285714285	1
103351203612291121500	0.14285714285714285	2
100719835863908268992	0.14285714285714285	1
117075595870358606483	0.14285714285714285	2
101495783601376609985	0.14285714285714285	1
106744686296328337630	0.14285714285714285	1
109385306800271699101	0.14285714285714285	1
103520821505373638668	0.14285714285714285	3
105419486841902947476	0.14285714285714285	1
117454834756810388841	0.14285714285714285	2
105063963936170655682	0.14285714285714285	1
107527658393727601576	0.14285714285714285	1
108843560416960388068	0.14285714285714285	1
102881821910390812562	0.14285714285714285	1
105299590256194351836	0.14285714285714285	2
102875584569712946321	0.14285714285714285	2
109429664966879631307	0.14285714285714285	1
114285466473278055769	0.14285714285714285	1
109427532620228024557	0.14285714285714285	2
110660713554998056834	0.14285714285714285	1
105665794548953864572	0.14285714285714285	2
101612442608740001606	0.14285714285714285	1
116165002653836985777	0.14285714285714285	1
109572027677907597076	0.14285714285714285	1
111868899652261578566	0.14285714285714285	1
100289421721476832416	0.14285714285714285	1
111855325232074130669	0.14285714285714285	1
102034052532213921839	0.125	1
110318982509514011806	0.125	1
111666959095947698908	0.125	1
105736845776186133351	0.125	1
112887471725868554772	0.125	1
102562896809917524302	0.125	2
116193922115738401292	0.125	1
101849747879612982297	0.125	3
113612142759476883204	0.125	2
108412337867003296784	0.125	1
104663539774442774100	0.125	1
112844561713780016118	0.125	1
102976465024742837897	0.125	2
112118594569975443130	0.125	1
100383822032254685902	0.125	3
113055283379324802557	0.125	2
114738075629051960079	0.125	1
105779919701846762862	0.125	1
114430502003635822447	0.125	1
102781315536557513596	0.125	2
108805430409141907975	0.125	1
101396087935203987162	0.125	1
103412031302304888847	0.125	1
112180555080313027108	0.125	1
105472411089712908610	0.125	2
110823652171439094038	0.125	2
112374836634096795698	0.125	1
114743704471276253503	0.125	1
103570239480323196202	0.125	1
108490791507069410168	0.125	1
102216887206636463918	0.125	1
106318111152683661692	0.125	1
107404242080797040590	0.125	2
102898672602346817738	0.125	1
111827487147980211144	0.125	1
113913583772851182259	0.125	2
114995130093858259589	0.125	1
101607003137135354331	0.125	1
117818363829980497205	0.125	1
109667890964357276732	0.125	1
114004547841929396876	0.125	1
117504094740689521147	0.125	1
103907806627406122152	0.125	3
112395984886882740302	0.125	1
106645623532829714351	0.125	1
108000051912603578599	0.125	1
100623276740673202144	0.125	1
103275414019940070295	0.125	1
105341828793111607551	0.125	1
115904015099153313561	0.125	2
107669470779452583961	0.125	1
102086404545364739725	0.125	2
105256156026694816333	0.125	1
113677841583676864891	0.125	2
109223276000402664879	0.125	1
101050496195208471720	0.125	2
116420972797550666132	0.125	1
115875113332363089907	0.125	1
106961953411759964008	0.125	2
112025209852076779883	0.125	1
100037428816683405361	0.125	1
105345566147236475531	0.125	2
113455290791279442483	0.125	1
116290206547880595005	0.125	1
100834378485895409468	0.125	2
103030116155431184588	0.125	1
106728342309331381549	0.125	1
110196768104424882372	0.125	1
117046653635074600289	0.125	1
112767626912338475182	0.125	2
108817197799640009845	0.125	1
101495996449346183677	0.125	1
103500063550994023248	0.125	1
102989073624322904979	0.125	1
105621322105478151340	0.125	1
116234860471326963773	0.125	1
116518330171943667205	0.125	3
105571367382401829756	0.125	1
113445179357632855893	0.125	2
114290287257273830582	0.125	2
115459243651688775505	0.125	1
102279081282108442547	0.125	1
100833008366289253433	0.125	1
102536991536106306279	0.125	1
109614444934743992132	0.125	1
116140813749290047227	0.125	2
115056011540871202403	0.125	1
114803521812773673008	0.125	1
106702963465506867582	0.125	1
103988511308835223279	0.125	1
105017289267741004914	0.125	1
115430526592747192094	0.125	2
103333429938529668020	0.125	1
108674814978666481699	0.125	2
113271433504869081420	0.125	2
101901560303275458765	0.125	1
118026639398463272784	0.125	1
101821051914085318966	0.125	2
115041971354446695064	0.125	2
106166809509419790549	0.125	1
100029068478148889150	0.125	1
109642769446690520986	0.125	1
110828972063025275298	0.125	2
106665185918564754695	0.125	2
110666250832509129579	0.125	2
102224037307986438962	0.125	2
104665212201918246747	0.125	1
111267963922156509334	0.125	3
103814653718186136893	0.125	1
105470844763554977589	0.125	1
108460574090252665316	0.125	1
109014398008509103105	0.125	1
116342937492510737097	0.125	3
108680586356522807601	0.125	3
105158825730208153214	0.125	2
101039334795344969127	0.125	2
117189520509725529003	0.125	1
113801236315350503728	0.125	2
100671962746616152327	0.125	1
103777456184301671163	0.125	1
100392570005566217235	0.125	2
112564783467157158814	0.125	1
108341766366965467681	0.125	1
116991415570378484358	0.125	1
106306945062511966344	0.125	1
111048007715173863316	0.125	2
117878885489517665945	0.125	1
113854591964374444379	0.125	1
111724844906385235753	0.125	1
114980248894320827720	0.125	1
105612667855212149293	0.125	2
109956914207819296805	0.125	1
115263474848050971920	0.125	1
111530110447236267465	0.125	1
113269995020447133814	0.125	1
106736592653655008454	0.125	1
105166658232261696866	0.125	1
115262582112599210532	0.125	2
118036378782834084572	0.125	1
112439267620869130664	0.125	1
101478171184225243029	0.125	1
114617970452133540993	0.125	1
103073563148453195272	0.125	1
110375431750503296908	0.125	1
101396142000195801781	0.125	1
108040658687499033877	0.125	2
115316767511490897406	0.125	2
104730717183122692057	0.125	1
111302283388096724737	0.125	1
104545228852719380431	0.125	1
110878262122130462751	0.125	2
112465845413125721089	0.125	1
116419198396200425805	0.125	1
118078911058304538761	0.125	1
105683036993004524316	0.125	1
101754363248351640862	0.125	1
105111281552381364939	0.125	1
100940000618231184260	0.125	1
104459589977990618986	0.125	1
105228725652540727077	0.125	1
113455583670134245824	0.125	3
107610355391476965834	0.125	1
102584664082858392478	0.125	1
113246849110171853745	0.125	1
109441170633961821109	0.125	2
102182856404931683867	0.125	1
107080697335444613165	0.125	1
106293590092979394621	0.125	2
114080347670430850662	0.125	1
101214542695026771766	0.125	1
103421928009910231852	0.125	2
102187466580025328599	0.125	1
115416589721344143465	0.125	2
107714711613847705349	0.125	2
111249480580276262879	0.125	2
107433464534975205417	0.125	1
110674756121778026215	0.125	2
110114458669236889357	0.125	2
115798989667087242278	0.125	1
110770755518808911835	0.125	2
103642882498389528993	0.125	2
110466649518735492796	0.125	2
105359860403866749634	0.125	2
108165217672572469132	0.125	1
114201590568517931646	0.125	1
104022338130674845879	0.125	1
111464911074031891280	0.125	1
107600301692599967332	0.125	1
108909117383780655707	0.125	1
111622651278621496294	0.125	1
109464359324075439686	0.125	2
102153043307531425418	0.125	1
114919021625277862877	0.125	1
104264216815865393231	0.125	2
113490993217358897910	0.125	2
110982931645449819914	0.125	1
114118109850062643374	0.125	2
104405679630072508308	0.125	1
116322783941293892935	0.125	1
103367764920436785886	0.125	1
101184422877612167461	0.125	2
111778382380569948018	0.125	1
101069944080000057208	0.125	1
109991979390235903709	0.125	2
114927186321670846445	0.125	1
107920729761243376539	0.125	2
117060784115565290121	0.125	2
103271590817770839429	0.125	1
104920985214189021126	0.125	2
103938882820426298102	0.125	1
115097307859274358739	0.125	1
105192834933534058884	0.125	1
115364373858971678568	0.125	2
111016669267082470516	0.125	2
109516493016489782041	0.125	2
102627898275745305790	0.125	1
101056078273573192613	0.125	1
100650384964532614904	0.125	2
110148859630731094095	0.125	1
111504570827264250627	0.125	1
101239035136246159408	0.125	1
115041800416353258579	0.125	2
106039109915265048469	0.125	2
117116530929526563763	0.125	1
110962949352937565678	0.1111111111111111	1
101221104868305787960	0.1111111111111111	1
113556002842571527057	0.1111111111111111	1
114115241787871884705	0.1111111111111111	1
115571025037257871733	0.1111111111111111	1
118258847595972123892	0.1111111111111111	1
114708417025125072010	0.1111111111111111	1
106419400577988151299	0.1111111111111111	1
108641220034343633350	0.1111111111111111	1
112376195367149414248	0.1111111111111111	1
103300713936822593491	0.1111111111111111	1
115031545528816193813	0.1111111111111111	1
107579072570899955297	0.1111111111111111	1
106265316827872063604	0.1111111111111111	1
116386688773849517159	0.1111111111111111	1
101905872719144062843	0.1111111111111111	1
101911895729678882570	0.1111111111111111	1
114244328096549162013	0.1111111111111111	1
101987072260327250694	0.1111111111111111	1
117012648851820851647	0.1111111111111111	1
103204307071539639090	0.1111111111111111	1
107160952536032338720	0.1111111111111111	1
107539537192421649724	0.1111111111111111	1
107698754936327747508	0.1111111111111111	1
115249124646103347129	0.1111111111111111	1
111247788398718875164	0.1111111111111111	2
118400417455591622079	0.1111111111111111	1
110218358433187209022	0.1111111111111111	2
102466594627319328980	0.1	1
114468593663912084118	0	1
104560124403688998123	0	1
102533732658641069172	0	2
111759924371065234455	0	2
114831291174925522786	0	1
108439032486286528947	0	1
106189723444098348646	0	1
100651621769656849775	0	2
110927192331204440924	0	1
103716847685048716973	0	1
105670280103726644454	0	2
115366624923467413091	0	1
112063946124358686266	0	1
107234826207633309420	0	1
111203177111013925515	0	1
110912223554202145887	0	1
114153859732710523651	0	2
107707592416977920764	0	1
109807328041816993171	0	1
105271498619135161075	0	2
101445346267525148327	0	1
111816157892772662432	0	1
110486517623939606418	0	1
106497949182730964838	0	1
108384201920217141722	0	1
103765013042311928518	0	2
107045910922463634022	0	1
116757769864443435530	0	1
113377080760388289846	0	1
113210431006401244170	0	1
109213355974494564760	0	1
115777169768345614675	0	1
104416712578645676811	0	3
110352049954858592591	0	1
114726978886806142337	0	2
105046530334806680420	0	1
108551811075711499995	0	1
110286587261352351537	0	2
114057420650747116567	0	1
107652855768609153418	0	2
104997714758541956319	0	1
117510668326290837438	0	3
107902791674095682080	0	1
114424163811716070551	0	1
100026215811948581165	0	1
108277834293977887369	0	2
117096227574728712222	0	1
100909546646242432417	0	1
104380704493340089125	0	2
113117251731252114390	0	1
110569335091584795157	0	1
110023904208758175742	0	1
109193674823031718540	0	1
116303888538492711348	0	1
115239440745127890908	0	1
104657234754735818652	0	1
102407528040831558639	0	1
103457556107207573713	0	1
115409439975765947523	0	1
108825171804510647086	0	1
103074474198131988698	0	2
103618862132298404107	0	1
116625511241119094579	0	1
101241183982769454084	0	1
113002253093666672956	0	1
113379331627998001294	0	2
105649841889299115805	0	1
102184354343989911263	0	2
110678621384626297081	0	1
117213605825808643937	0	1
117310042965407401917	0	1
111413155182039517335	0	1
102222722824849858928	0	2
107982618909749811163	0	2
113544226688149802325	0	1
105576869807006688104	0	1
108952372650838731747	0	1
114934617124981664529	0	2
107771181372242547518	0	1
102266375894772484591	0	1
100137938381708816669	0	1
105508666909703535708	0	1
114618043230336563405	0	2
116594312391031620584	0	2
107490920472001618384	0	2
101130656339668533532	0	1
102080128800143819678	0	1
106795916614100659420	0	1
105023500341190941682	0	2
113522167310199103094	0	1
108112557629934458248	0	2
117804036587685325842	0	1
105017427891089681429	0	1
108176814619778619437	0	1
111521885726478090348	0	1
116464344073545994074	0	1
104328553869453938019	0	2
116166660014087779586	0	2
114258133055939683240	0	2
102950738966528664162	0	1
112022983294967948367	0	1
100569110919582192405	0	1
109240957660270486515	0	1
109031486518632696635	0	1
104028329852681318179	0	2
106506966828595242496	0	1
102567917163277862907	0	1
116627018365677790809	0	1
100164349595580410742	0	1
103533326117556337218	0	1
114245534338887342709	0	1
116267776453882422786	0	2
113462003710738558859	0	2
104558269423298270516	0	1
115482057898852656309	0	1
117978532104530871635	0	1
104635450513456833657	0	2
105141323825805019054	0	1
105674592743973562501	0	1
108091327114614335688	0	2
113854111612011982009	0	2
106818307332849708128	0	1
113414709959286197559	0	1
113891423043364949268	0	2
110997414867339793674	0	2
115471815788264818704	0	1
111894696450792697199	0	1
111897644299136477125	0	1
100966046760443424287	0	1
106986862578384105925	0	2
113155543142159859431	0	2
116235714265664045436	0	2
117919280734070824810	0	1
110643018782010522436	0	1
116817706929485882550	0	2
115002587825504375275	0	1
111676953124263417362	0	2
108793215954837292211	0	1
116830330469412470404	0	1
118102539913410016877	0	1
118320665823821681206	0	1
112218555972977855197	0	1
108916683478510432668	0	1
106414626527198577908	0	2
110269457039439183245	0	2
114715988301568528162	0	2
110323790408449619357	0	2
115782851522814905052	0	2
104129842883884467271	0	1
103293516438378653921	0	1
106168207467597091610	0	2
103288259639966091075	0	1
116631329713205553508	0	2
117405538882231240275	0	1
114536133164105123829	0	2
103189172553679571166	0	1
110544037180447481256	0	1
101894975943883957511	0	1
109960675508925062129	0	2
110292076036271913623	0	1
108099179767267077084	0	2
117958363368979774542	0	2
109787685148095217484	0	1
102023010541241510738	0	1
114324572122696049251	0	1
105119763784866168573	0	2
102516642867599611430	0	2
115369405757436375060	0	3
104441415299714065572	0	1
104093470666606907864	0	2
103965708620215375315	0	1
101358419878745908061	0	1
109187026428012507334	0	1
107491769176599437622	0	1
116716919449600621711	0	2
100071076071828599809	0	1
101202884060704451032	0	1
103417867313465140796	0	1
105251921751921698548	0	2
108642446758387769639	0	1
102409890514761784201	0	2
105093836613054959780	0	1
109900959836864307621	0	2
101068755051431595008	0	1
110581693083408452344	0	1
105804664540125819976	0	2
106468093396725569197	0	1
116747217365523802416	0	2
106665397517924117107	0	1
112038211121688641887	0	1
111776249516991426055	0	2
108331214640104403970	0	1
112265472671352515422	0	3
116813099660718856850	0	3
113168650442092375671	0	1
104836231516206450911	0	1
113284787225540728296	0	1
112793383659822564827	0	1
117321538640180235731	0	1
107192195569453684660	0	1
103895441504459347923	0	1
102069851513425116467	0	2
100564235374898910105	0	3
117292971214069005794	0	2
109262979314029350066	0	1
114624146735103515971	0	1
117238953981315018706	0	1
116265542598944446993	0	3
107715501635913805569	0	1
106552986269512069283	0	1
114045251707088164688	0	2
103460302402301114951	0	1
105067523827276180211	0	1
114428401458138152037	0	1
112050047245724905079	0	2
107530481477686536795	0	1
104857187449120013195	0	2
106419400549234693306	0	1
110807482166400328009	0	1
117555474223483018170	0	1
116788621286522928043	0	1
114523090317677571014	0	1
102284736633861418327	0	1
108394366522871019617	0	1
105560411566603467030	0	2
100181803671014765720	0	2
110902266181208818136	0	1
117689664599216002802	0	1
114991042824041380242	0	2
115417043856689954546	0	2
115493047723226698156	0	1
105059346515232326597	0	1
110002405786613212411	0	1
104513806766294429783	0	1
111104407820220672252	0	1
115071852038048337904	0	1
114341789624128533161	0	2
103544729154405923429	0	2
116862649601361428492	0	2
100684840166784590505	0	1
112739566654057513921	0	3
108795991787380299691	0	1
112871484637757487040	0	1
112850950254504072129	0	1
113546787634633367622	0	1
101683039849030383098	0	2
116755139777604884366	0	2
111463746350585153213	0	2
100898146977809446193	0	1
100485790108353310133	0	1
100878029600328934952	0	1
104529210319309865846	0	1
110824461165534017756	0	1
113210096909000624337	0	1
108778902538173431056	0	3
113289455785509443143	0	2
107161939055118109910	0	3
101502199555294484008	0	1
116597378271652190974	0	2
110021248304575328671	0	1
111728075291901669224	0	3
116636768658477814146	0	1
112141476453463160310	0	1
114648865712035312205	0	2
114375061256746865788	0	1
103323136071907380577	0	1
106542128440746153231	0	1
110933278795835298751	0	1
113562975643564121905	0	1
100648217655974356916	0	1
114188940956519639488	0	1
117751520341080289860	0	2
100977643556443472398	0	1
103537266561776370316	0	1
112352920206354603958	0	1
115556179283478493259	0	1
115764322999501501217	0	1
101520908360232770074	0	3
108879067494318512474	0	2
106589530350169728768	0	1
114504338772134808435	0	1
112692276596893968454	0	1
113902516152648425840	0	1
115624448978363370064	0	1
115870693451332981785	0	2
100223125523690967384	0	2
108382551841943743870	0	1
110567782267108663837	0	2
108162021275586930313	0	1
103105175697836543020	0	1
103361007310009674296	0	1
106347622811873374030	0	1
105132197189207698387	0	3
109315726078582392593	0	1
116521610682324260680	0	1
105048630308460854505	0	1
112042039122751449908	0	1
109312724805688262475	0	1
110196011243874427787	0	3
118101529498811394148	0	1
114061517887430449001	0	1
115682816666286577002	0	2
117217322809999148638	0	2
109996633628297822493	0	1
104120177880085809240	0	2
105983854602026434877	0	1
100066209489736226480	0	3
116988851206493768148	0	3
117302453758282711096	0	1
113046315195468330424	0	1
109747754575796542296	0	1
103215637705586371410	0	1
100203578647007016950	0	2
115620423280572149330	0	2
117563277874305653316	0	3
110914791403319534935	0	1
101738259436249693414	0	1
101404518128553409297	0	2
100153700768627853345	0	1
113600116926932729693	0	1
104414455262659309667	0	2
112634211716693432860	0	1
114765138478455411878	0	1
117256541551609129600	0	1
104003283843708655243	0	1
107923107403692258606	0	1
107333330873178127756	0	2
108428258616973698348	0	1
115617890691328282009	0	2
101681258327763396371	0	1
113505552317257296781	0	1
106902585601045496444	0	1
101824385098672281873	0	1
113262500272475186069	0	3
116731117308838169907	0	3
105258525381048626625	0	1
103022001668037325774	0	1
114048790108475831662	0	1
114450635460597429087	0	1
111987652493000492443	0	1
108400276125913558601	0	1
109080519970189842657	0	1
104581863082137022983	0	2
106900437204502661743	0	1
113204783865590511092	0	3
101142228510927210753	0	3
107521768142773739674	0	2
115984219776716005083	0	2
104718225938617841914	0	2
110999134015456718170	0	2
114698046594029006180	0	1
100834076569369827117	0	1
117615119329778132668	0	1
117213725860175025880	0	3
104746043887691795191	0	2
107886725300705981544	0	2
112223584412738558800	0	2
105809819610882705375	0	2
113860834456162620487	0	1
118356784350745292805	0	2
100719068289068000976	0	2
116695770959177373460	0	2
102946032292680675654	0	1
102994380566175915115	0	1
102273588028326931649	0	1
114056601716572642778	0	2
112718439313845746259	0	1
106874527184849524676	0	1
104950873941398052734	0	1
113095120461013610371	0	1
106752997767195465691	0	1
117892307470017890179	0	2
110148532689100237790	0	1
100955279410880126571	0	3
114382759417200588135	0	1
117630663308345468106	0	1
114388043267062926190	0	1
105845741396975921025	0	1
113019842189063637127	0	1
111239604129802038851	0	2
103093876038154496326	0	2
102175198143221506482	0	1
109466687102062198112	0	2
101658673185885864140	0	2
105642621452408425728	0	2
105211706129658525281	0	2
114599405393304034909	0	1
100948221640762729825	0	1
106468575633906820445	0	1
104716787501410831905	0	1
118056250472078789414	0	2
112394585218749210737	0	2
115225520702573600062	0	1
114660371364889560410	0	3
113837808759473915504	0	2
109780120641477301534	0	1
107343857637997270955	0	1
101040534450812734958	0	2
116528998891013370731	0	2
116280830795912810762	0	1
112353571410254501679	0	2
100034436746996513915	0	2
117586675719798560054	0	1
109855574256269985867	0	1
103356527108440480316	0	3
111217035762998882290	0	1
108845548385831707686	0	2
118406695096767153004	0	3
117581759381069348188	0	1
118339037290870341760	0	3
107355780950905487543	0	1
100923991094348071424	0	1
116858793810647886253	0	1
100884914196754219849	0	1
114755807786149839924	0	2
102817338933771556084	0	2
113188438997295213264	0	3
115088990516584451041	0	1
101727855351060868727	0	2
101648576149958589388	0	2
103336269345979001070	0	1
117269001773003575633	0	2
107265140439809124537	0	2
107407473572370420125	0	2
114196146240780958102	0	2
106569417668697047621	0	2
108882220719340322491	0	2
115429688160421272245	0	1
107858618376068919952	0	1
115509441225141090169	0	1
104500367111629898808	0	1
107931253113218260490	0	1
104775947773518724107	0	2
102090777558957963153	0	2
116330032837095650098	0	1
104077023259317069183	0	1
101872621737835766805	0	1
115589181818424927753	0	1
102043162768779234982	0	2
108175336550875182721	0	1
115750529357225432998	0	2
101579679422518728049	0	1
114890831955562032598	0	1
107271408996531642672	0	1
115263970900629116911	0	1
107782935515724213600	0	1
109082767395401170371	0	1
117413851333247121289	0	1
110497567424809237866	0	1
115020103401799530189	0	1
101342380271476264613	0	1
113036685545904215767	0	2
103404081332638562207	0	1
100239718040399352684	0	2
102238066445562778301	0	1
103724283506477349024	0	1
117622444738435967133	0	2
112688483769788948478	0	1
100807369126236426318	0	1
105986921141099786585	0	1
114418447237187177770	0	3
109315590200834029505	0	1
107072933474664052063	0	2
111920281289992340878	0	1
112292232242353031159	0	2
112732929453184235066	0	1
105522748406021343715	0	2
109470843555953606552	0	2
100361960879218570808	0	3
115727368541421195477	0	2
113635279373603811164	0	1
101476564653137891429	0	3
