#node_label	#score	#gender
114157104224723561801	1.0	1
117876452096235489488	1.0	1
102038449389036440445	1.0	1
102839963139173448834	1.0	1
102196408121993573462	1.0	1
106666743100513801467	1.0	1
105910619991608352461	1.0	1
109782743775362085383	1.0	2
101036778970291988901	1.0	1
100919729480117239362	1.0	1
109712416247964395321	1.0	2
103111819620088309060	1.0	1
116525969499682780878	1.0	1
104639966921001373560	1.0	1
103199658339741855360	1.0	2
112397924123894609971	1.0	2
117891208395394989624	1.0	1
105429077697360273004	1.0	2
112886024288546693226	1.0	2
111136012596091609692	1.0	1
117034138759101353652	1.0	2
111336944069835470568	1.0	1
115031854081992404458	1.0	1
100753209408685573391	1.0	2
118288830426465379710	1.0	1
112810571460876812134	1.0	1
113538350006695096301	1.0	1
114474252347218597235	0.5	1
111952642093556825738	0.5	2
111291842952161837213	0.5	1
114126332414202725606	0.5	1
112907204795941672693	0.5	1
107231086341030547456	0.3333333333333333	2
114809488257853535663	0.3333333333333333	1
104947278653644467788	0.25	2
113413941952445486546	0.25	1
111584384391407513657	0.25	1
105093931597417731651	0.25	1
105470950521030030829	0.25	2
108981679893410895534	0.25	1
113146596813770102711	0.25	1
111349858851804350826	0.25	1
117681034834791918293	0.25	2
107702329278368209797	0.25	1
101690113942147319984	0.25	1
109201681846030076792	0.25	1
105402259468739080137	0.25	2
101869395366096983724	0.25	1
113254721060006387961	0.25	1
117829180598920486765	0.25	1
115105884263826008695	0.25	1
113046903643405336497	0.25	1
115728458120419023779	0.25	1
109268388872941447574	0.25	1
115204805503581947511	0.25	1
115165205120331393982	0.25	2
114265993391305855027	0.25	2
116825083494890429556	0.25	1
104541959256591361052	0.25	1
112632260187323187916	0.25	1
113330053950020592701	0.25	1
111579782226310232815	0.25	2
114608629417719564605	0.25	2
107189810823071706764	0.25	1
101793532287583914396	0.25	1
102682030297862873837	0.25	1
110258598415939907971	0.25	2
108759901321068677229	0.25	2
101767910778400106039	0.25	1
115868797658348406026	0.25	1
105766574863642512662	0.25	1
113409086302056667844	0.25	1
115754371967324227307	0.25	1
106417861423111072106	0.25	1
102349987850176560760	0.25	1
101248054507015265353	0.25	1
112726038360301567381	0.25	1
111097198237997918386	0.25	1
114046998698228319586	0.25	1
111873853137122484021	0.25	1
109171335017554837327	0.25	3
113885756225716656485	0.25	2
113718775944980638561	0.25	1
104723167398398004122	0.25	1
104380036950579300637	0.25	1
113090168928451759364	0.25	1
107037862233939639227	0.25	1
116594199576805510790	0.25	1
115706692326163380334	0.25	2
112941576498848328757	0.25	1
112957065719498086306	0.25	1
113339552992922631802	0.25	1
115121555137256496805	0.25	1
112944155404327241166	0.25	1
102961581170694777301	0.25	1
112829241725212945302	0.25	1
114092052797730247075	0.25	1
104426233195987299152	0.25	1
101921739574000857124	0.25	2
117491275366025525159	0.25	2
113751283404152316115	0.25	2
111883491078677095490	0.25	1
117189268819713435859	0.25	1
105740657860778555476	0.25	1
107289256564215101715	0.25	1
104975666058522435058	0.25	1
100518625747153429809	0.25	2
103753246154433626793	0.25	1
113973458554656282296	0.25	2
114051322401103919567	0.25	1
103773583497308984430	0.25	1
114081579418565252921	0.25	1
116043947632177598920	0.25	1
109236580877596744501	0.25	2
110296961334162565272	0.25	1
107948437960557548607	0.25	1
101962655122339686375	0.25	1
102518365620075109973	0.25	1
114056084994793924628	0.25	1
112753673795733261069	0.25	1
103977761514480488970	0.25	1
116047064092724050557	0.25	1
114427619140485635394	0.25	2
102373191596205712937	0.25	1
117251628653512170998	0.25	1
104580212382911455402	0.25	2
116799045993451756042	0.25	1
106776280224270160885	0.25	1
112835315010616085809	0.25	2
103547101416445539717	0.25	2
112325758177811548294	0.25	1
109558509897608633429	0.25	1
100309650424237078484	0.25	2
109660946159817383241	0.25	1
107867604773686247488	0.25	2
112312901875750706723	0.25	1
105057743041374553915	0.25	2
113198853216960063932	0.25	1
117783113906561198831	0.25	1
104166683851434520973	0.25	1
114476892281222708332	0.25	1
103049373110021341267	0.25	1
114924205158387502434	0.25	1
113809685075072670366	0.25	1
116765138691892499850	0.25	2
115390855161234949409	0.25	2
114804209965724781514	0.25	1
115300701195356425023	0.25	1
106031725249629160824	0.25	1
114399570243387179751	0.25	1
110782237476873083485	0.25	1
116247667398036716276	0.25	1
102835412008947310524	0.25	1
106112178230621322095	0.25	2
103749566346758346396	0.25	2
114568014800313483795	0.25	1
105144963864645396987	0.25	2
111418474601985915957	0.25	1
117757565120070816446	0.25	2
115652070490968035511	0.25	1
100771715351072186974	0.25	1
116670851703749973965	0.25	1
113720968565653858395	0.25	1
109279067119146991381	0.25	1
113920526057233976680	0.25	2
109947814163912462548	0.25	1
114409227627705115898	0.25	2
114722362043662276565	0.25	1
116329340072521757032	0.25	2
109774951215877430341	0.25	1
110945896776944314708	0.25	1
114614871042282238013	0.25	1
105775301078332279694	0.25	2
102411696361426591657	0.25	1
106369182367169177791	0.25	1
109095289428532932206	0.25	1
116779592588496859027	0.25	1
112191530765055421520	0.25	1
108951868713574357238	0.25	2
101326473558851266458	0.25	1
109150060423879112386	0.25	1
103009042022920905686	0.25	1
114444148385540411254	0.25	2
113776382996486725967	0.25	1
103546981939364425829	0.25	1
101901232143740160078	0.25	2
115648054840814963877	0.25	2
116601386475273901307	0.25	2
115698389105552718509	0.25	1
108805430409141907975	0.25	1
104637347385347586768	0.25	1
111590045422395992425	0.25	1
103276466601625146310	0.25	1
108894449265020302496	0.25	1
109330684746468207713	0.25	1
100163238332537499583	0.25	1
102384669117825357195	0.25	2
102139893878450083466	0.25	1
103866938540596131433	0.25	1
100132612879660965860	0.25	1
102227359845636175866	0.25	1
103894566409656204843	0.25	1
106002545837976723927	0.25	2
117162584547330191129	0.25	1
103038287804535196503	0.25	2
107071332326571881653	0.25	1
115106042459217297624	0.25	1
116127033078839124702	0.25	2
117596712775912423303	0.25	1
104651829835860659449	0.25	1
106963775238138670657	0.25	1
103349675616225509878	0.25	2
104380581224549491750	0.25	2
112172895831966524738	0.25	2
114814005044450108245	0.25	2
113677133587948721156	0.25	2
115924865466302265389	0.25	1
100216074673268203873	0.25	1
111091089527727420853	0.25	1
108501716828315561387	0.25	1
113158814439512755352	0.25	2
106378908153930162657	0.25	2
111189683040828587921	0.25	1
116668503414691251980	0.25	1
101270841777853012207	0.25	2
104395247322689329605	0.25	2
116577043335619579498	0.25	1
113456203738507213575	0.25	2
108326489456269305532	0.25	1
107206538097288220274	0.25	1
104833564316573420990	0.25	1
115821392789860672220	0.25	2
114585365564249361309	0.25	2
106056612986422926538	0.25	2
100071640255400554059	0.25	1
101517702834173981462	0.25	2
105014028567141864192	0.25	1
113184091727451211493	0.25	1
101752320499567895627	0.25	1
108510718533630990952	0.25	1
113881433443048137993	0.25	2
104214034036199536225	0.25	2
103216887847401478447	0.25	1
112374665739066603956	0.25	2
113384557845941391470	0.25	1
103770531046791651608	0.25	2
103157838382139356964	0.25	2
110435582822209082831	0.25	1
115970197492058000536	0.25	1
113138626092444528532	0.25	1
105894760755439344491	0.25	2
112647059413057784221	0.25	1
105510708763837902389	0.25	1
117328732331103841331	0.25	2
113392781714918260931	0.25	1
100915416592142928551	0.25	1
118164996855145283305	0.25	1
118168279746315804532	0.25	2
103274398541354707265	0.25	2
111626209677962650104	0.25	1
113302983750916296162	0.25	2
103857459148999991693	0.25	1
104214901993894018115	0.25	1
112912266573852052346	0.25	2
113455290791279442483	0.25	1
105785197801929483800	0.25	2
111852119488463725230	0.25	1
113859540036726448291	0.25	2
103296595669319654320	0.25	2
102243605956196306765	0.25	1
112445943201632082642	0.25	1
104421522022168544419	0.25	2
115530776534617554663	0.25	1
104963628437549784711	0.25	2
111261504735548943750	0.25	1
108673557290325654503	0.25	1
116867368573175665922	0.25	1
101484020753179036782	0.25	1
111831478459732211063	0.25	1
101962829696981365403	0.25	1
113816490961622062438	0.25	2
114848813706147638795	0.25	1
112910491493894368148	0.25	1
100268281156139418010	0.25	1
107748994758051895882	0.25	1
103660453111520222558	0.25	2
110849649973703067861	0.25	1
100425739170055690781	0.25	1
100472608497932134515	0.25	1
102228138880231589720	0.25	1
108604406369612525286	0.25	1
118315289638381529701	0.25	1
112011803154194471207	0.25	1
118107045405823607895	0.25	1
102541295037745440355	0.25	1
116511985008199520245	0.25	1
103191968686417458200	0.25	1
113193103516979882133	0.25	1
114934102457979755282	0.25	1
103382133892057015635	0.25	1
115304645050453722342	0.25	1
110477940246597348169	0.25	1
106035570729285450613	0.25	2
104242502489845613745	0.25	1
108303074811335210925	0.25	1
106312460282195708926	0.25	2
108820817735945349178	0.25	2
114710891520832079293	0.25	2
114504022490238986254	0.25	1
112918551982780048638	0.25	1
112254419997158105366	0.25	1
113367609333589754250	0.25	1
107790367245887975375	0.25	1
109734221326849566494	0.25	1
101889975950768622316	0.25	1
115581868711550786632	0.25	1
102619476319201511435	0.25	1
109602109099036550366	0.25	1
110033849188469487728	0.25	1
112942016199763482530	0.25	1
101317889909560895003	0.25	2
100269984923783138938	0.25	1
102987934493562222561	0.25	1
101259445219481496562	0.25	1
100584443531788315896	0.25	1
106674561143088442070	0.25	1
117013270038354652709	0.25	1
116176103891759679832	0.25	2
118088897327749634204	0.25	1
110854544960677855808	0.25	1
114835618008913240560	0.25	1
105859070951290270749	0.25	1
112791456928724330032	0.25	1
105619612583444501317	0.25	1
107438998639340158528	0.25	1
115949235079382739229	0.25	1
111898652807602476145	0.25	1
101861996949895074943	0.25	1
100968313568314999910	0.25	1
104050123095171815400	0.25	1
116947923643606285942	0.25	1
109267048894926681081	0.25	3
100962871525684315897	0.25	1
100210163638314228996	0.25	1
100458759797322732511	0.25	1
116811819019557849663	0.25	1
108983794324695703724	0.25	1
109817489744930804252	0.25	1
113939469237166135896	0.25	1
101035196437264488455	0.25	1
112538582868328901418	0.25	2
115082977301557449995	0.25	1
109821038180443243017	0.25	2
105720374917117266351	0.25	1
107742567767125793693	0.25	1
111241263379733454446	0.25	2
109213135085178239952	0.25	1
118249659762501201824	0.25	2
108202989932786461870	0.25	1
104289213949175742145	0.25	1
108684780014078325191	0.25	1
104877931759093166358	0.25	1
115644063183821773031	0.25	1
105706178492556563330	0.25	1
100637637525768784380	0.25	1
100733334063966339322	0.25	2
104799160568450312846	0.25	1
108023284968633852843	0.25	1
113949487993863767866	0.25	1
105128291970431862351	0.25	1
102444230004603405684	0.25	2
102655243537270905389	0.25	1
107077924989967712602	0.25	2
111653883847802216634	0.25	1
117945818785164608300	0.25	2
102618047349606277909	0.25	1
110971010308065250763	0.25	1
109801044383691533431	0.25	1
100621204114976031079	0.25	1
100401708106444405523	0.25	2
101562076353371698615	0.25	1
110262635231675893592	0.25	2
106719979779567208605	0.25	1
106463618470062510615	0.25	1
114229157887417365950	0.25	1
115776904698341375063	0.25	1
115076389471719869628	0.25	1
104666354485189196501	0.25	1
105756423183388339722	0.25	2
112707199408484711520	0.25	2
101958328416568661251	0.25	1
115104069646389182428	0.25	1
108872036879266293791	0.25	1
105390077271236874234	0.25	1
103449995781766635357	0.25	1
112276313212733068188	0.25	1
105461498993551154531	0.25	1
117310595726857993328	0.25	1
103252287944370268046	0.25	2
107362628080904735459	0.25	1
114516047414042281846	0.25	1
105508660898837488930	0.25	2
112708194574821912619	0.25	2
102554407414282880001	0.25	1
114263724985133518308	0.25	1
103958441795544241153	0.25	1
109524804491783511172	0.25	3
115898638478890997015	0.25	1
106793409736995197316	0.25	1
112016242624005519460	0.25	2
112317819390625199896	0.25	2
116886646057619708178	0.25	1
113762026356725862134	0.25	1
116119893029262153595	0.25	1
108542426628002931624	0.25	1
111887925770746035257	0.25	1
106831762557971378854	0.25	1
104265751273656254845	0.25	1
112114169454236405646	0.25	1
115549691476385708043	0.25	1
111709710017308986916	0.25	1
114269496210965831573	0.25	1
105620723198704093179	0.25	1
103698889037599783920	0.25	2
117007228721214662773	0.25	1
115504455695105344602	0.25	1
118278942574212936691	0.25	1
111124930081935539248	0.25	1
104726342201797079817	0.25	1
106772544387169323774	0.25	1
107870475679248109269	0.25	1
110351801655685107906	0.25	1
100581124425105869336	0.25	3
118048139271163842678	0.25	1
110168117080267015976	0.25	1
106289562822644692555	0.25	1
115890818529847454494	0.25	1
116779478651445155548	0.25	2
116130450559157224410	0.25	2
110166718860558056739	0.25	2
105489064367742025310	0.25	2
115766672133182501397	0.25	1
116765337317515836609	0.25	1
114919251411079793065	0.25	1
113252623131591435586	0.25	1
117135648419896209276	0.25	2
107872453590280383097	0.25	1
114063621336261903092	0.25	1
118382057892892439930	0.25	1
116037474958183519388	0.25	1
112801448828869860546	0.25	1
106393478695568433143	0.25	1
100974258168375166691	0.25	2
106269621552267099538	0.25	1
114407290472947588380	0.25	1
105168276680128924513	0.25	1
105216491640488683417	0.25	2
115831773236070302803	0.25	1
105889066558992907123	0.25	1
115065563322811017070	0.25	1
116755735817743378338	0.25	2
117058794763073546749	0.25	1
109602717285147402581	0.25	1
113391309485836037152	0.25	2
103668714482917553215	0.25	2
108807418879988314264	0.25	1
111557988109638065224	0.25	1
109596373340495798827	0.25	1
115029186078239273995	0.25	2
111299594167177765377	0.25	1
107893457408081581366	0.25	1
100612911577625090744	0.25	2
112805275955918765847	0.25	2
100603511554689470853	0.25	2
100872876956795042185	0.25	2
109447323719942836871	0.25	1
108312225195334689606	0.25	2
105986014243314002677	0.25	2
109904616233131659643	0.25	1
106445486315230745362	0.25	1
102759194596429227036	0.25	1
110547897079653314785	0.25	2
113356364521839061717	0.25	1
101649892839036081330	0.25	1
103020313106929208651	0.25	2
100248477708182482151	0.25	2
112902738284627121127	0.25	3
111336672090274821737	0.25	1
116887436546769375688	0.25	2
111234552344495202201	0.25	2
107396241442191327319	0.25	2
117259487643709788649	0.25	2
108707792928475298183	0.25	2
107179289042593463605	0.25	1
108516682099512392082	0.25	1
104405539079062799451	0.25	1
102476152658204495450	0.25	2
115196378283570842702	0.25	1
112306395963035726911	0.25	1
108721466183079531495	0.25	1
111364791855013500758	0.25	2
108014509161911463231	0.25	1
109039350117108726412	0.25	1
101127855437994948867	0.25	2
113312804462990112705	0.25	2
117696408198646301334	0.25	1
100267777884892163462	0.25	1
109002964461887714649	0.25	1
117697399358826098478	0.25	2
110169221310171686233	0.25	1
100460370350549005348	0.25	1
113114181037568402805	0.25	1
110969336043512288989	0.25	1
110823806974833091953	0.25	1
101681869319698453020	0.25	2
105237921709043602191	0.25	2
105984495606202082303	0.25	1
103236949470535942612	0.25	1
108051980305746129817	0.25	1
105001226804902733960	0.25	2
110465569849552545066	0.25	1
107291158434082397409	0.25	1
104599437343980371492	0.25	1
104124592566867927546	0.25	1
106488284533523054088	0.25	1
118249249654585755889	0.25	1
105800931235510181650	0.25	1
114729740472671073461	0.25	1
117426994241200828522	0.25	1
112740165303235183270	0.25	1
117690926606277057259	0.25	2
103900458321897198471	0.25	1
106667729510464379826	0.25	1
103497375962504727564	0.25	2
109545513681683958686	0.25	2
110701307803962595019	0.25	1
111157851933802239172	0.25	1
103984595971776502972	0.25	1
102273612307748864639	0.25	2
105421360534824524100	0.25	1
101651096660571767183	0.25	1
101377128515177056129	0.25	1
106131533046921693069	0.25	2
115655205216183932495	0.25	1
105034220628990195204	0.25	2
115137849030052712728	0.25	1
107863796156749531232	0.25	1
103980377620013719789	0.25	2
101965231542285455416	0.25	1
108998673146368660257	0.25	2
100212533664472988585	0.25	2
114103669757120530833	0.25	2
110912055212888170698	0.25	1
106944536119733342041	0.25	1
102773303718674098148	0.25	2
116104844336127604143	0.25	1
108346637271615594833	0.25	1
112622420762576522129	0.25	1
110492963926129353210	0.25	1
113944846007907559686	0.25	1
114122960748905067938	0.25	1
101114516910832196188	0.25	2
103885278007648446386	0.25	1
108128002074823934634	0.25	2
107733602239201453079	0.25	1
116052312205661322001	0.25	2
102064685451872550466	0.25	1
106250709374824352211	0.25	1
113883049043608264099	0.25	1
109342148209917802565	0.25	1
115684337246252869975	0.25	2
103306876714294066693	0.25	1
107909279550766639828	0.25	1
111146710003761811918	0.25	1
101357807332902480720	0.25	2
116944895639367062510	0.25	1
100943369816102220478	0.25	1
112047849358415491555	0.25	1
107795385644732129927	0.25	1
114287391248383368206	0.25	1
116252237668718986379	0.25	1
109123727761757726835	0.25	2
105705010372988120146	0.25	1
107608345508038384115	0.25	2
108628946684172970453	0.25	1
111299245834134954469	0.25	1
109027288459519863918	0.25	1
115045409965027013717	0.25	2
115150058179114869418	0.25	2
102958145054444947691	0.25	1
118147897097670149361	0.25	2
113686253941057080055	0.25	1
101119568117646041384	0.25	2
105551989431666449555	0.25	1
104302524350132782178	0.25	3
104857406109954440836	0.25	1
108017020527433496214	0.25	1
113381419568450917747	0.25	1
102022120610291848479	0.25	2
104145159340267405219	0.25	1
108584940222628465190	0.25	2
113946715443571015123	0.25	1
110844082215587114348	0.25	1
104672614700283598130	0.25	2
103403824431405645263	0.25	2
101966077747271815817	0.25	1
118007019733262675418	0.25	1
106962901393110437619	0.25	1
100611315501759022972	0.25	1
103076956541457705917	0.25	1
114519877662741226877	0.25	1
110334143643816920823	0.25	1
102029505169101002492	0.25	1
107659606256961933291	0.25	2
109886504130820190430	0.25	1
103695068961853816719	0.25	1
111048918866742956374	0.25	1
102002299339025067376	0.25	2
104987932455782713675	0.25	1
108316670838828910396	0.25	2
110750868532434251965	0.25	1
117919605816392768958	0.25	1
107483714191607682955	0.25	1
114899522425082849357	0.25	2
115899046837002212608	0.25	1
100584544075742338361	0.25	2
105885230746522882283	0.25	1
116056645771775490363	0.25	1
101354177311989294144	0.25	1
106176824286911921122	0.25	1
104484451714615854213	0.25	3
107420755679696384063	0.25	1
108628443227381208695	0.25	2
106661853323481089747	0.25	1
109744843287923813474	0.25	2
114515792289018687040	0.25	1
100586461319763000734	0.25	1
113339707206657259218	0.25	1
118342749723004617709	0.25	1
110494065461965897838	0.25	1
112830028179561191470	0.25	1
106775609116257959283	0.25	1
113148105928081994405	0.25	2
113528453054238816917	0.25	1
116743276805464055944	0.25	1
118204284053490452486	0.25	2
118307624008421438819	0.25	1
110329781365538654444	0.25	2
105655524288450260451	0.25	1
111378435554188237250	0.25	1
106034090314001069671	0.25	1
106808688302434879780	0.25	1
107200271540430938845	0.25	1
100186938589206311054	0.25	1
118272434101169578887	0.25	2
111058843129764709244	0.25	1
113641354088554800188	0.25	2
115080215652229659698	0.25	1
106902761958791232663	0.25	2
110101984758324108622	0.25	1
112472104236914933035	0.25	1
112955170148517351887	0.25	2
107111579950257773726	0.25	2
105758948654365186665	0.25	2
103957402175604659608	0.25	2
112575530160586770315	0.25	1
109964959136982994865	0.25	2
115602760308324028776	0.25	2
107014499721205083179	0.25	2
107098955698070709587	0.25	1
113770461910835900905	0.25	1
117148674490111544215	0.25	2
107895589408692326451	0.25	2
112492933628695918241	0.25	1
116071275946594200077	0.25	2
101205158768960115200	0.25	1
111735436574449420319	0.25	2
102134343881376040393	0.25	1
106278039918515736364	0.25	2
113537711651274258466	0.25	1
106764351587377041357	0.25	2
113158586769399217075	0.25	1
100445600040262907080	0.25	2
115471501369369563058	0.25	1
105731881257142821581	0.25	2
111419172063012196988	0.25	1
109462948655854300805	0.25	1
115680523443701125305	0.25	1
116805285176805120365	0.25	1
108389036436404903393	0.25	1
117624867943351457090	0.25	1
102762278318790381974	0.25	1
101298898622388209336	0.25	1
112915508949553064969	0.25	1
106629137435682213230	0.25	2
103458647163810854702	0.25	2
101373961279443806744	0.25	1
103092754229817039243	0.25	1
108966117305419498653	0.25	1
102926741437771714510	0.25	1
114354878556558710088	0.25	1
107980738376021869050	0.25	1
104666642804793612913	0.25	1
118297780429110098708	0.25	2
108206883336506189685	0.25	1
117383716313942655343	0.25	1
108037955970101699528	0.25	1
101367799604091052665	0.25	1
104637506708416544412	0.25	2
117876399076277118155	0.25	2
103978918457106656392	0.25	2
113861527938285739869	0.25	1
116691298583836183156	0.25	2
118167844798373521994	0.25	2
117100798778048343263	0.25	1
101686763380303179076	0.25	2
109705341157728078964	0.25	2
117228434140977865520	0.25	2
112652419137339945915	0.25	1
115156053198935796651	0.25	2
108541235642523883716	0.25	1
104787191501867247727	0.25	1
100793996231327829348	0.25	2
115378099617797402776	0.25	2
107584182265609088587	0.25	1
117950453145750849911	0.25	1
117344786984788205452	0.25	1
117481171749561478417	0.25	1
112954151067260940064	0.25	1
115058384974405026221	0.25	1
108871877301789098084	0.25	1
106334873884881732452	0.25	2
102460637835826609177	0.25	2
101919728428437233122	0.25	1
106766166708071836856	0.25	1
115146484128708835538	0.25	1
114238848179918960497	0.25	1
101160779705572880332	0.25	1
107505982233194733111	0.25	1
107347089538988597980	0.25	2
101302496747753402518	0.25	2
107650451991930674897	0.25	2
112786890450122407289	0.25	2
112278030325813377836	0.25	1
100274807456209555586	0.25	1
110823652171439094038	0.25	2
100494264179552780611	0.25	2
102897998524188704114	0.25	2
107738139256801286421	0.25	1
101222342989976293859	0.25	2
111284838999349564058	0.25	1
105438216157712951149	0.25	1
115028193807457522413	0.25	2
115571267671256018716	0.25	1
106012481736638686979	0.25	2
112740610646200093227	0.25	2
104577357381178665210	0.25	2
103550499181678168853	0.25	2
115080066552092609337	0.25	2
106161788594395281627	0.25	1
103774001600901781582	0.25	1
111976179410500096190	0.25	1
105654402935055061044	0.25	1
106215718640234782825	0.25	2
101300494158572934944	0.25	1
102656934497613163144	0.25	1
108192539430903772256	0.25	3
100621638799959733469	0.25	2
110586650630558386098	0.25	1
105753650306645199736	0.25	2
102978065556965822952	0.25	2
105901327540284785039	0.25	1
104531018148875607756	0.25	1
102936044069770310105	0.25	1
112184451810673992024	0.25	2
110702495322695589877	0.25	1
102927530010957811833	0.25	1
100281903174934656260	0.25	1
116307911956851384448	0.25	1
116359813708750249878	0.25	2
117483306494990479133	0.25	2
118257276588808492835	0.25	1
109999425205627959121	0.25	1
109149580413495513300	0.25	1
101949985834568357112	0.25	1
100255102778442021897	0.25	2
116917864033830936795	0.25	3
110886284995141821620	0.25	2
105321861074597835055	0.25	1
107875968975604414684	0.25	1
104191846396803218429	0.25	2
115596395815211678440	0.25	1
108990610107970137958	0.25	1
109014398008509103105	0.25	1
101319199068187021366	0.25	1
107647969972010906638	0.25	2
114508516030523315225	0.25	2
100737020332026189099	0.25	1
117558369671149465138	0.25	1
101275179870005929648	0.25	2
104899534934891296850	0.25	1
111929386215091912977	0.25	1
106990879460241195970	0.25	2
107985102860141845294	0.25	2
112645687732726255348	0.25	1
104670529638997947777	0.25	2
117733555737252340414	0.25	1
116364916136730999646	0.25	1
113972907640567999889	0.25	2
114248079812558021958	0.25	1
109410878385939067590	0.25	2
101419039060313306057	0.25	1
107870240225843632731	0.25	1
111008541286524404623	0.25	1
106872062155728669579	0.25	2
107507539268974734333	0.25	1
102520007126942234329	0.25	1
108740570618849247850	0.25	2
116558562366390541447	0.25	1
109357031596128785188	0.25	2
108487822477374389081	0.25	1
105493081640219878951	0.25	1
105713497706843136406	0.25	1
110295844480825936400	0.25	2
103399997814775349105	0.25	2
102806054033832155760	0.25	1
103936827743475359519	0.25	1
110417769522491997765	0.25	1
112380861379242468878	0.25	2
103600316418691077821	0.25	1
113506158551051150184	0.25	1
102578689127732187277	0.25	2
116180739612309254163	0.25	1
110106586947414476573	0.25	1
111335922737520302374	0.25	1
100546244489450138446	0.25	1
114647333380285497239	0.25	2
113487010998816433964	0.25	1
101688016129563471912	0.25	1
103372431688184929899	0.25	2
106841243684214310052	0.25	1
103068825327398983563	0.25	1
115899426063647331538	0.25	1
101245252933670436488	0.25	1
103154767864398131776	0.25	1
107363237260948502633	0.25	2
101267965565111472719	0.25	1
113433166753895337377	0.25	1
100434223030191165199	0.25	1
108165610406198760190	0.25	3
113996252078707377229	0.25	1
116253377659050373433	0.25	2
106392362777471211481	0.25	1
109975347168733392720	0.25	1
105191670735397639866	0.25	1
110498861549391431559	0.25	2
115612555760119245060	0.25	2
102517484322947859174	0.25	1
112771563946522461385	0.25	1
109544786572527979255	0.25	1
112196801503538215439	0.25	2
103452050798248282778	0.25	2
101301458673886835218	0.25	1
113137518938994935016	0.25	2
113998295683387625628	0.25	2
106355737070542177981	0.25	2
100006482087292857931	0.25	1
117924280903570612216	0.25	2
104024315736882237814	0.25	2
104286056463562229827	0.25	2
109116159454028750588	0.25	1
105050439073580149164	0.25	1
114038536353684772115	0.25	1
103389503151087692300	0.25	2
104215639329521542302	0.25	1
103148648942780813459	0.25	1
105256156026694816333	0.2	1
118390286079345532806	0.2	1
111347373455607606946	0.2	2
100681457459676204535	0.2	1
116217157972739054782	0.2	2
102076033841555832518	0.2	1
107459220492917008623	0.2	1
106684105564729483790	0.2	2
111349868439224262161	0.2	1
111890945016831896743	0.2	1
101396087935203987162	0.2	1
115957092291818573863	0.2	1
108470782772821648496	0.2	2
118418436905562612953	0.2	2
118340207173359954731	0.2	2
110053263559112570543	0.2	1
117197505764492438174	0.2	1
102498481444985188022	0.2	1
113828695867432485406	0.2	2
111920394718757067972	0.2	2
106495003548014926909	0.2	1
102865263115020893218	0.2	1
101094824843371233898	0.2	2
115780925498881394226	0.2	1
111299398086174331820	0.2	2
101828183984777718546	0.2	1
101465854435804471513	0.2	1
103312941003527996044	0.2	1
105943946099362806788	0.2	1
113165147467813592377	0.2	1
113447931380687480753	0.2	1
109441649985435981308	0.2	1
104414006889440330710	0.2	1
114394128653474707020	0.2	1
109281010238870112985	0.2	1
103263111543043071548	0.2	1
108189587050871927619	0.2	1
115936804176235600319	0.2	1
110028623417333097448	0.2	1
104956293623550863730	0.2	2
105459830584243636071	0.2	1
108038480183975078835	0.2	1
109746540495919889829	0.2	1
107953073710704668222	0.2	1
103904027223671073114	0.2	1
108032623298499022371	0.2	1
103275414019940070295	0.2	1
115686461214690249154	0.2	1
112552319079120490722	0.2	1
103652441454188509895	0.2	1
106929171939499241944	0.2	1
110464200573564226043	0.2	1
111136943830266615679	0.2	2
107554392786806012173	0.2	1
117291172056174753422	0.2	1
116455200564503192965	0.2	1
113445179357632855893	0.2	2
109191289222453878220	0.2	1
112311470127292513285	0.2	2
104637837952299687214	0.2	2
106998895742283999404	0.2	2
106120978621025253392	0.2	1
114452583189695653393	0.2	1
103486150650858067282	0.2	1
118411705395466565668	0.2	1
107894914670080014116	0.2	1
116678377243407600427	0.2	2
110570190335649752012	0.2	1
105190119447635952947	0.2	1
102961867603624296837	0.2	2
104123055494344481864	0.2	1
116438477730966655432	0.2	1
114096599366011465749	0.2	1
113048458403086916871	0.2	1
102520539174582491836	0.2	1
100570943621691880802	0.2	1
106944937071175006401	0.2	3
103798719109930376233	0.2	1
108277210409853241953	0.2	1
102456777374003067692	0.2	1
110192976726456451625	0.2	1
115932838014733798588	0.2	2
112253631173744101346	0.2	2
103893974328739624711	0.2	1
102563035692347750787	0.2	2
108583549213384762507	0.2	1
115821440596632746308	0.2	2
107301838407831899047	0.2	1
114457137132357379883	0.2	1
108120283126178283940	0.2	1
109397804382663028308	0.2	2
103316479042578333532	0.2	2
116696943168863559388	0.2	1
111104766632042172729	0.2	1
116385489466404408980	0.2	1
102194412367479191773	0.2	1
112304298024551327286	0.2	1
100037428816683405361	0.2	1
105369174761745247342	0.2	1
106461633594064301959	0.2	1
116591251970863826123	0.2	1
110025177084709634671	0.2	1
117763985263845858748	0.2	1
108635510095078555046	0.2	1
110479167004746675441	0.2	1
110565451469358079473	0.2	1
101080167733770848150	0.2	1
109549484898750371360	0.2	1
112661262066626464523	0.2	1
107958711860940415885	0.2	1
100109420053181930599	0.2	2
114044967620421598228	0.2	2
101500353301932666956	0.2	1
116265553832178509768	0.2	1
110563475136443571031	0.2	1
105546227236133993219	0.2	1
103519655975029093996	0.2	1
101221104868305787960	0.2	1
115850015072126033610	0.2	1
110573952887886961621	0.2	1
107344720766925435608	0.2	3
108215644829092784557	0.2	1
110677399908549124400	0.2	1
100989890516996368581	0.2	2
114489504825638353488	0.2	1
114552942346627977337	0.2	1
110240143550654748022	0.2	2
106220600090297128338	0.2	1
110922307451325357596	0.2	2
101849747879612982297	0.2	3
118294284292094030196	0.2	2
105017289267741004914	0.2	1
112375731670409469973	0.2	1
111310990991240556038	0.2	1
101354172798464998376	0.2	1
107736922941118705751	0.2	1
102511981912191370608	0.2	2
104137190798995802405	0.2	2
104755336394155711931	0.2	1
108723577002397092244	0.2	2
103619689952955738772	0.2	2
111510015637321586823	0.2	1
103283622500450756530	0.2	1
106287665062204946341	0.2	1
111204757488124368395	0.2	1
106259240239807883388	0.2	2
105026630819824298577	0.2	2
111150559280830628102	0.2	1
105073221672682346129	0.2	2
100668872320235339612	0.2	2
102201037788053891943	0.2	1
107164311860815549291	0.2	1
109667890964357276732	0.2	1
113664406921737357882	0.2	1
103134443000885565193	0.2	1
108705174211639807508	0.2	1
118104803848928688130	0.2	2
116947906726568301788	0.2	2
109283060277675352322	0.2	2
107520568772200234207	0.2	1
110548244043172681974	0.2	1
114436828962008732619	0.2	1
100646334382638139241	0.2	1
113718269858549593079	0.2	2
102781315536557513596	0.2	2
112180555080313027108	0.2	1
102835835213645593450	0.2	2
113890545538451545819	0.2	2
117270655453846612117	0.2	1
109592634059397506775	0.2	1
100928115753316027300	0.2	1
106952974709619007593	0.2	1
103436150731639349099	0.2	1
116244751484241690077	0.2	2
110955367467241342189	0.2	2
108483700324316970657	0.2	1
105237212888595777019	0.2	1
111975545018506506119	0.2	1
112960723772418803264	0.2	1
115971103286397223281	0.2	1
100095245926948995335	0.2	1
105318217552727882571	0.2	1
114574336486963259541	0.2	1
102073747889450351618	0.2	2
115653522232867695783	0.2	1
113865534317359774541	0.2	3
115253927511928365244	0.2	1
102550233838963881385	0.2	2
108674726803457638303	0.2	1
104981153774802985493	0.2	1
105852091541941306153	0.2	1
107004843925454095805	0.2	1
116595883034176175202	0.2	1
103101121348859087349	0.2	1
117382011486018942265	0.2	2
115565811010545226083	0.2	3
113934645215952069062	0.2	1
112353210404102902472	0.2	1
113015718416261368227	0.2	1
108952536790629690817	0.2	1
106411046878239514059	0.2	2
103221593976723314191	0.2	1
115766444879111468623	0.2	1
115258195721329444884	0.2	1
101153468639331529713	0.2	1
115854718917136776953	0.2	1
106949298746614751300	0.2	1
116992234810067730471	0.2	1
105259605759214369744	0.2	1
114786794106113206036	0.2	1
117386232350873428301	0.2	1
102195144388135237932	0.2	1
109600393912956762171	0.2	2
107753428759636856492	0.2	1
109851037140005639446	0.2	1
111408626247857759665	0.2	1
100542372891417952741	0.2	1
111003376540003743015	0.2	2
114334109274969436200	0.2	2
110442590930631703783	0.2	2
112829005077127347210	0.2	1
117316671086514429511	0.2	1
108972509678555833657	0.2	1
112613302119908855458	0.2	1
110798258135890723173	0.2	1
110937022523802941285	0.2	1
117350138171749956944	0.2	2
102674723231516391457	0.2	2
103238799632776997441	0.2	1
113646756861816224572	0.2	1
112926100936353718011	0.2	1
103657280492137983446	0.2	2
111876382360515518236	0.2	1
112374836634096795698	0.2	1
103773811230107801448	0.2	2
111065108889012087599	0.2	1
103850326109556474629	0.2	1
103993063758755013675	0.2	2
106762377832772450240	0.2	2
101387174909834628816	0.2	1
113146799877690470424	0.2	1
111080620052833032765	0.2	2
114823329938030546555	0.2	1
112435942355572461782	0.2	1
102699000494066195263	0.2	2
104873145996437055631	0.2	1
118274547296450170219	0.2	1
103265059475645622476	0.2	1
116981000875007763662	0.2	1
112145951608161981842	0.2	2
106407292572142932910	0.2	1
100795187158398140806	0.2	1
111587264592516780436	0.2	1
114038564293324338054	0.2	1
106994788622312472332	0.2	2
109361243262465114404	0.2	2
103079526275359000556	0.2	1
107550335129662216109	0.2	1
103503116383846951534	0.2	1
115053975672650597157	0.2	2
114884499057277941548	0.2	2
112336147904981294875	0.2	1
108834544234077411259	0.2	1
116608690343216001321	0.2	1
117315983973909934931	0.2	3
111862324534985995584	0.2	2
116822727507667794826	0.2	1
115505611402423023943	0.2	1
104763480255337902487	0.2	1
111295470385616003720	0.2	1
110893326269022263700	0.2	1
111523808203160874141	0.2	1
103467246763727836493	0.2	2
115978949584209885559	0.2	1
115120856388820348736	0.2	1
100382117243685711997	0.2	1
118255443655389705915	0.2	1
106180508497401196064	0.2	1
110592901375855113619	0.2	1
114135989092199123176	0.2	1
108255062489504226785	0.2	2
100000772955143706751	0.2	2
103744669593777813178	0.2	2
117345174540134167439	0.2	1
117461435525779663160	0.2	1
112215881895161090185	0.2	2
115686712405727979216	0.2	2
118255645714452180374	0.2	2
108731496152002108553	0.2	2
103449225731496343372	0.2	1
115582623750221438794	0.2	1
113395557724528060936	0.2	1
109641314973191574448	0.2	2
107697270156490152958	0.2	2
104867148520425189911	0.2	1
113271433504869081420	0.2	2
104376626976827590822	0.2	2
104192099372982491378	0.2	2
112267968031995007637	0.2	2
116532175584223259264	0.2	1
116665417191671711571	0.2	1
115244822505211094728	0.2	1
116214152295449083654	0.2	1
114580307878074936861	0.2	1
107646644323564608398	0.2	1
115530110837680463513	0.2	1
100892612779426154375	0.2	1
115274420552571826637	0.2	1
118026639398463272784	0.2	1
109036978092446954908	0.2	2
103917575093663288276	0.2	2
105410160078895778656	0.2	1
102015465605153310048	0.2	1
104973761519912571719	0.2	2
115287954709608826730	0.2	1
107656088609554509650	0.2	1
115008911624864960721	0.2	1
113387268363968644500	0.2	1
114236604403554541461	0.2	2
108490791507069410168	0.2	1
100671962746616152327	0.2	1
108866766699357318662	0.2	2
117231743960522064512	0.2	2
101701583331414272733	0.2	1
101218371689622128361	0.2	1
109116438871355814958	0.2	1
100771671272095499353	0.2	1
103633046005352612514	0.2	1
115220228182866909424	0.2	2
113939332173985992126	0.2	1
105637155712287876601	0.2	1
117697379995591819341	0.2	1
106644971035950614210	0.2	2
103346561048977940766	0.2	1
101261243957067319422	0.2	1
114369704013100203178	0.2	1
101984328356169025984	0.2	1
100521671383026672718	0.2	2
105731578329554893462	0.2	1
118265897954929480050	0.2	1
101446950128598043868	0.2	2
113476257870600408740	0.2	1
104891682069948092235	0.2	1
105146294989198255067	0.2	1
101901560303275458765	0.2	1
102221942940843100503	0.2	2
113134732777458915240	0.2	1
114746723400328550050	0.2	1
105072305864951447999	0.2	1
116718635988073073922	0.2	1
115417311211591092482	0.2	1
106410732718450585351	0.2	1
112747214663771011162	0.2	1
116143340835822342380	0.2	1
110124034484607174290	0.2	1
102604209789264047420	0.2	1
113209788861124695757	0.2	2
101020620594555471899	0.2	1
115370025235517939720	0.2	1
110337424690249855794	0.2	1
111003533336553674230	0.2	1
111943154038712688786	0.2	1
108872243576352630928	0.2	1
109967027135756554055	0.2	2
103930794824263796392	0.2	1
104013835962992611989	0.2	1
106075926887576280408	0.2	1
113102179663329232861	0.2	1
107205168267515108946	0.2	1
107235139478887256327	0.2	1
117346082139912035758	0.2	1
111514894162324549099	0.2	2
112218566734712378621	0.2	1
102871123574468799566	0.2	1
116160773148292111951	0.2	2
101326359135790262301	0.2	2
116412147235752808523	0.2	2
107833107845497630206	0.2	1
108710095010646545899	0.2	1
114291965269165524866	0.2	2
112930364932290387951	0.2	1
103535806271845766896	0.2	1
114396638635053908967	0.2	2
109372974572557264826	0.2	2
110709982674874192300	0.2	2
110245751704905428576	0.2	1
109522180282993900056	0.2	1
116845533997042633083	0.2	1
104819118842368926037	0.2	2
108487783243149848473	0.2	1
106353782123563383689	0.2	1
111995604554246207396	0.2	1
118055814112266323118	0.2	1
109963918547086632063	0.2	1
110098555896494825462	0.2	1
113976860510847272707	0.2	1
117185140104479057314	0.2	2
104174037294742207726	0.2	1
109758131367094955169	0.2	1
110360784207374607325	0.2	2
110745311686653416378	0.2	1
107062507182930924073	0.2	1
100274617726048487544	0.2	1
106869108369228982369	0.2	2
118206624959654382880	0.2	1
106455585595469424333	0.2	2
116040565882702717981	0.2	1
110962949352937565678	0.2	1
109710318485682657052	0.2	1
114520811053457424775	0.2	1
108376085312377399512	0.2	1
108891515761280458984	0.2	1
109549749746353031555	0.2	2
112247203025001649619	0.2	2
110318709616045782634	0.2	1
113565031517839416248	0.2	1
106656003547154649075	0.2	2
113169015904563389170	0.2	1
118058794383720702307	0.2	2
108878286913337562976	0.2	2
110264775653241069080	0.2	1
115135005437142391944	0.2	1
101908553842687394193	0.2	2
104744726224419902744	0.2	1
115830710841393348970	0.2	1
106257437186088234548	0.2	1
103245041057625130355	0.2	1
112879841470105543012	0.2	1
102271937385988687810	0.2	2
115909956209983539961	0.2	1
105865533924482514770	0.2	1
106419400577988151299	0.2	1
102485721261724622399	0.2	1
106064740241959504381	0.2	1
109143384193766932670	0.2	1
116894043857648293894	0.2	2
101872185522637309123	0.2	1
112974446717580477987	0.2	2
117997508248143467215	0.2	1
107607271348767958034	0.2	2
100101179192564355788	0.2	1
102303916491912541067	0.2	1
111770459801993602257	0.2	1
111901425213768112631	0.2	1
110727524106003793026	0.2	1
113116798150496717628	0.2	2
102976465024742837897	0.2	2
100623276740673202144	0.2	1
113166718268343560861	0.2	2
100367144709105316901	0.2	2
104086479793408576391	0.2	3
115481103967401468109	0.2	1
112761340428079841885	0.2	2
101615880080130290487	0.2	2
114854694160054096205	0.2	1
111576141144699622061	0.2	1
110918518132080106257	0.2	1
101292112007286478906	0.2	1
100246876195123796634	0.2	2
105693760650527951874	0.2	1
111613314627707595530	0.2	1
104535682228532502226	0.2	2
103913078739565411962	0.2	1
102406042148418309977	0.2	1
113188191533574641991	0.2	2
110454763761193721701	0.2	2
112565301103246592411	0.2	2
100580057424662460288	0.2	1
113191653034493517827	0.2	1
107191542129310486499	0.2	1
109818165262898740875	0.2	2
105473622219622697310	0.2	2
107233993712280019573	0.2	1
111059970532919761644	0.2	2
115603053165546989681	0.2	1
118036378782834084572	0.2	1
106233689102051378781	0.2	1
113619286206637523955	0.2	1
116171743757518702392	0.2	2
108742242108606058128	0.2	2
106804288949826635270	0.2	1
105988102646379717467	0.2	1
104935478024576728989	0.2	1
100763826149374035870	0.2	2
103435199138039329742	0.2	2
105267656376269695918	0.2	1
107543460658107759808	0.2	1
103442628650980348257	0.2	1
107797887920278679776	0.2	2
107335689754861942125	0.2	1
100266471059676971176	0.2	1
102629283495814186588	0.2	1
113238422455846169595	0.2	2
109172432678917209194	0.2	1
117281417391260522475	0.2	1
101235095970404720691	0.2	1
111672213320663226648	0.2	1
111425389710625097093	0.2	1
105571367382401829756	0.2	1
117247033413568229004	0.2	1
103993501170783813460	0.2	1
101563973070732258416	0.2	1
110678378919556904424	0.2	2
106742376536094015872	0.2	2
105345566147236475531	0.2	2
101030696951976805353	0.2	1
106120248883783560821	0.2	1
100429564727464307274	0.2	2
109385188178546641401	0.2	1
103206605407547059039	0.2	1
117211092043045415977	0.2	1
114743704471276253503	0.2	1
114885727419541029795	0.2	1
102001801783373863286	0.2	1
115125560263829197471	0.2	1
106960546466236159577	0.2	1
106970181861072535116	0.2	1
115360471097759949621	0.2	1
104926854905340031989	0.2	1
106639396424392100255	0.2	1
109015404841945658446	0.2	2
111386855752844332937	0.2	2
111292852688797062644	0.2	1
113697410988936058590	0.2	2
114226493354271341433	0.2	1
114187741965209450599	0.2	1
104948325982930980597	0.2	2
101733529116864904011	0.2	1
116656988837287701584	0.2	1
111213696402662884531	0.2	1
116570889542655364711	0.2	1
107738680501149387853	0.2	1
101315793093022443753	0.2	2
108892416388714572361	0.2	1
116143938603101885158	0.2	1
109908836456579770875	0.2	1
109596219054914376350	0.2	1
115039112804619781585	0.2	1
113850935463309951154	0.2	1
111132028848704024416	0.2	1
100034755726546091316	0.2	1
113656221495327458867	0.2	2
113234362691196511996	0.2	1
115623533572523039914	0.2	2
117854769497679103742	0.2	1
113898425766485520077	0.2	1
117122165783749287103	0.2	1
117504094740689521147	0.2	1
118271935460728368339	0.2	1
106407425466046895546	0.2	1
113278937129481000981	0.2	2
116441747355761359686	0.2	1
108256395794855259231	0.2	1
111613587264530652212	0.2	1
109513130879037590733	0.2	2
117833449406552045212	0.2	2
110528202096810721992	0.2	2
115878866005456327339	0.2	2
100936611936552412031	0.2	1
108758454758037622806	0.2	2
116347431032639424492	0.2	1
112759446650710384950	0.2	1
105781983137881296919	0.2	2
112596973929133983413	0.2	2
107991184034868817056	0.2	1
100830123352736594226	0.2	1
109709123163755447406	0.2	1
112791110254884272024	0.2	1
114739558093601487367	0.2	2
113234126401294172677	0.2	1
117443217206442118345	0.2	1
103839604733587411268	0.2	1
101413730402129849406	0.2	1
110510753021643719970	0.2	2
116796222911499663778	0.2	1
104454179577728845932	0.2	2
112495381770287415288	0.2	2
106956014206757115319	0.2	1
114537153165145999055	0.2	1
103733726139813574517	0.2	1
112340755363441897755	0.2	1
103548729736290415705	0.2	1
110220628396247906746	0.2	2
111950867222342349895	0.2	2
113650728335784838630	0.2	1
113865293495574490805	0.2	1
108629717769018996477	0.2	1
110333331061947700560	0.2	1
104478400380913706002	0.2	2
105612667855212149293	0.2	2
111099036917052429756	0.2	1
103186550328868019697	0.2	2
105556833582563637310	0.2	2
107542742799095073899	0.2	1
104000421967098138420	0.2	2
110852977300426652583	0.2	1
115074742580527848126	0.2	2
113314321788257666239	0.2	1
108909492433674629621	0.2	1
102581227473432234733	0.2	2
105059362788808645801	0.2	1
105653918027221757086	0.2	1
105416355829347138018	0.2	2
112493431048167821018	0.2	2
102964751543098167344	0.2	2
111670174652522104431	0.2	2
112549269161282868590	0.2	1
101235808528772355353	0.2	2
117946039047831876431	0.2	1
116984669804618209616	0.2	2
104778171237881945448	0.2	1
115788195763743347192	0.2	1
109063677351482544705	0.2	1
112014621079188744847	0.2	2
102641088293953476528	0.2	2
116950398585618469841	0.2	1
114094532331989935617	0.2	1
108738181729496879737	0.2	1
108553536093975800469	0.2	2
111895635103211133148	0.2	2
108770653757133854006	0.2	1
109737898442105024111	0.2	1
111428460282110348984	0.2	1
112741081248886820961	0.2	1
113695868141126255767	0.2	1
117671681554027824039	0.2	2
117663015413546257905	0.2	1
109417973626424512107	0.2	1
101618630574271296588	0.2	2
100624855388272596716	0.2	1
108644241771981343041	0.2	1
109667737068377929045	0.2	1
107414592731514189079	0.2	1
112019962874152071584	0.2	1
114737458382066019074	0.2	2
117114651373206628096	0.2	2
111823176872655919912	0.2	1
107413067341871105647	0.2	2
110761100167727655953	0.2	1
112560598869039786300	0.2	1
101263157824637311327	0.2	1
113649496471309774909	0.2	1
108090067248264502593	0.2	1
111614848322085425617	0.2	1
104618664838382110366	0.2	1
110860203879684078598	0.2	1
100500197140377336562	0.2	1
115773662424457172793	0.2	1
111479647230213565874	0.2	1
111427232323640771136	0.2	1
113678234815944346418	0.2	2
115774797671804302541	0.2	1
103333429938529668020	0.2	1
115128808368924712465	0.2	2
105497393790893499926	0.2	1
101402083546718842256	0.2	1
105170272690117043898	0.2	1
113575196046614822984	0.2	1
115825648832635471354	0.2	1
109964801126007889275	0.2	2
107057446553523266567	0.2	1
111695056247795680420	0.2	2
112449033164132295178	0.2	1
111922870999029775190	0.2	1
107982474099703846460	0.2	1
111049895175261158696	0.2	1
105503877781180576662	0.2	2
115497159464714580796	0.2	1
101213330446618923166	0.2	1
106562040211983246504	0.2	1
109184740723838956506	0.2	1
108621605232188649028	0.2	1
101740316038541517876	0.2	1
117177689300294532641	0.2	1
101389857600525844407	0.2	2
117944855446728608742	0.2	1
103503784030163121732	0.2	1
101778560773618244783	0.2	1
108500933169069069530	0.2	2
102172471534334518172	0.2	1
112873910314700145140	0.2	2
113474341770751326627	0.2	1
100771300110997138930	0.2	1
101957725892036154972	0.2	1
104431173322552031662	0.2	1
118233019308203333391	0.2	1
111666976040493059703	0.2	1
102864603075591269997	0.2	1
104202263011113038990	0.2	2
108880714002171992138	0.2	1
111684798358382254798	0.2	1
103688075806912719646	0.2	1
106743526356104154802	0.2	1
107221142875015274837	0.2	2
103679852774229035240	0.2	1
109700336143937216279	0.2	1
114995954424923601917	0.2	1
110282828938803516298	0.2	1
117629925359775616202	0.2	1
105396609818194584786	0.2	1
101015964088772576261	0.2	1
101565121108233400534	0.2	1
111901001454469020963	0.2	2
104906919451670502090	0.2	2
112083908349302820341	0.2	1
114547779905550869913	0.2	1
104371031769782497887	0.2	1
116237760792133348392	0.2	1
113813472228965775424	0.2	2
103709022883073276752	0.2	1
112016573893269448710	0.2	1
109163370142500370236	0.2	2
107417903339410310061	0.2	2
110010928815749728834	0.2	1
112869004210157355587	0.2	1
111903432626924135746	0.2	2
102122012748196677489	0.2	1
116824712750244714209	0.2	2
112398350371403028747	0.2	1
103948167709328518696	0.2	3
113180815516125966443	0.2	1
108319282403260526672	0.2	2
108944642319466633873	0.2	1
106500517318873656493	0.2	1
111518627657059019573	0.2	1
102748970189614732081	0.2	1
104635208492390994067	0.2	2
102906040107953397618	0.2	2
112052338416071432089	0.2	1
106089699734875924329	0.2	1
104765077374858078640	0.2	1
108746570134240045314	0.2	1
108993086534933917310	0.2	2
110194318244391246389	0.2	1
117179935857079286482	0.2	1
105734935003600818916	0.2	1
117889637050142878732	0.2	1
110717004259802576923	0.2	2
101220763711015957928	0.2	1
115980936329151783449	0.2	2
110014320488392120271	0.2	1
112797667335313864011	0.2	2
110232479818136355682	0.2	2
114233584388077174662	0.2	1
106349974192297782964	0.2	1
110259125377173180560	0.2	1
118246412183062133215	0.2	1
108769645722837165184	0.2	2
109975740869335893749	0.2	1
115756786823482402291	0.2	1
101450717666048201249	0.2	1
105339219443123675399	0.2	1
108876627453683387154	0.2	1
106469974714953558245	0.2	1
115392951895946183772	0.2	2
117115170288798542654	0.2	2
100745794858597764045	0.2	2
106736823093426899851	0.2	1
103212167104566683799	0.2	1
113471153944297038699	0.2	1
115607115047101130036	0.2	1
104130498407390053503	0.2	1
108861476132869737910	0.2	2
118033329443075697847	0.2	2
102334968495719786473	0.2	2
111123541469364278390	0.2	1
107849115201578318728	0.2	3
106153912322529917946	0.2	1
115724750579086210046	0.2	1
103173073620061914688	0.2	1
109639551201201454002	0.2	1
106183637228009241776	0.2	1
114132154585875094129	0.2	1
104184201913363037521	0.2	1
117711958765226965393	0.2	1
108203226637414067674	0.2	2
104149545181687066849	0.2	1
113353300380449279185	0.2	1
105770051837447992412	0.2	2
101562351457989032622	0.2	2
110625638967042881219	0.2	1
102218502614021519543	0.2	1
100862014165004224115	0.2	1
109057597863242108290	0.2	1
116091661569060812074	0.2	1
101118224981700451750	0.2	2
113868223889604820900	0.2	2
114041586768797291099	0.2	2
111545740576915285660	0.2	2
108157030836771255408	0.2	2
104565717364449212030	0.2	1
109598700629535139005	0.2	2
116197382080202583137	0.2	1
109536929126322188570	0.2	1
114971699207761245061	0.2	2
107825480915810491568	0.2	1
117112087344536595774	0.2	1
118108431731211432200	0.2	1
106600555889076184687	0.2	1
115963387846188704264	0.2	1
110551962994651225464	0.2	2
100994959835228500824	0.2	1
109188799282991621097	0.2	2
118043858711426094400	0.2	1
112397686022130927930	0.2	1
114296506386465886516	0.2	1
111999375479645949504	0.2	2
103739365516449391254	0.2	1
116594877350823996927	0.2	2
102148141591862010927	0.2	1
101108988101915481896	0.2	1
106618717445377547837	0.2	2
116189220504217733851	0.2	2
101469445088368803482	0.2	1
110094310443201195480	0.2	1
110817157772325839710	0.2	2
105056410324751180307	0.2	2
118403137608921810081	0.2	1
113775216082198424237	0.2	2
103239655111676058756	0.2	1
105480613977875199087	0.2	2
116557534554714204180	0.2	1
104663248622614087256	0.2	1
115560194647339022373	0.2	1
103456345442458291382	0.2	1
113293528739131799840	0.2	1
100871929241018974236	0.2	1
117475632835570685033	0.2	1
104555560442231092804	0.2	2
103036850302195031958	0.2	1
113566412796628737771	0.2	1
114931457332152646954	0.2	1
118348284629789795875	0.2	1
101368682084401034108	0.2	1
111674060767832848917	0.2	1
113143913742943987551	0.2	1
116189561998155818550	0.2	1
114925901832419287750	0.2	2
100333193530718843479	0.2	2
112807247363916062110	0.2	1
105894728507661597261	0.2	1
110457915826015148452	0.2	1
105507095357499885933	0.2	1
104893524557754738229	0.2	1
115427218439259234651	0.2	1
106350626944245646773	0.2	2
114658320069089593361	0.2	1
110583458814875357063	0.2	1
105852800056956495759	0.2	1
112391008719983339720	0.2	2
115129262333615137119	0.2	2
108090314098535541118	0.2	1
107476158847523345367	0.2	1
116704983729812150793	0.2	2
109710145857378706181	0.2	1
100649562806491519448	0.2	1
102377782912053762493	0.2	1
114581482843827283581	0.2	1
118141566739575068041	0.2	1
115494944030139116610	0.2	1
118056058140720399896	0.2	1
109431897417224107649	0.2	1
107115391825092724251	0.2	3
105517282954488494724	0.2	2
116587950968191174185	0.2	1
118128924084773583338	0.2	2
101838974086705835224	0.2	2
103485032559506970640	0.2	1
118005814448776464555	0.2	1
115459617415391395427	0.2	2
108494903785345350151	0.2	1
112208571342917521602	0.2	1
112303365927986450437	0.2	1
114697443750758752826	0.2	3
106152834292416527037	0.2	1
103470087050870583118	0.2	2
118136647524795680321	0.2	1
101840590148844309820	0.2	1
113862769737057199566	0.2	2
109045366876404424354	0.2	2
102043125549983326308	0.2	1
112951586992554381979	0.2	1
111423518441737569143	0.2	1
107833185949919165012	0.2	2
117937777652276686147	0.2	1
109382394062299560880	0.2	1
103523359462163965131	0.2	2
113274733957712218471	0.2	1
118441596793086402962	0.2	1
109885335490987305197	0.2	1
114315443584227334344	0.2	2
116215289255603915364	0.2	1
112212179570307146158	0.2	2
104817633668230013853	0.2	2
102275936351424417447	0.2	1
115739112096228507174	0.2	1
102208373699154503240	0.2	1
108671711900632443325	0.2	1
103527583204714475293	0.2	2
117849865784260259648	0.2	2
118396325517555687887	0.2	1
101754931520679788665	0.2	2
109741596351176245660	0.2	1
104682338409412490777	0.2	2
109121643567830483591	0.2	1
100631991905633819361	0.2	2
116723949091675553180	0.2	1
100618870041355284174	0.2	1
101373142220082649125	0.2	3
108041581958784753911	0.2	1
116599731109600578332	0.2	1
112365820314826728239	0.2	1
113870462942940511500	0.2	1
100577257589042332279	0.2	2
109164139658812985074	0.2	1
104489687632944873182	0.2	1
116660410556163393541	0.2	2
105583244128605964001	0.2	1
116956642067206285598	0.2	1
106700229869633616455	0.2	2
102175336629913401888	0.2	1
104693012348169650153	0.2	1
109798293584941613102	0.2	1
103557102007464977255	0.2	2
115581741580011137066	0.2	1
100451530853505795639	0.2	1
101251875542095327792	0.2	1
109389725894205065198	0.2	2
104359676127065414391	0.2	1
101671017632210581628	0.2	2
111175094037636081326	0.2	3
115294374765308559524	0.2	2
112879199849007026580	0.2	2
116537563395405682216	0.2	1
105928314740154324964	0.2	1
111104690096243806316	0.2	1
117526534592000966050	0.2	2
116768950692340143717	0.2	2
103813557781621765571	0.2	1
101896309038382642457	0.2	1
113602098789392301953	0.2	1
103295824128207775606	0.2	2
116950651482926377855	0.2	2
116189995107356252155	0.2	2
107766165864677063802	0.2	2
106357348680480423968	0.2	1
105918995969789490658	0.2	1
113992289216205599121	0.2	1
102750901833391144143	0.2	1
109640463918490399411	0.2	2
111422286077941361166	0.2	1
101392436152378516028	0.2	1
107760089081350542301	0.2	1
105567868641589978059	0.2	2
108091894326051748899	0.2	2
114769300137901408078	0.2	1
113399382441084970779	0.2	1
114400835773237845483	0.2	1
102559730109373309728	0.2	1
113609629273625979795	0.2	1
116325552417062971591	0.2	2
115394346709017494306	0.2	1
109718899862867069147	0.2	1
103372292863234222837	0.2	1
118045573699111939711	0.2	1
105668579739214957599	0.2	2
116838027298718763697	0.2	1
116994284661718614123	0.2	1
103919887030801101306	0.2	1
115537173526663810751	0.2	1
114754768321762441489	0.2	1
103834810442131564249	0.2	2
116931171393617733670	0.2	1
106559040551089535793	0.2	1
108758204490797265752	0.2	1
107709523210339030857	0.2	1
110988692663259406037	0.2	3
113629939672457280026	0.2	1
110630548990139080751	0.2	1
105694884469839824120	0.2	1
112968403220107480396	0.2	1
106111748958700549590	0.2	1
114188326700676605904	0.2	1
106341940861791413643	0.2	1
113827564182191117546	0.2	1
118235196403030375279	0.2	2
106990684781606341781	0.2	2
102668136645136101630	0.2	2
114705866659278136143	0.2	1
116914049218317559978	0.2	1
105674332362858502941	0.2	2
112584813576118682331	0.2	1
117089738218693936008	0.2	1
117504368391129316558	0.2	2
109825415892594148722	0.2	2
115566659511983378733	0.2	1
108647427390830201670	0.2	1
105079477112301696573	0.2	2
105568083968238211430	0.2	2
106770476978333198331	0.2	1
101904765099650998613	0.2	1
105550935849326092001	0.2	1
112701865707692140777	0.2	1
117872414227517684746	0.2	3
106244942221711532053	0.2	1
117437002811057735934	0.2	1
111568093203466695888	0.2	1
106930820875100875937	0.16666666666666666	1
102645532385014073041	0.16666666666666666	1
113437116355441160563	0.16666666666666666	1
104359763476253962070	0.16666666666666666	1
117514939210957676246	0.16666666666666666	1
107328949221172543768	0.16666666666666666	1
100817955763300677682	0.16666666666666666	1
111326252849459841758	0.16666666666666666	1
116123554028678966465	0.16666666666666666	2
104401637908742572060	0.16666666666666666	2
117860386411463323543	0.16666666666666666	2
115369122894135683613	0.16666666666666666	1
104397588350873662610	0.16666666666666666	1
111758470838288232643	0.16666666666666666	1
107826059696278341352	0.16666666666666666	1
105231704254423883185	0.16666666666666666	1
108975692760604949169	0.16666666666666666	1
111768330249269096004	0.16666666666666666	1
106954742823872170302	0.16666666666666666	1
106304164904054835645	0.16666666666666666	1
109034285321961491041	0.16666666666666666	2
111525232773075792188	0.16666666666666666	1
112073302439444321863	0.16666666666666666	1
114055975301837030490	0.16666666666666666	2
100100614753096661746	0.16666666666666666	1
107940613488592745009	0.16666666666666666	1
110323990716948783431	0.16666666666666666	1
118121768117852811734	0.16666666666666666	2
101625444369731728245	0.16666666666666666	1
116615491576308487960	0.16666666666666666	1
112210897255741000903	0.16666666666666666	1
114193315116714686895	0.16666666666666666	1
105959547924565834291	0.16666666666666666	1
103642201421648649447	0.16666666666666666	2
106179368859936038219	0.16666666666666666	1
114173056809926465824	0.16666666666666666	1
115765876851831310364	0.16666666666666666	1
102102223756314820419	0.16666666666666666	1
118270038016169755776	0.16666666666666666	1
106154493978299996445	0.16666666666666666	1
106981109992478346191	0.16666666666666666	1
107905086010096344772	0.16666666666666666	2
100114547119996544267	0.16666666666666666	1
106372800511710859472	0.16666666666666666	1
117075311027610918011	0.16666666666666666	1
102509001585800157651	0.16666666666666666	1
114403147565190796612	0.16666666666666666	2
114402490242284629403	0.16666666666666666	1
108468170377662607738	0.16666666666666666	2
111531011712549890791	0.16666666666666666	1
106228584043531639037	0.16666666666666666	2
113490799793683194617	0.16666666666666666	1
116792953962445337353	0.16666666666666666	2
111897691486538435302	0.16666666666666666	1
111391040357017937906	0.16666666666666666	2
107974134952006452419	0.16666666666666666	1
114081857853799789185	0.16666666666666666	1
108499741559485802252	0.16666666666666666	2
104017765642968862165	0.16666666666666666	1
104287251281519615992	0.16666666666666666	1
116732850440342660490	0.16666666666666666	2
111431694377519332046	0.16666666666666666	1
102812690971906116539	0.16666666666666666	1
117648800824743913283	0.16666666666666666	1
101202949734684003209	0.16666666666666666	1
114060794355764571920	0.16666666666666666	2
107176187762950205111	0.16666666666666666	1
107555178671950988150	0.16666666666666666	1
112674554404242235193	0.16666666666666666	2
112759714536392308749	0.16666666666666666	2
102255566520804412823	0.16666666666666666	1
111038832686466087211	0.16666666666666666	2
104186160949097350139	0.16666666666666666	1
116350128743152060882	0.16666666666666666	1
113637792123391868162	0.16666666666666666	1
114227430583606585797	0.16666666666666666	1
105317723713400291375	0.16666666666666666	1
102448179940316644422	0.16666666666666666	1
108601618818064050398	0.16666666666666666	1
108400504672860997162	0.16666666666666666	1
108171260465806644051	0.16666666666666666	1
107330958066873658316	0.16666666666666666	1
101866076427946661705	0.16666666666666666	2
111229489654355690166	0.16666666666666666	1
104473677900741868966	0.16666666666666666	1
112704889970371015840	0.16666666666666666	1
100228406183630891007	0.16666666666666666	1
113975286577588464847	0.16666666666666666	2
112190617751214940106	0.14285714285714285	2
107264515902167457136	0.14285714285714285	1
101958740448590546857	0.14285714285714285	1
118138558441870375270	0.14285714285714285	2
112506797422843826711	0.14285714285714285	1
117800029510621229943	0.14285714285714285	2
104977949783765742469	0.14285714285714285	1
101792139084804240303	0.14285714285714285	2
118322963971277009177	0.14285714285714285	2
102582229235265467948	0.14285714285714285	2
104454001057872545582	0.14285714285714285	1
118110344205847965889	0.125	1
115392024919863677890	0.125	1
118181663009766664138	0	2
104081052260915687825	0	1
117563384238262334707	0	2
109220060006128553211	0	1
116631329713205553508	0	2
107066609145001672622	0	2
113406825594571237890	0	2
109895887909967698705	0	2
113077617428722440432	0	1
113186623583029971455	0	2
111097102522228662594	0	1
108527329601014444443	0	2
102518571087840972824	0	2
113107253403679023320	0	2
107123713400808531788	0	2
116463032252840790333	0	2
106707514132916159638	0	1
109187026428012507334	0	1
104279107049574225556	0	2
107119940474246316259	0	1
103765013042311928518	0	2
101700774683735545259	0	1
114113548769113967997	0	2
103522218014529209421	0	2
114536133164105123829	0	2
112613093816315021818	0	2
110036682383342142442	0	1
103468365043418765379	0	1
113117251731252114390	0	1
115961021629090154025	0	1
109667384864782087641	0	1
105514142573871707546	0	2
112314395542822752573	0	1
102409541521880756024	0	1
115239440745127890908	0	1
114153859732710523651	0	2
112965608024184180683	0	1
107771181372242547518	0	1
109662269900869013381	0	1
103579304160477212496	0	1
115811608074199996286	0	1
113654461547690050667	0	1
106359487807208915036	0	1
108266781071396472578	0	1
117748891678858207829	0	1
104027218792812194992	0	1
113464569897311842405	0	1
110513304172301520239	0	1
108347134468694009774	0	2
114634469290344215480	0	1
114045800510530461940	0	2
111003556598334391541	0	1
111262146038004038186	0	1
117513232055994920961	0	1
103761326311610249621	0	1
108152252385291870699	0	2
115866542052252108031	0	2
113899310637703974412	0	1
109915901462911322532	0	1
116863730677849618682	0	2
114703714445331612880	0	1
115956363612512643809	0	1
115635783790203857600	0	1
111510419822971040815	0	1
117505387605931276305	0	1
105873814765821560444	0	2
100651621769656849775	0	2
106249472210497728429	0	2
114236228573010297253	0	1
102522790344277499713	0	1
104757052778416167960	0	2
105626925721558847542	0	1
103950094023645163151	0	2
106711803105103787711	0	1
105613252741181373599	0	1
102616149286682191474	0	1
104770776614693816879	0	1
117429320390907645600	0	1
110544037180447481256	0	1
112798516308771746920	0	1
109514475488698891798	0	1
105248358908992136650	0	1
109445694594960760956	0	2
108112557629934458248	0	2
103694380365597972001	0	3
114979733565079457374	0	2
103561651335947774764	0	1
103200491340117663153	0	1
104359568476968412848	0	1
116369071500456395369	0	1
108439032486286528947	0	1
115857447698995870356	0	2
106403647147375152923	0	1
105875140491203787369	0	1
116944634206258122974	0	1
104486088524980775787	0	1
112750091316252656625	0	1
106526737947007406923	0	1
111413155182039517335	0	1
113864703042782812265	0	1
113544226688149802325	0	1
107876615810858105870	0	1
117951052831974893962	0	2
112837439401580368562	0	1
105767106146604047284	0	2
109876915588291208505	0	1
104560124403688998123	0	1
115712956701502499789	0	1
106073502505833617615	0	2
105547060999578080024	0	2
107408720924877751027	0	2
112516512312962070044	0	1
117802718819084454042	0	1
116197193480724162859	0	1
117198316664830078863	0	2
103226907226789753873	0	1
104018794579181726500	0	1
107828564012543852080	0	2
102117093789730100872	0	1
107013418740229269209	0	1
107148487955439180907	0	2
106176762220398854458	0	1
107784212140893392732	0	1
113097851206100618060	0	2
100679131071077043250	0	1
102349305007676725479	0	1
109507653225799908921	0	1
111577466514119212961	0	1
107707592416977920764	0	1
108924136210249299218	0	1
108108273511881005173	0	1
101811340813117737931	0	2
110342840788640082538	0	1
116616473522216111363	0	1
100232037165721443512	0	2
111658704299574083731	0	1
104548627795526843775	0	1
100048100630151349283	0	2
103899043917116388673	0	1
105682917929029880806	0	1
110286587261352351537	0	2
107252020925742571252	0	1
104131145417492243218	0	1
107542632252660344559	0	1
115726547290844905726	0	2
108705293437552657507	0	1
104102743248207705784	0	2
116008246625614132322	0	1
111728103787839549066	0	2
107490430589154581764	0	1
115471815788264818704	0	1
105607680428558991633	0	2
110054750107833929512	0	1
108865224681518296173	0	1
109682939969680363210	0	2
113096993341203159664	0	2
115614791007645952267	0	2
107902791674095682080	0	1
113977984500465768287	0	2
111838196581764013350	0	2
106024681950970629882	0	1
103911607910068922429	0	1
107898163387836028563	0	1
114473231994088532994	0	1
107028157462218372820	0	1
100605864222557374608	0	1
114300712185217966793	0	3
113400351102255476238	0	1
106189723444098348646	0	1
102533732658641069172	0	2
115268672807060917339	0	2
103719067712188912978	0	2
103856102573349408385	0	2
109031486518632696635	0	1
112957708071337353347	0	1
108176814619778619437	0	1
108099300904077351421	0	1
103784452522248646050	0	1
111962077049890418486	0	1
118208834515255752193	0	2
102377882249382281108	0	1
111973012122832065397	0	1
109776541085987843977	0	1
117285792439228987098	0	1
111547927690852844537	0	2
102366211018261594737	0	2
115143234371607892983	0	1
109533441517984298838	0	2
101102096251405670356	0	1
115168269212597481080	0	1
116254680175588639092	0	1
117810106310947715861	0	1
106584804509217004928	0	2
108583368340157326167	0	1
113027287369712034675	0	1
117067505912481989546	0	1
105779560824580764120	0	1
112999005004480372636	0	1
101670009911923895945	0	2
106533767817816079660	0	1
116354326277822099288	0	1
108584805279585306962	0	2
104112700502285331526	0	2
107187153594681959817	0	2
100116473887833523552	0	2
113564907805644842158	0	1
111499016778755078481	0	1
104316443417435189825	0	1
103875258484706784219	0	1
100265015853088393773	0	1
111562638514922412630	0	1
117044063697470262714	0	2
105186369823013844219	0	1
107494834634231938072	0	2
112063946124358686266	0	1
103481047858421470011	0	1
115409439975765947523	0	1
112401605196934673030	0	1
111294901335901191983	0	2
107045798567989999839	0	2
107035720198214616001	0	1
116411437512689977320	0	1
101417191791743464820	0	1
115851550445020159565	0	1
116444778202433288162	0	1
112027643833060705750	0	1
105336425684208963598	0	2
110592217550794732321	0	1
105207019008484856545	0	2
114424163811716070551	0	1
115121110877145330939	0	2
109190431871003220964	0	2
116614862994407732902	0	1
115533706038046529764	0	2
100519732800711456724	0	1
107874114351340563166	0	2
105694930790909515613	0	2
101155443773705571285	0	1
103586615087663445665	0	1
112617127041903537004	0	1
102041263530569114934	0	1
111759924371065234455	0	2
118029848541356213863	0	1
105434340493779534137	0	2
110916458088472856020	0	2
117728611187295597769	0	1
114814212106593672891	0	1
116555083386520176296	0	2
112754494243408214081	0	2
103185384324074915717	0	1
101012074427509537656	0	1
115304232819929344853	0	1
103243515693467499824	0	2
114247253917905334162	0	1
103241530056391928179	0	1
117792189310959289113	0	2
102370347732140106252	0	1
116578912732054998959	0	2
106567570642614609073	0	1
116610527104514904972	0	2
110806949181190360839	0	2
105786329165387175660	0	1
113621734687034433968	0	1
118068221752550925627	0	1
100142397094908216555	0	1
112472063587247013272	0	1
111144451219356446211	0	1
111903264144278356023	0	1
114441717350702263925	0	1
108588076582379537686	0	2
100279438294886290330	0	1
110352049954858592591	0	1
100377493270775536948	0	1
110607854570815877398	0	1
103533326117556337218	0	1
108470801637099721956	0	1
107105348072959327741	0	1
114764567692252908296	0	2
114134834346472219368	0	1
113900916043107022029	0	2
105155765336297774634	0	1
106313493644744559056	0	1
114795537169242510846	0	2
108907552935332685211	0	1
112669442975277292500	0	2
109434165458814281051	0	2
113012020626169688172	0	2
106144537664449988421	0	1
104282453580753584553	0	2
103902837507333573775	0	2
102873175118305865375	0	1
109281854067461962011	0	1
103429023798900894292	0	1
100989405473280437703	0	1
101145980349117737014	0	1
102920063140431683002	0	1
106133480923323663427	0	1
110283364604261253002	0	1
101059049290567215584	0	1
110023904208758175742	0	1
109017328710054242431	0	2
104527974589315823035	0	1
107490600889040777735	0	2
104890487021758829568	0	1
107645386414896538486	0	1
111737932039524866299	0	1
118351515323229708433	0	1
103855721758679327070	0	2
113216425001363110392	0	1
102445489004362587184	0	1
112494544479863943285	0	3
114820480752300993890	0	2
116992221479414639679	0	2
107120385844936556531	0	2
105489065160959389675	0	1
104522833443181754677	0	2
102530873327833368994	0	1
102075502307857613322	0	1
115527615316927235156	0	2
104045511944341391917	0	1
116524473777969007095	0	1
114391345252268389899	0	2
105366470677983879898	0	1
118298912952607658547	0	2
107400386031872110984	0	2
100068145730356623940	0	2
116182046833529036082	0	1
109808157704804887611	0	2
118003287649152469215	0	1
104108328330202120315	0	1
117603418437094018321	0	1
102244951306551931568	0	1
118299105562868232997	0	1
104736695734486586668	0	2
109331277868417982438	0	1
115175345058960993404	0	1
101423581602122657410	0	2
111021002113667196653	0	1
108904607472189043979	0	2
102395595309152991665	0	1
104962347070667053810	0	2
112422638382072847469	0	1
108096298177137829845	0	3
104311032134352915327	0	1
107044690704214257099	0	1
111983961140937248134	0	2
118320665823821681206	0	1
103538942691203710897	0	3
108139015191701664219	0	2
114283083537558532185	0	1
105426307125970041077	0	1
115646954837602304275	0	1
105046530334806680420	0	1
101208065136775906849	0	1
105154742959494310959	0	1
106935889289965251002	0	1
115883675231924152819	0	2
105530236609060376707	0	1
113610325056413067617	0	2
108384201920217141722	0	1
113317784690313904082	0	1
102604554618567108175	0	1
117956590044275496493	0	1
110738178351405818606	0	2
108986637383395556234	0	1
112194378486168016853	0	2
115755165932700408992	0	1
116293310171313567533	0	2
110136818693267034218	0	1
113165622704612371637	0	2
112366735963271550830	0	2
118410561187712650120	0	1
114618043230336563405	0	2
116327188588817772714	0	1
102393079978161767132	0	1
116416802056155856242	0	1
114245534338887342709	0	1
102201730297163547767	0	1
106983800549406471589	0	1
106120339174989120480	0	2
110508446117310549309	0	1
113271696737383211339	0	1
105048301788407678241	0	2
108019033324839035992	0	2
105724947353051295027	0	1
101607387981755680102	0	2
109740230946554980921	0	2
111805628925604418976	0	1
110661387351953042303	0	1
100141897495287992412	0	1
105013324302057228724	0	2
110292076036271913623	0	1
115039844663765920471	0	2
112236344213897425331	0	1
113091098413029716098	0	1
110584481927562150689	0	1
110016991487233331139	0	1
103423896242493726696	0	1
105222378662128673453	0	1
103685740157136493702	0	1
103115473754659376168	0	1
109901332639702690169	0	1
106110392408709376416	0	1
111318868687919410142	0	1
108061108874226292892	0	1
105568760052131786383	0	2
117861338670157326726	0	1
103984263629438381785	0	2
101348397943983026449	0	1
114927294217645926989	0	1
110277817841129323109	0	1
105557455807840102230	0	2
117461136321424092290	0	2
105228323457033543279	0	1
101732559467217160653	0	2
108468468371661436900	0	1
114801877818306839095	0	1
111688197519928269585	0	2
113381483153888636532	0	2
105813701068511899418	0	1
110507996978242488651	0	1
107850149206648612691	0	3
109083209902337691886	0	1
108862391031743001286	0	1
106443907091700441804	0	2
111587319385064085440	0	1
116056482297838775754	0	2
103074474198131988698	0	2
103878892760050193072	0	2
113042334587840968084	0	2
105298519448418630579	0	1
106237697616959334118	0	2
113805478630918777008	0	2
116576168813389390769	0	2
100333484253202784751	0	2
109147614746022635692	0	1
109119015681237256468	0	1
107317834415489961554	0	2
101466381868120571637	0	2
101771916460193142362	0	1
110486517623939606418	0	1
116974033728914311325	0	1
112528443699803395789	0	1
110889597904569758528	0	2
109799158691725472251	0	1
114715648897856324518	0	1
106501988136092543170	0	1
107234826207633309420	0	1
111267975895881595717	0	2
107982618909749811163	0	2
100482942881898107570	0	1
108189481625587435470	0	1
115163657769014504396	0	2
106488755491766193480	0	1
112050047245724905079	0	2
115910676552586250784	0	1
104487223275138277820	0	1
106738570823745562395	0	1
109876318275533969777	0	2
115653514828963071973	0	1
112130961481629219718	0	2
100295373702562394797	0	1
101365568654452259113	0	1
102528718122061029071	0	1
116935226633911874035	0	1
110042512432413772727	0	2
107929058219244229246	0	2
113601769879623116416	0	1
117420902843114332382	0	2
115571998474046088312	0	2
103482597835543369404	0	1
106467956464026331029	0	1
107900861759751633571	0	1
115434983719594973874	0	1
106086121009771648314	0	1
107320707083441450612	0	1
104241567849916091297	0	2
101868406348246164998	0	1
108050756890454701120	0	2
100013234150524277230	0	1
115105647022907007398	0	2
115770994163143043771	0	2
109466379342611092338	0	2
114231305708772868829	0	1
115087934048348184516	0	2
117514464753153422778	0	1
113625462103500841369	0	2
117531394329400291428	0	2
101629211371073711149	0	1
115834709756311067894	0	1
116272678334257287914	0	1
114338420656089286567	0	1
101127986898473915473	0	1
104150339468674665683	0	2
104018409979015812249	0	3
110304553261974904093	0	2
108370572392474482357	0	2
114195458404542931606	0	1
115764703235974885109	0	1
118359984080122421385	0	2
103847233025626346610	0	1
117977048706833677185	0	1
109960739367065180670	0	1
112546953300159727405	0	1
102776946801529938816	0	2
106199115696314194214	0	2
107909926350520444591	0	1
111871631287568703355	0	1
106065832799617372150	0	1
100234866328923609404	0	1
117733415952407247601	0	2
114428401458138152037	0	1
106245708073909716431	0	1
108155601641892969907	0	2
100580203868390239075	0	1
112104018110702208083	0	1
107569192741718175146	0	2
113111731715139693250	0	1
118130821798863756144	0	2
111988916680313318873	0	2
112998749243338946843	0	2
103301136819033869558	0	2
106519863471544313040	0	2
109709900240523274422	0	2
115647033908194984232	0	1
106327011702418086602	0	2
112732938301956933096	0	2
104171708212333317658	0	1
101653113390846615049	0	1
100188557028585168265	0	2
102225207181125422398	0	1
102936041566944563648	0	1
111997515499788405250	0	1
112033282161498094504	0	2
103567675444540504278	0	1
107978729551226072066	0	1
117059593834355077199	0	1
100736513308111936429	0	1
104513612772021842037	0	2
116935304621714844901	0	3
115209488640908180409	0	1
103392981212815914591	0	2
108643489696799455633	0	1
113687916808174552540	0	1
115396639452469509832	0	1
101726325014720468688	0	1
105167657448375010036	0	1
105859683469737001953	0	2
105228937789154416960	0	1
102251274722340392495	0	1
114468593663912084118	0	1
106698517568449400190	0	1
111341805070244323186	0	2
104746530192334374233	0	1
108487293502568686632	0	1
113168457712154458116	0	1
115595232870915667505	0	2
118021675828732821545	0	1
114144561369449816821	0	1
109657624862688852375	0	1
113391394505904411092	0	1
112292414198276054098	0	2
102420807080086585113	0	1
103838296886567465457	0	2
107195785390523141157	0	3
114125059648511830046	0	1
104061697717408696407	0	1
108100019377056591982	0	2
105809055044456717985	0	1
112369916221417513808	0	1
100904213865310355954	0	1
118104384235573316214	0	1
100353683506226276281	0	1
113104944605785201866	0	1
113074074636564187023	0	1
101423842955540149014	0	1
102669161318133687366	0	1
106534614709047283662	0	2
114740065797706390431	0	2
106539835304510344813	0	2
112671613807103204042	0	2
118337792374870658609	0	1
108254994768513256657	0	2
108465230504446641814	0	2
104830019916494620908	0	1
101465115988730184640	0	2
100879115281181648565	0	1
107538503004482952974	0	1
106402850684051126748	0	2
115574618126479084852	0	2
105690511127786150599	0	2
108184823388212202257	0	1
102014391248547761203	0	2
108535448549242532531	0	2
102731606747318591889	0	1
107886000936201742296	0	2
108448590957913306026	0	1
110831145427311371794	0	2
107528636311068687610	0	2
105471005522417570192	0	1
108232208525548602817	0	1
105888615414982242080	0	1
110514503441802354869	0	2
114951205049465295685	0	2
112022440956088651301	0	2
105495073469243590709	0	1
109420348171622152415	0	2
112692135411327690769	0	2
108707564315707223894	0	1
116246462646179586664	0	1
115895618107840963551	0	1
100132233764003563318	0	1
109432665441779765819	0	2
102819906512633210274	0	1
103333192131344312115	0	1
103182948814078915754	0	2
115017188374689068228	0	2
109161242786054443993	0	1
103614891582957065589	0	1
106756757396535914887	0	2
105979898282548414098	0	2
100565437335936094929	0	1
104836499553026434359	0	2
117915724986619644112	0	1
112670489104321717019	0	2
102943220293105257440	0	2
102963825845722550731	0	1
112776394804213099516	0	1
110488366553764231277	0	2
118306516911843051370	0	1
101336441946387245415	0	2
118307178803776218046	0	1
106099900352946839113	0	1
111174860133952172483	0	1
102285898350636700174	0	2
106515458671760087022	0	1
108799184931623330498	0	1
112326867483489579883	0	2
110286141446904173472	0	1
106115198697251921957	0	2
114370942767405686826	0	2
116259230765133123986	0	1
101585019016367783255	0	2
112203071310772913140	0	2
107585396852017903989	0	1
111919830452146731504	0	1
110194299440140726703	0	2
104741766793927154825	0	1
109014182524802241196	0	1
113740634268202160367	0	2
115875365624045799899	0	1
104934675720274942789	0	1
106465388417152903686	0	1
113128438876490646420	0	1
101016488549547001886	0	1
101683039849030383098	0	2
110151639147046516332	0	2
115366624923467413091	0	1
111459727273148077705	0	2
104312101745348855122	0	2
104238885448152096772	0	1
104315345033596295376	0	1
110391914546305008874	0	1
108065043123202343467	0	2
113815496175227038563	0	1
117200102155645191486	0	2
115315218461435159800	0	3
101894017746711407041	0	1
106427794242150037166	0	1
103637162978776725632	0	1
109794669788083578017	0	1
103634361763300054269	0	1
111385154527879695329	0	1
100401142120610537304	0	2
102761552394693219498	0	1
117144151300189136236	0	1
102294154344875880082	0	1
107355028337232760636	0	1
107697215815273852420	0	1
110115097224285661710	0	1
102340957096120356053	0	1
107354758331405644147	0	1
109397461154116413309	0	1
101693014555125876600	0	2
105677477780133875152	0	1
105182229953409625851	0	1
112418079878563125543	0	1
109892778117736265351	0	1
112352597411965977411	0	1
100487850464829001531	0	2
111083657677685307379	0	1
107503785514599474585	0	1
111776804656235545234	0	1
104753876395905947253	0	1
101291254282326702480	0	2
103949496606400838378	0	1
118050431528022904926	0	2
102068278386523520498	0	1
104537447334620653857	0	2
113740853558817252575	0	1
107195259403080639253	0	2
110701840119337188526	0	1
111731578349856195951	0	1
116979537911597592349	0	1
111918325902673991619	0	1
102467684150504816942	0	2
114861460393077823752	0	1
117847265991358523564	0	1
103909144568004626631	0	2
115143221847216992108	0	1
105950720830502945743	0	1
100519211618371091173	0	2
106687590803153376067	0	1
117279520842025668599	0	2
104570540770975204467	0	1
111563906480887254667	0	1
117840012428228798888	0	2
100940526701263911236	0	1
116531971528670748151	0	1
109898123753716458023	0	1
116564295055996424750	0	1
118179770539178787238	0	1
102974394637252417079	0	1
104657888072535219107	0	1
113175177479178802353	0	1
110455739402546920874	0	2
109130420645194541096	0	1
108273297856356387720	0	1
113507192893278588968	0	1
105935166102834353020	0	1
105638923496773907911	0	1
102378145080944205765	0	2
100484443995345359473	0	1
112137839055927639566	0	1
106605101842842927717	0	1
116875895747133156286	0	2
112906687757895917077	0	2
105927182363290830048	0	1
107032424457302103146	0	1
116733747441883235917	0	1
112920669992376030308	0	1
101892269165398528426	0	1
110647107907810818894	0	1
105165289722561068087	0	1
103650341704465638860	0	1
100194118853015427382	0	2
112502078829420977035	0	1
112609602594560475948	0	2
108092432769318357399	0	1
105754891730025301075	0	1
114143976723682735210	0	1
114632854492678778509	0	1
102913922407287533085	0	3
114977588713315013923	0	1
108884357052099541036	0	1
104234466191512918471	0	1
115512958737234042650	0	1
108358355482390234713	0	2
104364121355823657812	0	1
105905539377582135477	0	1
107452050008023353359	0	1
109355952162273917694	0	1
101395858239228243237	0	1
112556116937810165913	0	1
103435446677848757188	0	1
115319510289008923172	0	1
102152029192096670053	0	2
112880639159964317187	0	1
114180866831850234000	0	1
108508939659038303239	0	1
118335073661786584072	0	1
114065621067504569673	0	1
105076569159070683815	0	1
108927164035015492479	0	2
115444397586807741395	0	1
103282208979302705273	0	2
117958842567784242312	0	1
104882421699567397643	0	1
110365792318577502901	0	2
106915573590795484958	0	1
109311740276018716556	0	1
114875588593485801330	0	1
104382821820488735558	0	1
117351313985462821495	0	1
109414049565374366512	0	2
116114203998112257616	0	1
101222526842553529392	0	1
111782441178386081773	0	1
108601020727554262784	0	1
115679589514937555999	0	1
100802098332606875346	0	1
103846236662061752112	0	1
117849054891486676694	0	1
104950258468143128097	0	1
108633507584544945513	0	2
112827453273405701734	0	1
117916322232872228596	0	1
114131994632283189651	0	1
113132668721401210465	0	1
106542962957086407581	0	1
100629903269377636365	0	2
110051435860595155587	0	2
101689730387098811636	0	1
113055030863291439319	0	1
103975567307247319436	0	1
112649670564048859674	0	1
106111453624507666416	0	1
111622368408812273098	0	1
117428134163048344767	0	1
101479269845387136521	0	2
105727695566487851573	0	1
106823517506360530941	0	1
116775557871514808299	0	1
100049610769306013602	0	1
105519135537632329974	0	1
117826176863902571436	0	2
113982368958089067793	0	1
114072878373860296419	0	1
100382366764774139610	0	1
116829758328797782549	0	1
108656168777232096537	0	1
109578540472909919101	0	1
103852903717867040436	0	2
104311556865537605236	0	1
111679645452844346991	0	1
114583862192593121266	0	1
118225396776701735611	0	2
105342739123790797620	0	1
112172680928040739946	0	3
112282212796964740130	0	1
104221418580253174262	0	1
106718766118065294613	0	1
112588176878392233820	0	1
102718248412706647038	0	1
113447234658420269519	0	1
115484748357938980359	0	2
113105480731942026359	0	2
113413631123566181546	0	2
106414328521989895541	0	2
101660858886010338254	0	1
107643094719090292083	0	1
114745581771396366390	0	1
110350826391929431660	0	1
110158499628915826269	0	1
106399076380997287830	0	2
104611899618543810717	0	1
110632166443989932850	0	1
107473732057289412630	0	2
106052078120948632716	0	2
109362660222110029041	0	1
104981086088646961521	0	1
116613389125842379956	0	3
108489852818427311445	0	1
100511453424476281347	0	1
107477909135631364885	0	2
112743117091125287436	0	2
110762550392798675170	0	1
108251111005209506206	0	1
107388672059653159649	0	1
104724152313597071260	0	1
113196424825102961249	0	2
108066646659878953683	0	2
102169795540290746973	0	1
102114332425667858688	0	2
102888346157222378712	0	1
116789741838190791333	0	1
108378102513348176817	0	1
116115078536969885338	0	1
104306848395791590981	0	1
104867720730749049799	0	1
118167813977583063102	0	2
103207518703527409828	0	2
104795040450464723366	0	1
102756959446804538134	0	1
117667947012233397610	0	1
104840972924517477482	0	2
113204290673421023002	0	1
100532748295806038875	0	1
100525320383714622251	0	1
108243392516508487133	0	2
106262708869206342555	0	1
106841164911581732423	0	1
100701773671820244757	0	1
106973538328811890968	0	2
117251902675428331743	0	1
102667116100238789056	0	1
100016110681991167609	0	1
106572150868318663610	0	1
116060095457534579153	0	1
108784846235947788466	0	1
114326791064426432560	0	1
107163246981593138599	0	2
114273090823159742379	0	1
116617772803215080081	0	2
107230702208791406908	0	1
107332658891069628575	0	1
106316109041761067362	0	1
100141937123352183200	0	1
102108346790988931407	0	1
105312343127569180035	0	1
100622581443877499842	0	3
109004346126963697302	0	2
100818012678771068385	0	1
103376383407191383299	0	1
102422701129148587266	0	1
112976736342054593646	0	1
106117213881073383161	0	1
113611102761876127949	0	2
112225235293699215959	0	2
