#node_label	#score	#gender
114717985894144923663	1.0	3
112981745349379640908	1.0	1
105183752598571690998	1.0	2
117096240828838962978	1.0	1
102661064435086792298	1.0	1
106933972856076071655	1.0	1
104892610309265301769	1.0	1
107082593606402385292	1.0	1
105901396167246462687	1.0	1
107303107611470093265	1.0	1
106181093290648820722	1.0	1
108720686020895552265	1.0	1
105422042637737933416	1.0	1
117200953586578010504	1.0	1
118107492974064108297	1.0	2
104351195195734725074	1.0	1
112907688372208082940	0.5	1
105029459135081881791	0.5	1
114147483140782280818	0.5	1
102277738523009646368	0.5	1
115201637703048752236	0.5	1
105028405530553879642	0.5	1
113399785752705562903	0.5	1
114896178567038559128	0.5	2
100583643768601491449	0.5	1
112437432871129430052	0.5	1
105922903554346477204	0.5	1
110351006045593232796	0.5	1
102502252352056602834	0.5	1
110855912627052487969	0.5	1
114124942936679476879	0.5	1
102847333754404980725	0.5	1
115595685535906979585	0.5	2
108914678202103108811	0.5	1
101386134866913345039	0.5	1
110097167949323324728	0.5	2
103174148753240088636	0.5	1
100677014976835983130	0.5	1
100183483443926370553	0.5	1
111635150542674847021	0.5	1
107203023379915799071	0.5	1
115585398292418640701	0.5	1
115318635105963690034	0.5	1
111749052209901260440	0.5	1
104931142412008266893	0.5	1
114562168945437357579	0.5	1
109736771317629495108	0.5	2
103274251626717875952	0.5	1
115422160411497346366	0.5	2
107889816939032412666	0.5	1
108165610406198760190	0.3333333333333333	3
115174457819914037873	0.3333333333333333	1
105719631874959534533	0.3333333333333333	1
102449949858490990934	0.3333333333333333	1
107870240225843632731	0.3333333333333333	1
110229483536215858312	0.3333333333333333	1
117762029163958807280	0.3333333333333333	1
115958398724943172938	0.3333333333333333	1
117337958158952242811	0.3333333333333333	2
103264790291097439760	0.3333333333333333	1
104131296406196169192	0.3333333333333333	1
115175122097563306340	0.3333333333333333	2
101219011473929582951	0.3333333333333333	1
116254637170132231766	0.3333333333333333	1
103864209986771135372	0.3333333333333333	1
113983863075069397753	0.3333333333333333	1
109717575157128771241	0.3333333333333333	1
109711695279713073079	0.3333333333333333	1
109780189924636226927	0.3333333333333333	2
111980798935032726700	0.3333333333333333	1
110934984758289532394	0.3333333333333333	2
115497159464714580796	0.3333333333333333	1
110697387901189299664	0.3333333333333333	1
101683110797134764736	0.3333333333333333	1
115938648914268804586	0.3333333333333333	1
103274064524957433652	0.3333333333333333	1
102230422889397091568	0.3333333333333333	1
111802118519275235212	0.3333333333333333	2
108703297958869540649	0.3333333333333333	2
107206538097288220274	0.3333333333333333	1
108740570618849247850	0.3333333333333333	2
117716997632526602461	0.3333333333333333	2
112076499418231280459	0.3333333333333333	1
106792955546456688007	0.3333333333333333	1
107155666869509300116	0.3333333333333333	2
118301801570268856235	0.3333333333333333	1
101995834967238906264	0.3333333333333333	2
101429865783875016809	0.3333333333333333	2
113549320155045288608	0.3333333333333333	1
104013835962992611989	0.3333333333333333	1
111433245253472835474	0.3333333333333333	1
109410878385939067590	0.3333333333333333	2
106439042524416914269	0.3333333333333333	3
107737773691786329649	0.3333333333333333	1
101010252943098026073	0.3333333333333333	1
111453457332332024748	0.3333333333333333	1
109710815417568411564	0.3333333333333333	1
108397294034481595594	0.3333333333333333	1
114087464031395217842	0.3333333333333333	1
117052107038197839303	0.3333333333333333	2
113965638147334566849	0.3333333333333333	1
104651858239149478872	0.3333333333333333	2
112936634323714765964	0.3333333333333333	1
113438256900303213931	0.3333333333333333	1
110886445140146737204	0.3333333333333333	1
116781687747998981985	0.3333333333333333	1
112336147904981294875	0.3333333333333333	1
100146646232137568790	0.3333333333333333	1
103558952180479822505	0.3333333333333333	2
103796259810847114775	0.3333333333333333	1
108198048893947379069	0.3333333333333333	1
111972311379491101006	0.3333333333333333	1
118112346708818508960	0.3333333333333333	1
114476892281222708332	0.3333333333333333	1
113684228229434604484	0.3333333333333333	1
116267384604818495277	0.3333333333333333	1
114056084994793924628	0.3333333333333333	1
101733566879407210511	0.3333333333333333	1
108208027022579038018	0.3333333333333333	1
116062485724966472763	0.3333333333333333	1
106120892232863506345	0.3333333333333333	1
102541295037745440355	0.3333333333333333	1
104440446803771742871	0.3333333333333333	3
101849794562141574206	0.3333333333333333	1
106790394183446968954	0.3333333333333333	1
112577183136708862605	0.3333333333333333	1
104668344982243426155	0.3333333333333333	1
113798591070108205763	0.3333333333333333	1
103984595971776502972	0.3333333333333333	1
100668872320235339612	0.3333333333333333	2
116047064092724050557	0.3333333333333333	1
115100890277824311307	0.3333333333333333	2
103150328351925153314	0.3333333333333333	2
105256384500052506919	0.3333333333333333	1
115087661564758027959	0.3333333333333333	1
102504593075332983213	0.3333333333333333	1
105212710488828657464	0.3333333333333333	1
115623252983295760522	0.3333333333333333	1
109182098772480269321	0.3333333333333333	1
108797840083484244237	0.3333333333333333	1
107489144252174167638	0.3333333333333333	1
113418554594512897845	0.3333333333333333	1
114368689264732394875	0.3333333333333333	1
109177683659525760187	0.3333333333333333	2
113881433443048137993	0.3333333333333333	2
105551340581761844168	0.3333333333333333	3
117451772651046615793	0.3333333333333333	1
100130587427333595998	0.3333333333333333	1
114260004056741000645	0.3333333333333333	1
104167754717321456393	0.3333333333333333	2
111997710331187263641	0.3333333333333333	1
110815228753558444774	0.3333333333333333	1
111694424168117997300	0.3333333333333333	1
104219386206797402856	0.3333333333333333	2
101612414397809382853	0.3333333333333333	2
115855207434019427246	0.3333333333333333	1
102078098288357515431	0.3333333333333333	3
105854477836714634695	0.3333333333333333	1
104667904157447809352	0.3333333333333333	1
115211787257319267694	0.3333333333333333	2
102645204215549659944	0.3333333333333333	3
107629151324083337974	0.3333333333333333	1
101728655513552631913	0.3333333333333333	1
104143409315504439374	0.3333333333333333	1
113511279752012786991	0.3333333333333333	1
106255037188115607904	0.3333333333333333	1
115868418501746255230	0.3333333333333333	1
100361218254418836871	0.3333333333333333	1
103763319834242373359	0.3333333333333333	1
115133876689083080610	0.3333333333333333	1
105246828264278441318	0.3333333333333333	1
107629114013544384077	0.3333333333333333	2
117167807905512758321	0.3333333333333333	1
104288642732197633132	0.3333333333333333	3
116454446657397907562	0.3333333333333333	2
114630301405242981651	0.3333333333333333	1
114893401725193022038	0.3333333333333333	1
107590093667978669374	0.3333333333333333	1
109697959737050788452	0.3333333333333333	2
100560478564575980731	0.3333333333333333	1
117290184507487741287	0.3333333333333333	1
110155811430661032289	0.3333333333333333	1
104253362942769611550	0.3333333333333333	1
110701307803962595019	0.3333333333333333	1
101378754357079914665	0.3333333333333333	1
115328680248451416860	0.3333333333333333	1
114274687956791581923	0.3333333333333333	2
116473420915596249841	0.3333333333333333	2
111818863627248751353	0.3333333333333333	1
115403856867272859027	0.3333333333333333	1
107111297336598106204	0.3333333333333333	1
105970781858799199947	0.3333333333333333	1
110741625355731730721	0.3333333333333333	1
109847912981686925895	0.3333333333333333	1
111091089527727420853	0.3333333333333333	1
106772544387169323774	0.3333333333333333	1
105487854388646525021	0.3333333333333333	1
104417604089345244854	0.3333333333333333	1
118307624008421438819	0.3333333333333333	1
101924354787768199796	0.3333333333333333	1
112310894187091693005	0.3333333333333333	1
108055616386542658111	0.3333333333333333	1
110971402089598856956	0.3333333333333333	2
103226166584311556924	0.3333333333333333	1
101900299178799457829	0.3333333333333333	1
112889052955748982046	0.3333333333333333	2
100771715351072186974	0.3333333333333333	1
103850759574847404595	0.3333333333333333	1
114290133504311645409	0.3333333333333333	1
112171428470692967372	0.3333333333333333	1
103958441795544241153	0.3333333333333333	1
113664792180690237922	0.3333333333333333	1
108872243576352630928	0.3333333333333333	1
115307311703000275199	0.3333333333333333	2
101269616518480136760	0.3333333333333333	1
116962569222236871012	0.3333333333333333	1
113797508378819391794	0.3333333333333333	1
105346668550339436650	0.3333333333333333	1
102714842214560356470	0.3333333333333333	1
115142691189226836446	0.3333333333333333	1
112647962296423962879	0.3333333333333333	1
100324134371388101482	0.3333333333333333	1
105502506545735279423	0.3333333333333333	2
105329245585862825504	0.3333333333333333	1
113732134411703928267	0.3333333333333333	1
111831478459732211063	0.3333333333333333	1
112162067187975810298	0.3333333333333333	1
109736705930172082605	0.3333333333333333	2
116247667398036716276	0.3333333333333333	1
115442611789283988305	0.3333333333333333	1
114519877662741226877	0.3333333333333333	1
105713497706843136406	0.3333333333333333	1
102450773470868282893	0.3333333333333333	1
109320487754979482838	0.3333333333333333	1
107063922467380085691	0.3333333333333333	1
105645854458683725897	0.3333333333333333	1
115470071077898720170	0.3333333333333333	1
107381073695757434347	0.3333333333333333	1
102778563580121606331	0.3333333333333333	1
117215940402236438378	0.3333333333333333	2
116805285176805120365	0.3333333333333333	1
102060166181237682046	0.3333333333333333	1
100202616315945105308	0.3333333333333333	1
112724573277710080670	0.3333333333333333	2
100463344564987045291	0.3333333333333333	1
108075311007257562123	0.3333333333333333	1
113180375618328351247	0.3333333333333333	2
113603343041402440854	0.3333333333333333	1
103250644495668054075	0.3333333333333333	1
107403602702342125509	0.3333333333333333	1
114516047414042281846	0.3333333333333333	1
108358270093548194952	0.3333333333333333	3
102373191596205712937	0.3333333333333333	1
112296598942517405317	0.3333333333333333	1
118089469685569390663	0.3333333333333333	1
117929151921447138991	0.3333333333333333	2
108108574268475040130	0.3333333333333333	3
111215626086255858123	0.3333333333333333	1
108587324540492658549	0.3333333333333333	1
106728288712777899597	0.3333333333333333	2
110171339580648239267	0.3333333333333333	1
115461506006257787473	0.3333333333333333	1
116606826091575313585	0.3333333333333333	2
103028764559213933642	0.3333333333333333	1
116405291450331248481	0.3333333333333333	1
112696040957795558674	0.3333333333333333	1
110243053391500821936	0.3333333333333333	1
104846054806852679393	0.3333333333333333	1
108048325630653551776	0.3333333333333333	1
105166048882390456820	0.3333333333333333	1
109265656583416946140	0.3333333333333333	1
104887560331298294070	0.3333333333333333	1
104577357381178665210	0.3333333333333333	2
107811501771685140323	0.3333333333333333	1
115521219455065170976	0.3333333333333333	1
112039022986516057445	0.3333333333333333	1
104792719356592263558	0.3333333333333333	1
112528317799681542443	0.3333333333333333	1
103271447027451185788	0.3333333333333333	2
103072738433357468653	0.3333333333333333	1
110418686420481930075	0.3333333333333333	1
117026052320778734224	0.3333333333333333	1
103046039519355433778	0.3333333333333333	1
112215681255086037200	0.3333333333333333	2
102554407414282880001	0.3333333333333333	1
108986466058109956412	0.3333333333333333	1
115207639490096731393	0.3333333333333333	1
110143456285909533075	0.3333333333333333	2
115876747286152918130	0.3333333333333333	2
117597377503429460921	0.3333333333333333	1
111048918866742956374	0.3333333333333333	1
105356578291456290374	0.3333333333333333	1
118146622799388835070	0.3333333333333333	1
115645819756954392135	0.3333333333333333	2
104480767547823092927	0.3333333333333333	1
107377818101480999416	0.3333333333333333	1
109832314203034108326	0.3333333333333333	1
100968313568314999910	0.3333333333333333	1
112931539494181042672	0.3333333333333333	2
103959243158931939660	0.3333333333333333	1
107742567767125793693	0.3333333333333333	1
101055412573096622561	0.3333333333333333	1
107375740053185381674	0.3333333333333333	1
115780865240170367976	0.3333333333333333	1
115716197313320129640	0.3333333333333333	1
105867569923225458308	0.3333333333333333	1
111996767480396121640	0.3333333333333333	1
105198403894619168008	0.3333333333333333	1
104783416648096574686	0.3333333333333333	1
105937033414581870773	0.3333333333333333	1
117765072461117547929	0.3333333333333333	1
116668503414691251980	0.3333333333333333	1
103302530242633997946	0.3333333333333333	3
114345903275605514915	0.3333333333333333	1
108350757430887996754	0.3333333333333333	1
104686392643103451163	0.3333333333333333	1
104598010591740194105	0.3333333333333333	1
106486933038664842533	0.3333333333333333	1
108998673146368660257	0.3333333333333333	2
102773303718674098148	0.3333333333333333	2
109718346641639271496	0.3333333333333333	1
114626795934823385899	0.3333333333333333	1
103567326249602329946	0.3333333333333333	1
110454253627715621789	0.3333333333333333	1
113340344488226387361	0.3333333333333333	1
107059561399028745277	0.3333333333333333	1
114528432518230914438	0.3333333333333333	2
116193523946718816007	0.3333333333333333	1
106515636986325493284	0.3333333333333333	1
116071275946594200077	0.3333333333333333	2
114719175268015527721	0.3333333333333333	1
102476083858002705976	0.3333333333333333	1
111742075541654959004	0.3333333333333333	1
102584411590523178276	0.3333333333333333	1
100414399994342210467	0.3333333333333333	1
100893378920029863538	0.3333333333333333	1
107886274494415367890	0.3333333333333333	1
117115966619059273164	0.3333333333333333	2
105015160246822695228	0.3333333333333333	1
105318217552727882571	0.3333333333333333	1
103070524439095141575	0.3333333333333333	1
106050120470478874287	0.3333333333333333	1
114136570569803575935	0.3333333333333333	1
102854311912714900388	0.3333333333333333	1
108587790745989591245	0.3333333333333333	2
108801899952694316017	0.3333333333333333	1
107320030937966635528	0.3333333333333333	1
117054568470874619985	0.3333333333333333	1
115342280352366557071	0.3333333333333333	2
100211417694760669717	0.3333333333333333	1
114647204922189094345	0.3333333333333333	1
112761916985893714230	0.3333333333333333	3
103152505287187486368	0.3333333333333333	1
106837574755355833243	0.3333333333333333	1
108145942486053400600	0.3333333333333333	1
108941188694777739902	0.3333333333333333	1
103460569489458223929	0.3333333333333333	1
103434216481228816348	0.3333333333333333	2
103162718991011546891	0.3333333333333333	1
100715738096376666180	0.3333333333333333	1
117535606282654836281	0.3333333333333333	1
103525926202360448187	0.3333333333333333	1
111560489194537025322	0.3333333333333333	1
112541454675620557050	0.3333333333333333	1
113714992061418066417	0.3333333333333333	1
103183570053193175186	0.3333333333333333	1
101746196094367799224	0.3333333333333333	2
106658058857661151635	0.3333333333333333	1
106273142422645495807	0.3333333333333333	1
115480964182902200631	0.3333333333333333	1
102518365620075109973	0.3333333333333333	1
103855604528593517211	0.3333333333333333	1
104612445320380847872	0.3333333333333333	1
101825217033322650601	0.3333333333333333	1
116763120588566505995	0.3333333333333333	1
102634830382534419298	0.3333333333333333	1
103896075712508587022	0.3333333333333333	1
117162507282113102399	0.3333333333333333	1
104457934859971920358	0.3333333333333333	2
103896387286578142012	0.3333333333333333	1
102788829471779007841	0.3333333333333333	1
100413741456893688094	0.3333333333333333	2
114757888968042781118	0.3333333333333333	1
109147535954110669362	0.3333333333333333	1
110106586947414476573	0.3333333333333333	1
104808253889146371738	0.3333333333333333	1
112349912245938616897	0.3333333333333333	1
113373927741962628212	0.3333333333333333	2
112843152742675344622	0.3333333333333333	1
109368654259427988906	0.3333333333333333	2
114419664855330371780	0.3333333333333333	1
107534991451098430533	0.3333333333333333	1
101381148878187968086	0.3333333333333333	2
102977367737723939696	0.3333333333333333	1
116950321759899642301	0.3333333333333333	1
112896939617504834367	0.3333333333333333	1
106244331832224111960	0.3333333333333333	2
117500723574087130516	0.3333333333333333	1
111736608849847346573	0.3333333333333333	1
117829180598920486765	0.3333333333333333	1
116002124399894341816	0.3333333333333333	1
106305316991778103122	0.3333333333333333	1
100586461319763000734	0.3333333333333333	1
104742147381442837715	0.3333333333333333	1
111064279321629547930	0.3333333333333333	2
100186938589206311054	0.3333333333333333	1
105130868495263765810	0.3333333333333333	1
100466467616992542684	0.3333333333333333	1
117540919630899921229	0.3333333333333333	2
112286065502416641157	0.3333333333333333	1
106587112741556150425	0.3333333333333333	1
105391424373264658810	0.3333333333333333	1
106448934307511106762	0.3333333333333333	2
110410992998216920216	0.3333333333333333	1
103591981774863558651	0.3333333333333333	1
100892612779426154375	0.3333333333333333	1
111277240992975310905	0.3333333333333333	1
104803646263072880370	0.3333333333333333	2
118370548304204473212	0.3333333333333333	1
116043947632177598920	0.3333333333333333	1
102826652809724883705	0.3333333333333333	1
112361960952807556741	0.3333333333333333	1
115295295550060273610	0.3333333333333333	1
105740143846893263204	0.3333333333333333	1
109539438925456477515	0.3333333333333333	1
114754104484684187881	0.3333333333333333	1
113237599575891059317	0.3333333333333333	1
114088275319655825643	0.3333333333333333	1
104373181539346226769	0.3333333333333333	1
116971131390916329551	0.3333333333333333	1
111775909611846609731	0.3333333333333333	1
104873353332707777690	0.3333333333333333	1
116420525701620762245	0.3333333333333333	1
100521671383026672718	0.3333333333333333	2
103978344724076538252	0.3333333333333333	1
115440213129297896810	0.3333333333333333	1
114407290472947588380	0.3333333333333333	1
107044084667875956662	0.3333333333333333	1
112528921891703025888	0.3333333333333333	1
102145986002780362432	0.3333333333333333	1
117849971682473704960	0.3333333333333333	1
105700898291566225808	0.3333333333333333	1
107291597301180930128	0.3333333333333333	1
106944536119733342041	0.3333333333333333	1
113821933403987466320	0.3333333333333333	1
113331177868850488645	0.3333333333333333	1
106701752296864781419	0.3333333333333333	1
117225974591920797808	0.3333333333333333	1
101154595213982535813	0.3333333333333333	1
116179842297756983666	0.3333333333333333	1
117053422072948405453	0.3333333333333333	1
103797883802077039230	0.3333333333333333	2
117736945648283795362	0.3333333333333333	1
111366756187576712071	0.3333333333333333	1
116944982624744331440	0.3333333333333333	2
101694831794131960933	0.3333333333333333	1
103251633033550231172	0.3333333333333333	1
114135879980083602468	0.3333333333333333	1
103457156685416538515	0.3333333333333333	1
113016580451983768493	0.3333333333333333	2
111592404293943072920	0.3333333333333333	1
105918746253457933011	0.3333333333333333	1
115404182507723122393	0.3333333333333333	1
105442417907142774761	0.3333333333333333	1
111872227454610057635	0.3333333333333333	3
117278337457102994528	0.3333333333333333	1
114820197384656908329	0.3333333333333333	1
112056453080272511603	0.3333333333333333	1
102755880045844773888	0.3333333333333333	1
112038058725015501748	0.3333333333333333	1
105719943141175185993	0.3333333333333333	1
106109953731611718484	0.3333333333333333	1
110607746692718215864	0.3333333333333333	1
113858797523322684974	0.3333333333333333	1
109632514144033790772	0.3333333333333333	1
109742317120338281749	0.3333333333333333	1
116245027334511879223	0.3333333333333333	1
116601574636040796266	0.3333333333333333	1
113186559892569810407	0.3333333333333333	1
103941280605298395061	0.3333333333333333	1
107640279749845902491	0.3333333333333333	1
116569184895319849217	0.3333333333333333	1
102748620209105414452	0.3333333333333333	1
104170068592211388558	0.3333333333333333	1
112586901974528405463	0.3333333333333333	1
107064926525994902498	0.3333333333333333	2
107656997874085008632	0.3333333333333333	1
105335266115462753442	0.3333333333333333	1
112547381334151121538	0.3333333333333333	2
116845284714306820378	0.3333333333333333	1
100211673803221908392	0.3333333333333333	1
108838857200393297384	0.3333333333333333	1
109015555870543396832	0.3333333333333333	1
115600753033488502515	0.3333333333333333	1
101481141338187754365	0.3333333333333333	1
113471368164747388182	0.3333333333333333	2
108166744689161020191	0.3333333333333333	2
101170454445449447714	0.3333333333333333	1
115183209875959276137	0.3333333333333333	1
110725325618301496140	0.3333333333333333	1
115757777480599507677	0.3333333333333333	1
106686962638510298585	0.3333333333333333	1
111110436698004405855	0.3333333333333333	1
114162626098081113774	0.3333333333333333	2
110347702988085139054	0.3333333333333333	1
113748830533270941579	0.3333333333333333	1
113721863729738910694	0.3333333333333333	1
115899601830613537531	0.3333333333333333	1
113031562405951710827	0.3333333333333333	1
101831707056077886770	0.3333333333333333	1
104214062779909544558	0.3333333333333333	1
117942777162716030330	0.3333333333333333	2
111827733252107257638	0.3333333333333333	1
113778070398481237086	0.3333333333333333	1
104641570050091726572	0.3333333333333333	1
112510336374449688461	0.3333333333333333	1
111846187234163564368	0.3333333333333333	1
113930216320253087478	0.3333333333333333	1
108551085321959662791	0.3333333333333333	1
115556583489271055785	0.3333333333333333	2
111986370590010079319	0.3333333333333333	2
104996227746622182034	0.3333333333333333	1
100886329651298638818	0.3333333333333333	1
107379521165668126253	0.3333333333333333	1
114233674199568482864	0.25	1
101697775213251991950	0.25	2
107140884077582692033	0.25	2
107491521724720198930	0.25	2
110226084017096916822	0.25	2
109330684746468207713	0.25	1
118391348074574561641	0.25	1
105818879899761203336	0.25	1
111996409013825587891	0.25	1
114010006237314988641	0.25	1
103850326109556474629	0.25	1
107650451991930674897	0.25	2
113037175791358835936	0.25	1
107886907510593975334	0.25	1
110809308822849680310	0.25	2
110193533410016731852	0.25	1
117826637077711958172	0.25	1
115489498904281734573	0.25	1
107899204703103704505	0.25	1
105901259206530390933	0.25	2
118284599396182669786	0.25	1
112726038360301567381	0.25	1
103389452828130864950	0.25	1
111499908439497508351	0.25	1
110944993173615692737	0.25	1
115916689903804116666	0.25	1
101635774737848489225	0.25	2
113537711651274258466	0.25	1
102034052532213921839	0.25	1
106570691022224926114	0.25	1
100989412375630744487	0.25	1
117603607686759718742	0.25	1
100095245926948995335	0.25	1
101940753538647020405	0.25	1
101863305673693947212	0.25	1
105347537964295352326	0.25	1
100646334382638139241	0.25	1
102406042148418309977	0.25	1
115978949584209885559	0.25	1
107469895927414342167	0.25	1
115115679739187400203	0.25	2
110563351377427897709	0.25	1
112379773520915801562	0.25	1
114244914082871792125	0.25	1
100998972239153732516	0.25	1
116040565882702717981	0.25	1
105248484118148978714	0.25	1
104250970445890717876	0.25	1
112650348159434958899	0.25	1
113212564798246057056	0.25	1
108190746792806228802	0.25	1
116657988252926468304	0.25	2
108890400948483542545	0.25	1
105106962406858998302	0.25	1
110103641077948436261	0.25	1
106043946923794621841	0.25	1
104987932455782713675	0.25	1
103577706924716446377	0.25	2
102615863344410467759	0.25	2
102718274791889610666	0.25	1
104051069913864446196	0.25	1
109219414597340497436	0.25	1
108606631921954353972	0.25	1
116910304844117268718	0.25	1
102216887206636463918	0.25	1
111969564856274190714	0.25	1
117691391504351341685	0.25	1
107386694103447865010	0.25	2
103666208338772642159	0.25	1
108300808035400198412	0.25	1
102898672602346817738	0.25	1
104075949870616365732	0.25	1
111181389036901378787	0.25	2
115370996311184482015	0.25	1
107459220492917008623	0.25	1
101688016129563471912	0.25	1
117997508248143467215	0.25	1
108159920487426481642	0.25	1
108032623298499022371	0.25	1
116663982997041117781	0.25	1
117143425882245613158	0.25	1
103825681530404900115	0.25	1
112801309584423325711	0.25	1
103970193008335583643	0.25	1
117929763938831762914	0.25	1
107606703558161507946	0.25	1
107602882044753150398	0.25	2
100070927167992422053	0.25	1
109140277806644720261	0.25	1
117523780312701271966	0.25	1
106366615678321494423	0.25	1
113217924531763968801	0.25	1
104176937291281778869	0.25	1
109599220524260072765	0.25	2
114294757055502483384	0.25	1
100396012919342800493	0.25	1
116272870812037282078	0.25	1
118207880179234484610	0.25	2
105748801323975462511	0.25	1
101035196437264488455	0.25	1
100355701161361592492	0.25	1
104380036950579300637	0.25	1
101849747879612982297	0.25	3
113309470814122509541	0.25	1
102545157386069758709	0.25	2
113516459185906517443	0.25	1
117259934788907243749	0.25	1
102156224561092001320	0.25	1
108209879935982921111	0.25	1
116507162463328305307	0.25	1
101703900497034523246	0.25	2
117752870486619693120	0.25	1
102403331307606219198	0.25	1
101130571432010257170	0.25	1
116056645771775490363	0.25	1
112844561713780016118	0.25	1
108705174211639807508	0.25	1
110976998658855886845	0.25	1
100834378485895409468	0.25	2
118002260181077148393	0.25	1
111782011038190611298	0.25	1
111164452041690496503	0.25	1
111700516584018069412	0.25	1
113758147814858568109	0.25	1
106170917913933415474	0.25	2
102311554030427331560	0.25	1
111169963967137030210	0.25	1
103697821787469756035	0.25	1
104624794554556530604	0.25	1
101038793101119748720	0.25	1
115053287304424638334	0.25	1
105647938462595724675	0.25	1
107778250194137329028	0.25	1
115582623750221438794	0.25	1
104261567553968048744	0.25	1
100838276097451809262	0.25	1
104972713938717882861	0.25	1
114860045023837730306	0.25	1
116374117927631468606	0.25	1
113471304124122427226	0.25	1
116059998563577101552	0.25	1
101825755540666946765	0.25	1
113464984178845745585	0.25	2
114236886827225212279	0.25	1
106993790975969476239	0.25	1
114102723250769775905	0.25	1
107130354111162483072	0.25	1
110622381065734330925	0.25	2
105076678694475690385	0.25	1
116180809349156681993	0.25	1
108059096144020001716	0.25	2
104390009053213696204	0.25	1
111567061469336027617	0.25	1
104753156470151028358	0.25	1
101568956202899798139	0.25	1
118058794383720702307	0.25	2
109448162492198686266	0.25	1
116954239581842718603	0.25	2
116771592604091695757	0.25	1
109269751449809658317	0.25	1
109323071486321851462	0.25	2
107132242120485271060	0.25	1
100121771572038665942	0.25	1
103156582871250188205	0.25	1
105629715514672156567	0.25	1
101867546374604054085	0.25	1
104906919451670502090	0.25	2
107745659222961143459	0.25	3
117884007449109471406	0.25	1
117675489739512289311	0.25	1
100878371004812042212	0.25	1
117818363829980497205	0.25	1
103859341877402500482	0.25	1
111666959095947698908	0.25	1
110394599356932147330	0.25	1
111916401300231612199	0.25	1
112676929048719235214	0.25	1
117768249628956879760	0.25	1
106920059607812615730	0.25	1
113700593793351472266	0.25	1
112619745248987725486	0.25	1
107076910582545050622	0.25	2
106009620651385224281	0.25	1
117000174975734429056	0.25	1
113660174638592427229	0.25	1
100296793131660318829	0.25	1
100361625055840396896	0.25	1
117115935351005194405	0.25	2
114369704013100203178	0.25	1
105714039375338797059	0.25	1
116946125317611044339	0.25	2
103815049398062160217	0.25	1
117429013107995808644	0.25	1
117139907586011263319	0.25	2
110260043240685719403	0.25	1
107550335129662216109	0.25	1
102774783758711593873	0.25	2
105545068944703206621	0.25	1
102547866579368253132	0.25	1
106458554244835260890	0.25	1
110992897911137455300	0.25	1
114727041619948419787	0.25	1
107552965844516484621	0.25	1
106978206916832750314	0.25	2
107825733880733908135	0.25	1
104414006889440330710	0.25	1
111310990991240556038	0.25	1
113988020346430909404	0.25	1
104174037294742207726	0.25	1
107054398730220626019	0.25	1
115723497250720724489	0.25	2
105459992973975823163	0.25	2
115414977082318263605	0.25	1
118122556596388698587	0.25	2
114121633039282259855	0.25	1
100655691978877752465	0.25	2
105734935003600818916	0.25	1
103486150650858067282	0.25	1
105474322833740648426	0.25	1
114853458007065354930	0.25	1
110377574376023356069	0.25	2
107395795129791787754	0.25	2
104867148520425189911	0.25	1
115653522232867695783	0.25	1
101337662271487138024	0.25	1
103239560454875806844	0.25	1
100854202666064752024	0.25	1
100124389520659251191	0.25	1
115673881208416151793	0.25	1
105507095357499885933	0.25	1
101550491289025468863	0.25	2
110321775511217120259	0.25	1
107979724997299395580	0.25	1
108584673169889423818	0.25	1
101235095970404720691	0.25	1
107095266020248547050	0.25	1
113910139807841637853	0.25	1
115133653231679625609	0.25	1
102497722463404815827	0.25	1
113279811202875553906	0.25	1
106873156009998180082	0.25	1
112531643419637105205	0.25	1
100401683392479420272	0.25	1
106130679598095630483	0.25	1
104401121686781166984	0.25	1
115080215652229659698	0.25	1
104727718422077227100	0.25	1
106422711035746240826	0.25	1
111923555628646470907	0.25	1
117203199552198261635	0.25	2
106597407209533990026	0.25	1
108018894272664463408	0.25	2
115339576874490687346	0.25	1
102909547289727561969	0.25	1
111026850364884949433	0.25	1
103657280492137983446	0.25	2
108808857392620254086	0.25	1
110279873454260970861	0.25	1
101399160703802149352	0.25	1
118026670849189183080	0.25	1
116464718829093821248	0.25	1
108825529487671543177	0.25	2
102587573713253172524	0.25	1
105343468977483636307	0.25	1
112007787442541769026	0.25	2
104799755657866187134	0.25	1
106450354820443291649	0.25	1
109524702084450613375	0.25	1
118170059441102440825	0.25	1
115521741651649419878	0.25	1
101253571626468140515	0.25	1
105355997250151938253	0.25	1
118353488536906108198	0.25	1
107839883172084901808	0.25	3
106825380824049953987	0.25	2
112916206003391859651	0.25	1
114823329938030546555	0.25	1
107714711613847705349	0.25	2
102551492162357281309	0.25	1
104605946488794124557	0.25	1
100429564727464307274	0.25	2
110697619558403684583	0.25	1
112658633592720298303	0.25	1
116060438179787966184	0.25	1
106834255444857094594	0.25	1
116815556908248220861	0.25	1
103585495295278181531	0.25	1
106119964731604142156	0.25	1
117034621445456148171	0.25	1
107950851093654625603	0.25	1
115185449105972818666	0.25	1
111295730254030482311	0.25	1
115407184179295920691	0.25	1
108240851375674070640	0.25	1
105964628633957244534	0.25	1
109735868860370294405	0.25	1
103970721692220852299	0.25	1
103787287068410181622	0.25	2
103667678270324179713	0.25	1
103006618161617951635	0.25	1
115442891169854403975	0.25	1
117711114332630815860	0.25	2
114964201643447496656	0.25	1
106241782355465437457	0.25	1
117239269999988989998	0.25	1
109325568794080123329	0.25	2
104738073428108177599	0.25	1
117004257332029851484	0.25	2
103871719440568585295	0.25	1
103030116155431184588	0.25	1
114786794106113206036	0.25	1
118118349987811516739	0.25	1
104105731492533491798	0.25	2
106770065801865229562	0.25	1
111560641158373461327	0.25	2
109278663555282462593	0.25	2
102159155440097684284	0.25	2
112263812916348440253	0.25	1
108656440360875003155	0.25	3
109050642071124284524	0.25	1
102940125102204708996	0.25	1
112336814759731870222	0.25	2
114524188020005061463	0.25	1
100151206178980470956	0.25	1
113185113831991933982	0.25	1
113949230518472826907	0.25	1
101500906458831444600	0.25	1
115838710538466135615	0.25	1
101335707221917520541	0.25	1
104120875155178024742	0.25	1
107998453022501670362	0.25	2
109046012710650953201	0.25	1
102496647196143813140	0.25	1
115390556051523508554	0.25	1
109588294336146429464	0.25	1
116164717430356367649	0.25	1
101377314432124184416	0.25	1
106269457887206277397	0.25	1
112471565622970159141	0.25	1
104461364885611490928	0.2	1
116982130536300362102	0.2	1
100258330325630692559	0.2	1
103300363750121441954	0.2	2
106111195718302652758	0.2	1
114484815067147880052	0.2	1
112353210404102902472	0.2	1
103657641753349471053	0.2	1
110240340407292084357	0.2	3
116918580596891691114	0.2	1
115078556308885759438	0.2	1
100605790658970634935	0.2	1
115514581094340921816	0.2	1
116626367309939192323	0.2	1
103261047438624958358	0.2	1
104550678234629742078	0.2	1
100849476475092522282	0.2	1
107184509883652269613	0.2	1
117110094515372104918	0.2	1
103000734287338406086	0.2	1
103266860731871773002	0.2	1
105707669582831172745	0.2	2
117203334509481251230	0.2	2
101036778970291988901	0.2	1
103398481772251769091	0.2	1
106528103954793102526	0.2	1
104789218149315172931	0.2	1
101185406398932804414	0.2	1
116452824309856782163	0.2	1
110801010428787263936	0.2	1
107984753174704567090	0.2	1
110677399908549124400	0.2	1
100472434934730699552	0.2	3
117344886427356841678	0.2	1
107410585863197912809	0.2	1
105492974704193057672	0.2	1
102352120060183298905	0.2	1
118336139840053353940	0.2	1
106141970002595541286	0.2	1
107797272029781254158	0.2	1
105741610296406100064	0.2	1
116831783688307503105	0.2	1
117740907660759169056	0.2	1
103619291449636349904	0.2	1
104671636596627928628	0.2	1
114824925744948885047	0.2	1
118057660089457605126	0.2	1
110742553099151224001	0.2	2
111658733025907167352	0.2	1
117935797319364093334	0.2	2
116014836340643816850	0.2	1
111569141043211899783	0.2	1
103348693812294029194	0.2	1
117765053522126253555	0.2	1
101113744005755058100	0.2	1
112796558204081666551	0.2	1
115112757880029561199	0.2	2
108171947541167736597	0.2	1
115275697997905403506	0.2	1
111991876596496628445	0.16666666666666666	1
113025758348628700217	0.16666666666666666	2
106623900962110772648	0.14285714285714285	1
102016851383568561562	0	1
112063946124358686266	0	1
112239631064966225716	0	1
109412257237874861202	0	1
103586615087663445665	0	1
100663135211813370970	0	1
108527329601014444443	0	2
107429025521549453511	0	1
110838250952802427542	0	1
117251401224388113104	0	1
109161242786054443993	0	1
113215976889659570939	0	1
100102136737035852528	0	1
114991304070189283747	0	1
117036888556644526115	0	2
111101593428695421603	0	1
110624703529341220926	0	1
102743031116331395818	0	1
100889510556913995048	0	1
114238825882006954970	0	1
101130656339668533532	0	1
103533326117556337218	0	1
107495401691428541405	0	1
117462592692564691028	0	2
113026104107031516488	0	1
106299908580996656271	0	1
107784212140893392732	0	1
113078788648919261909	0	2
109817307856974317275	0	1
107119940474246316259	0	1
106103398781440294311	0	1
102225207181125422398	0	1
108865224681518296173	0	1
112752392655402564129	0	1
114993327346477823088	0	1
115956363612512643809	0	1
109599454747399536554	0	1
102227800261183349957	0	1
112930960401848447323	0	2
111166154360651607868	0	2
100262595546646927505	0	2
108176814619778619437	0	1
101653113390846615049	0	1
105786329165387175660	0	1
115105647022907007398	0	2
110036682383342142442	0	1
100464702037351657177	0	1
103579304160477212496	0	1
110296643744760932945	0	1
111180649041836321237	0	1
101629211371073711149	0	1
109507653225799908921	0	1
104481732831876735107	0	1
103856102573349408385	0	2
105261364123562223617	0	1
102001774674190160714	0	1
110187337915848769989	0	1
102285954355508747800	0	3
101062235821996561929	0	1
106410923972431790652	0	1
114572384791837115892	0	1
102219475968800204884	0	3
107590607834908463472	0	1
103620559297924855944	0	3
113531415437983740096	0	2
102150693225130002912	0	1
103604193838758665134	0	1
113557798758504848008	0	1
104912958756793332975	0	1
117940797281312243002	0	1
102920063140431683002	0	1
103765013042311928518	0	2
111499016778755078481	0	1
113924351242791258573	0	2
112408773440208776137	0	1
114433945563396965066	0	1
112617127041903537004	0	1
103716847685048716973	0	1
103673601952617127321	0	3
109772678718945783868	0	1
107752922497809632157	0	1
111973012122832065397	0	1
102452280382357513402	0	1
110376543339768154444	0	1
106394731925161545873	0	1
115744399689614835150	0	1
111361201906254029328	0	1
117852671306122844730	0	2
105037104815911535953	0	1
107924824205149859178	0	1
109922199462633401279	0	1
107981077806259133968	0	1
100679131071077043250	0	1
103804287082698760845	0	1
102227063224562153954	0	2
102812289820522889148	0	2
105336425684208963598	0	2
107145922837407520091	0	1
116631329713205553508	0	2
115863824406659548103	0	2
113716387535901345607	0	1
114927294217645926989	0	1
101632638222008737981	0	1
108412267385296997400	0	2
112472063587247013272	0	1
114635209083263014668	0	1
112042761169587640425	0	1
103269978311167939827	0	2
102307008290001893965	0	1
114682714977718338586	0	2
111051039748078110427	0	1
101145980349117737014	0	1
102251766629138634463	0	1
100736094401428282681	0	1
109074857816744029470	0	1
107057936041169873674	0	1
104384618198413714249	0	1
109931720898576608083	0	1
111832530347449196055	0	1
118406947175698431098	0	1
104304812570369572837	0	1
102349305007676725479	0	1
113089996646628106127	0	1
109022523720071680484	0	1
107756791277034290856	0	2
103429767916333774260	0	1
112614367259340988369	0	1
107863237205220284140	0	1
109499108418188468067	0	1
117163665721006562027	0	1
107044550151209703496	0	1
117804036587685325842	0	1
110727249496967897430	0	1
104548627795526843775	0	1
117951052831974893962	0	2
102107147806939041278	0	1
116984612302308681106	0	1
117255559113742613530	0	1
106506966828595242496	0	1
114617516732238057698	0	1
103293516438378653921	0	1
103061432975121007243	0	1
103899832003470061005	0	1
110780321199044076338	0	1
112756365208572318325	0	1
101704103161442695877	0	1
112498931976929630657	0	2
101773246949608471920	0	1
107968787521028284191	0	2
114907254818162267650	0	2
118357857877008485081	0	1
113641248237520845183	0	1
117210887112719798840	0	2
109220060006128553211	0	1
106835948809045250521	0	1
105228323457033543279	0	1
116484041261261475251	0	1
110255737428907780217	0	1
101935995649723391317	0	1
117350989957881101918	0	1
115130760540851771472	0	1
108226855236374517862	0	1
107989370857115020482	0	1
113117251731252114390	0	1
105480295462837024301	0	1
117091380454742934025	0	1
113895942978964425455	0	1
110261827863218543862	0	1
116418692031038827114	0	1
110230281306766498092	0	2
117608739020419875973	0	1
112413860260589530492	0	1
114723964985237592593	0	1
110304595006233532529	0	1
107538503004482952974	0	1
115686903235135444192	0	1
101988524032513457125	0	1
116474393793766888715	0	3
116438435746300356393	0	2
101124033896066033535	0	1
106779512870994415471	0	1
100202609332472891769	0	1
103097764320602190090	0	1
106884513470570830191	0	1
104223609134701300452	0	2
103046205364039460215	0	1
105525365446685412412	0	1
108953118069869484329	0	1
110398494822624962970	0	1
104192008501436536872	0	1
102524008019896509925	0	2
114894373995529057283	0	1
101730297493516353944	0	1
108233028875375016776	0	1
110722354069735340937	0	1
103200491340117663153	0	1
102124054450151160717	0	2
115981891654314432186	0	1
114951153220032017716	0	1
104589242023662081749	0	1
104750506281702127581	0	1
116161263828563383494	0	1
114764567692252908296	0	2
105528442272691468186	0	1
114318197127028344684	0	1
116038350716337582317	0	1
111111598146968769323	0	1
107516764672406708263	0	1
114512262688030479795	0	1
118367654269012020954	0	1
103897220774015362696	0	2
115366624923467413091	0	1
115994982948596334892	0	2
103802223092703561248	0	2
108544008482166257714	0	2
114125059648511830046	0	1
104129971305612636060	0	1
108124428632179421383	0	1
110021329682578184313	0	1
116281832988798575818	0	1
110320731072788735045	0	1
116572860966783582399	0	1
106983800549406471589	0	1
105674592743973562501	0	1
115777169768345614675	0	1
114228869493885222559	0	2
109905754411584610340	0	1
101506536312500371776	0	1
102796099799716663504	0	1
100574779827000647658	0	1
101886706065800845176	0	1
117033421772248657862	0	1
109667384864782087641	0	1
111811097894909948082	0	1
108316366145145424476	0	1
106643056452342951222	0	2
108500909069434150838	0	1
117810117702904644755	0	1
104647458187830360418	0	2
106193907543265629876	0	1
102527264114481319906	0	2
104220541664395498712	0	1
109043745811543534107	0	1
112311565408480976089	0	1
100661648032094165691	0	1
115262846091589432854	0	1
107234826207633309420	0	1
116369071500456395369	0	1
117362177282595168386	0	1
110219327643577705724	0	2
108956626965754553511	0	1
117070702094864821192	0	1
102604554618567108175	0	1
109031486518632696635	0	1
103471112824130268800	0	2
107281742023232478718	0	1
115740425396974668440	0	1
116764082219010092642	0	2
109397461154116413309	0	1
102395545499022312322	0	1
108586778317771300452	0	1
115675748062237570841	0	1
100025536618853941891	0	1
106714664476207329610	0	1
115552172695071755339	0	1
113127984001130852454	0	1
115115358612777809094	0	1
103902609940068041030	0	2
102873175118305865375	0	1
112174039767189541081	0	1
101332365181057783867	0	2
102123493230417393789	0	1
104522995890838839665	0	1
100441405885050682977	0	1
116837402782536938643	0	1
110793216962825384177	0	1
101029794840978105260	0	1
103095786308890475164	0	2
115968081131502531917	0	1
114467165722295112110	0	1
114214725920754177299	0	1
104524133205869123138	0	1
113956034040441194202	0	2
100398130402528526959	0	1
100188557028585168265	0	2
102452603552314336305	0	1
105248358908992136650	0	1
113104553286769158393	0	1
102107115405528832585	0	2
116442488988310246884	0	2
102698568624233195241	0	2
107471393302984843642	0	1
101710708367010857932	0	1
110807482166400328009	0	1
107808951807533655192	0	1
100272572056305744950	0	1
100219691404074384850	0	1
100063318895469818177	0	1
115277904128781908300	0	1
101936719958845623120	0	2
110222379614994450966	0	2
100560195631674879616	0	1
100686326493521453376	0	2
114236566829995978427	0	1
114579585661410116649	0	1
112981078865280389196	0	1
106702324621449002266	0	1
105905610735953945567	0	1
111519204871077983993	0	2
105354532715798223299	0	2
101606040925310416308	0	1
101653756479442099558	0	1
114564049699873622546	0	1
104833275176069505168	0	2
118177166106747864591	0	1
111633725541752229957	0	2
102720066861426936837	0	1
109380443971181362791	0	1
103244539980846881500	0	1
106681243710619131520	0	1
102583849990761016900	0	1
113891304560225629299	0	1
113391394505904411092	0	1
102330806782144582562	0	3
113627120086507876211	0	2
109841036316957363917	0	2
108264998570838621572	0	1
116759124436723606036	0	1
110950901747815231876	0	2
107876615810858105870	0	1
100060924616628474778	0	1
108803110695357870995	0	1
117046588222662323028	0	2
107882780786667744572	0	1
113383813123340121401	0	1
109732393861737158427	0	1
109185675918075142270	0	1
108018149137861213392	0	1
109667890964357276732	0	1
116312267920172123344	0	1
106209295280626219515	0	1
106559771907547372088	0	1
106561588036064106205	0	1
110280886606383204066	0	2
109812501037559143128	0	2
100494839232115012981	0	1
113681534576549611571	0	1
110201827593678115885	0	1
103636214904400746295	0	2
109130420645194541096	0	1
115664435152899158263	0	1
115150531511174462474	0	2
104591215278145338745	0	1
108269142873012461440	0	1
108694322269563399860	0	1
113156747246678129168	0	1
102893093768177858702	0	1
111236051760440036087	0	1
109830558164732334015	0	1
103748618863029383604	0	1
113472184832544483745	0	1
107742068186422614716	0	2
112004253446956844416	0	1
114124955910091245721	0	1
100906247084442837696	0	2
109010889495678536605	0	1
100523810376335283165	0	2
113011343505957749444	0	1
102259240553772717890	0	1
110681302259079979753	0	1
105020503671181573352	0	1
104828669749862517793	0	1
107890931033625636870	0	1
112604719502115782383	0	1
103096391434062438097	0	2
101157648098648077717	0	1
113796224480014510335	0	1
110625777586806023955	0	1
105451872353733732841	0	2
101856118924648953200	0	1
115600254781270647377	0	1
112543270340243460158	0	1
107589516274365657755	0	1
112403664204283545109	0	1
117713296107305485612	0	1
113134124755005963558	0	1
108853501738089315294	0	1
116568645918095855751	0	1
115892016102825426276	0	1
100035172340453370273	0	1
114263839225430127265	0	2
114719104604682870594	0	1
113120871704682540523	0	1
103797409565331693058	0	1
105267304503796017437	0	1
109874928161637579634	0	1
111164941283597781840	0	1
105636695715347097518	0	1
111699855306814304937	0	2
112355512917289235983	0	1
101372943523258168920	0	1
111119649076851223451	0	2
114308290265670479800	0	2
109063121480989219685	0	2
105436047900550413824	0	1
116640923223897011110	0	2
114220853146751120080	0	1
110952301528063225908	0	1
107117125552564825590	0	1
114571947302590181569	0	1
101660858886010338254	0	1
106722085589986143598	0	2
114155987718747029379	0	1
101816498461826411083	0	1
111258349379390009398	0	1
105030946815697430221	0	1
110644072888509409067	0	1
114578704341005811828	0	1
107106500560002041088	0	1
110581693083408452344	0	1
104703109675446407948	0	1
109325518935169286094	0	1
107737400023695101758	0	1
107304794162956058165	0	1
104442668221155613657	0	1
106344592463334387069	0	1
105279232337138340177	0	2
108102837284519006198	0	2
110712282995092828323	0	1
105215558081743373534	0	1
112071373526623040439	0	1
100263249117708870821	0	1
113209557206780066941	0	1
105025452481231203230	0	1
112706552108711585036	0	1
114650535663975026769	0	1
102766904556056700930	0	1
111993661472574004348	0	2
105872806106213007611	0	1
100235333671543015371	0	1
103114072608881385814	0	1
112732938301956933096	0	2
114952391973962435242	0	1
107841479239608385080	0	1
104843347600101507815	0	1
102656980175402722450	0	1
104131350986046279036	0	1
106799163953157740237	0	1
117365976800624936798	0	2
103091843552397054820	0	1
106493666402462241578	0	1
105212333358458620744	0	1
117794542369946365864	0	1
113143203855389025652	0	1
112721658936181743681	0	1
114057121210807129507	0	1
102710020360655102699	0	1
114101264413335205310	0	1
113988526451652063575	0	1
118102862690539596548	0	1
115698703671498895336	0	1
100541293230400861965	0	1
110490228668720918395	0	1
116517262330390477412	0	1
103486488315839819112	0	1
110137875491017271312	0	1
117281036949330216542	0	1
107542431097601607488	0	1
109400660064295071132	0	1
100099882805448775215	0	2
103735407912053721285	0	1
108702808435481356593	0	1
116172991099432347120	0	1
108851957242763578214	0	1
108795359036189709247	0	1
104551001409329971286	0	1
108576950625288563489	0	1
113473968545851626374	0	1
100348279060609370827	0	2
110443495953340772858	0	1
108257742736725504517	0	1
113977605652167105821	0	1
104368926854947907098	0	1
110731734730770864535	0	1
116863815199197314179	0	1
100694700221151195727	0	1
111469838964214304091	0	1
103117803975093534822	0	1
104860028119852498595	0	2
111160835795977664253	0	1
105249638165168674221	0	2
113037548646748647745	0	2
