#node_label	#score	#gender
113036019225954870942	1.0	1
104681313125038107957	1.0	1
116556796334476935943	1.0	1
111500686749665101323	1.0	1
103059257411348767720	1.0	1
116525969499682780878	1.0	1
103130659537995939845	1.0	1
112045877744413314672	1.0	1
109034285321961491041	1.0	2
110909047716125297909	1.0	2
113021619972679856263	1.0	1
117363220521348643920	1.0	2
110811627232176206368	1.0	2
107996829699391498824	1.0	1
109660995080616613547	1.0	1
105025434378202566380	1.0	2
115559202524371755478	1.0	1
111385488356769337420	1.0	2
108552515755228777036	1.0	2
112971398814501900181	1.0	2
112396372627576579883	1.0	1
107564324721503749150	1.0	1
111523752719191677743	1.0	1
116506966851164625708	1.0	2
101615194204857435315	1.0	1
103791637203994268918	1.0	2
106493331801772993769	1.0	2
114110682354036220476	0.3333333333333333	2
103857459148999991693	0.3333333333333333	1
108389036436404903393	0.25	1
108470782772821648496	0.25	2
116867737555028725618	0.25	1
117386232350873428301	0.25	1
100584443531788315896	0.25	1
113664406921737357882	0.25	1
101990168708836845802	0.25	1
113751283404152316115	0.25	2
104380036950579300637	0.25	1
106454084759076838102	0.25	1
106775609116257959283	0.25	1
115904636983755833973	0.25	1
117388252776312694644	0.25	1
108295764867109612313	0.25	2
107174603951133855584	0.25	1
105173130154829697850	0.25	1
103440473995960818799	0.25	1
108981679893410895534	0.25	1
111873853137122484021	0.25	1
114692534205176174033	0.25	1
113440880897931183734	0.25	1
102640329553590701515	0.25	2
108894901907715020153	0.25	2
101360078055464145943	0.25	1
111189683040828587921	0.25	1
104458938478962853927	0.25	1
104857406109954440836	0.25	1
104541959256591361052	0.25	1
111091089527727420853	0.25	1
108383179285831283691	0.25	2
101869395366096983724	0.25	1
104378154756194093727	0.25	1
111439383080007025766	0.25	1
113380065907055833125	0.25	2
116825083494890429556	0.25	1
112632260187323187916	0.25	1
113330053950020592701	0.25	1
110890011478431283139	0.25	1
110101984758324108622	0.25	1
114128837647453534451	0.25	1
101005349854546472800	0.25	1
104464509525006371077	0.25	1
114772539059130770030	0.25	1
105279625231358353479	0.25	3
105318217552727882571	0.25	1
110106586947414476573	0.25	1
100771715351072186974	0.25	1
109787340448372368173	0.25	1
108655621696213706147	0.25	1
107438998639340158528	0.25	1
118301801570268856235	0.25	1
113302983750916296162	0.25	2
109447323719942836871	0.25	1
116511752882326311047	0.25	2
105489064367742025310	0.25	2
107383157816966336384	0.25	1
104380581224549491750	0.25	2
108778680297941875527	0.25	1
115844324393502999260	0.25	2
104123907374995567839	0.25	1
107899204703103704505	0.25	1
105986014243314002677	0.25	2
107649500403071557943	0.25	1
112312901875750706723	0.25	1
117434041186347435092	0.25	1
106022059623331640125	0.25	1
104905626100400792399	0.25	1
100148131753059528231	0.25	1
107511848516702489145	0.25	2
101261204276183087867	0.25	3
101248054507015265353	0.25	1
112726038360301567381	0.25	1
110655418956914034743	0.25	1
105237212888595777019	0.25	1
111287014083727990288	0.25	2
117484946558916657452	0.25	1
102373191596205712937	0.25	1
106470118056595969550	0.25	1
103245952838925212735	0.25	1
102254921263609226645	0.25	1
109807028137683843781	0.25	1
113859540036726448291	0.25	2
107101208158314368393	0.25	1
114476892281222708332	0.25	1
114056084994793924628	0.25	1
101484020753179036782	0.25	1
115289783041335985128	0.25	1
116375847890292587823	0.25	1
114515792289018687040	0.25	1
117997508248143467215	0.25	1
106674561143088442070	0.25	1
103436303979291154941	0.25	1
107379489464447013340	0.25	2
104250970445890717876	0.25	1
105785197801929483800	0.25	2
118291162655475455492	0.25	1
108850165775587855194	0.25	1
108510743547785674771	0.25	1
111718830236077991058	0.25	1
111975224012018194892	0.25	2
107289256564215101715	0.25	1
104975666058522435058	0.25	1
102455282480784055751	0.25	1
113822236762566681255	0.25	1
102991700177087923792	0.25	2
105209854925481789028	0.25	1
106831762557971378854	0.25	1
105201985828750081815	0.25	1
103344291550423412255	0.25	2
113973458554656282296	0.25	2
100194394535307018014	0.25	1
116511985008199520245	0.25	1
109718346641639271496	0.25	1
102387547306528445637	0.25	1
107475835798405892541	0.25	1
110030752161435403258	0.25	2
111720952354186227548	0.25	1
110258598415939907971	0.25	2
113920526057233976680	0.25	2
114989358912013434555	0.25	1
117950453145750849911	0.25	1
111674748486766258557	0.25	1
106719979779567208605	0.25	1
116717920049025692043	0.25	2
107248051867606623205	0.25	1
101955218540476497502	0.25	1
110656253137238747090	0.25	2
107795385644732129927	0.25	1
108273660324649677046	0.25	1
102400354088060921866	0.25	2
102191075747262958777	0.25	2
114059548727530382883	0.25	1
103861741370066605527	0.25	2
100030967570283228843	0.25	1
102113002212756244218	0.25	1
109330684746468207713	0.25	1
104147032621576433590	0.25	2
113881433443048137993	0.25	2
116497426323733343074	0.25	2
118216759969087724610	0.25	1
114229157887417365950	0.25	1
114707910756425953932	0.25	1
102864603075591269997	0.25	1
113919259608990953398	0.25	1
103274398541354707265	0.25	2
109921649185443978766	0.25	1
111058843129764709244	0.25	1
104166683851434520973	0.25	1
107985102860141845294	0.25	2
116309245143964407908	0.25	2
106096361729029699575	0.25	1
106914186897370535526	0.25	1
108398780673305961018	0.25	1
117681034834791918293	0.25	2
112444894894322397484	0.25	2
102332158572057805055	0.25	1
111554937428262475546	0.25	1
109774951215877430341	0.25	1
104577357381178665210	0.25	2
103546981939364425829	0.25	1
100200621007526336698	0.25	1
101494695494209004052	0.25	1
106035570729285450613	0.25	2
104119608064940163872	0.25	1
113456203738507213575	0.25	2
106724181552911298818	0.25	1
118007706416783694636	0.25	1
116799045993451756042	0.25	1
111192490533881933800	0.25	1
108204520910031019882	0.25	1
113808850000363608050	0.25	2
101941876824901549285	0.25	2
102313547324826858351	0.25	2
116065573422637185820	0.25	1
100730931531762511307	0.25	2
105435504866522495019	0.25	2
110847037001959950904	0.25	1
104938275395746102196	0.25	2
106909119051058200287	0.25	1
112753673795733261069	0.25	1
113465771817995839889	0.25	1
117080460060821588163	0.25	1
114149296801704936672	0.25	1
100968313568314999910	0.25	1
118060542644788469413	0.25	1
103038287804535196503	0.25	2
115530776534617554663	0.25	1
107449756441836046157	0.25	1
103011662826175289775	0.25	2
113146799877690470424	0.25	1
107708625917544129773	0.25	1
116043947632177598920	0.25	1
100390111023341951431	0.25	1
115642181881303469271	0.25	1
113776382996486725967	0.25	1
118234772739219454819	0.25	1
113524745665911089922	0.25	2
106809752496943324149	0.25	2
109904616233131659643	0.25	1
106750429545700075110	0.25	2
109328786239358436773	0.25	2
112349107353586204320	0.25	1
113097276181543898574	0.25	2
105640765558937706569	0.25	1
114128121140162546859	0.25	2
114399570243387179751	0.25	1
110971010308065250763	0.25	1
101130571432010257170	0.25	1
115403856867272859027	0.25	1
109821038180443243017	0.25	2
106660499961741445550	0.25	1
108350410094406810129	0.25	1
102233770004174020180	0.25	1
110170478425532185128	0.25	1
108423078998856224523	0.25	1
104395042020046384245	0.25	1
107404242080797040590	0.25	2
109522180282993900056	0.25	1
116331515612347682749	0.25	1
107833107845497630206	0.25	1
118147897097670149361	0.25	2
107867604773686247488	0.25	2
106756633331481645467	0.25	2
109876467727174291780	0.25	1
113443642336564150331	0.25	1
102034052532213921839	0.25	1
112801448828869860546	0.25	1
116193307049302877780	0.25	2
113469702725654003195	0.25	2
100425739170055690781	0.25	1
106455052219635361001	0.25	1
115550472568182135597	0.25	1
112965003329600470280	0.25	1
114519352081181231619	0.25	2
103958441795544241153	0.25	1
104284408884410847470	0.25	1
101261243957067319422	0.25	1
109602109099036550366	0.25	1
115329901579467138335	0.25	1
106170102981460245504	0.25	1
116867368573175665922	0.25	1
113983791999504586189	0.25	2
101869954449217888195	0.25	2
110643099305088554305	0.25	2
101895466486422136103	0.25	1
100502566205982452982	0.25	1
104699920090529948458	0.25	1
102101676458721740056	0.25	2
102649643180426809751	0.25	1
112052207145399138088	0.25	1
111750333595202636026	0.25	2
112770918706467783925	0.25	2
100227436861049512391	0.25	2
109237485747839442335	0.25	1
104041730971411982745	0.25	1
114122960748905067938	0.25	1
103519655975029093996	0.25	1
114996040064692233406	0.25	1
109117683049682245427	0.25	2
114407290472947588380	0.25	1
106206424594758074492	0.25	1
109660946159817383241	0.25	1
109085511401108649724	0.25	1
114753496995891786832	0.25	1
107308460013033893888	0.25	1
114032556613623781205	0.25	2
111557988109638065224	0.25	1
109394349516935036489	0.25	1
110859635804619214661	0.25	1
101670592154326222488	0.25	2
111048918866742956374	0.25	1
111183544898345861350	0.25	1
117189268819713435859	0.25	1
102568229143155019755	0.25	1
111994420797579856627	0.25	1
113258478883695264742	0.25	1
111151133269873073822	0.25	1
115932641572813649112	0.25	1
108408701426332023039	0.25	2
103932330401811606699	0.25	1
116594199576805510790	0.25	1
114744510189908480227	0.25	1
114860356606875556513	0.25	1
114427619140485635394	0.25	2
115993174577395791573	0.25	1
115300701195356425023	0.25	1
103102581616407808980	0.25	2
104034937425481327639	0.25	1
110322434906305176733	0.25	1
100623276740673202144	0.25	1
118249005460047214792	0.25	1
113158814439512755352	0.25	2
105042289188933106097	0.25	1
116258212891737649653	0.25	1
116947923643606285942	0.25	1
116772733228022884924	0.25	1
100904865892153488706	0.25	1
116601386475273901307	0.25	2
108894449265020302496	0.25	1
118107045405823607895	0.25	1
106703933576039947964	0.25	1
115032003955557981273	0.25	1
117757565120070816446	0.25	2
111885588616026955969	0.25	1
110423722073095835246	0.25	2
102554407414282880001	0.25	1
113704987612352192056	0.25	1
114263724985133518308	0.25	1
101360661542675321209	0.25	1
115655205216183932495	0.25	1
110334143643816920823	0.25	1
115409429955408963270	0.25	2
110897184785831382163	0.25	1
118131417301350660933	0.25	1
112297794630722539857	0.25	2
111005570197962924384	0.25	1
107484261818025698576	0.25	1
113690718328244804383	0.25	1
118241706409766112402	0.25	1
104648169261354023313	0.25	2
104405539079062799451	0.25	1
107872453590280383097	0.25	1
110945896776944314708	0.25	1
116071275946594200077	0.25	2
103333429938529668020	0.25	1
102618047349606277909	0.25	1
103271447027451185788	0.25	2
101054176287548874640	0.25	2
111835024921462866899	0.25	1
109822510295546073148	0.25	2
107489144252174167638	0.25	1
115202253827844332223	0.25	2
114514504476442464770	0.25	1
117558369671149465138	0.25	1
106992323093389636048	0.25	1
109213052653037315302	0.25	2
105426743019195604827	0.25	1
101035196437264488455	0.25	1
105847135584609743035	0.25	2
103585977613029983766	0.25	1
100171160323617338451	0.25	1
103092754229817039243	0.25	1
107798867186542046341	0.25	1
102186518031725378922	0.25	1
116061200364887079730	0.25	1
115644063183821773031	0.25	1
107888459787818841785	0.25	1
106378908153930162657	0.25	2
109018224010056005635	0.25	1
105389364748387891649	0.25	1
104975154049785009296	0.25	2
108403542149288133281	0.25	1
107362628080904735459	0.25	1
112910491493894368148	0.25	1
107742567767125793693	0.25	1
112707199408484711520	0.25	2
113398497409883509512	0.25	1
102064685451872550466	0.25	1
111232346000552816062	0.25	1
111241263379733454446	0.25	2
100353254782769293833	0.25	1
112507886156998828584	0.25	2
105772169578659856660	0.25	1
117310595726857993328	0.25	1
118269717526175136537	0.25	2
105894760755439344491	0.25	2
114963335823650717178	0.25	1
101554358085977409453	0.25	1
103389452828130864950	0.25	1
100397511207083609950	0.25	2
110788689115113965536	0.25	1
107487979382143030410	0.25	1
104558996796696834366	0.25	1
103697821787469756035	0.25	1
108093196978439295882	0.25	1
102518365620075109973	0.25	1
102029505169101002492	0.25	1
101691152556611912102	0.25	1
113944846007907559686	0.25	1
109444293682232046687	0.25	1
113733130744129278876	0.25	1
103977761514480488970	0.25	1
106289562822644692555	0.25	1
115071850392951753074	0.25	1
108754677323497506270	0.25	2
116862971710981267949	0.25	2
102261683746739173682	0.25	2
113879793828770728039	0.25	1
113780949990807866260	0.25	1
111596534707742648338	0.25	1
116056645771775490363	0.25	1
115493843986611547716	0.25	2
113227252986293896064	0.25	1
101514976445246854274	0.25	1
105362990780240393762	0.25	1
103252287944370268046	0.25	2
113209788861124695757	0.25	2
113209220492121310402	0.25	2
103249675628818392156	0.25	1
104283104920976967309	0.25	2
115260307850276266872	0.25	1
102126834369255384012	0.25	1
103701776102254149778	0.25	1
101962829696981365403	0.25	1
108723453893621328565	0.25	1
114326598742556205027	0.25	2
100084794854549110624	0.25	1
104672614700283598130	0.25	2
109923941665874520762	0.25	1
114614871042282238013	0.25	1
118146622799388835070	0.25	1
107126665887970596868	0.25	2
105683277396811922238	0.25	1
105216491640488683417	0.25	2
104987932455782713675	0.25	1
110200115381518276083	0.25	1
104762925488648743919	0.25	1
118444229992664950220	0.25	2
115724911263508832354	0.25	1
114504022490238986254	0.25	1
116953721926010850393	0.25	1
113780280836251353450	0.25	1
102987934493562222561	0.25	1
113257832247273491708	0.25	1
118079092041447950546	0.25	2
105662441312581584585	0.25	2
103486150650858067282	0.25	1
102549181577943816715	0.25	2
111662182151481614771	0.25	2
107045574805908974704	0.25	1
106649978359921982022	0.25	1
100259110586396288358	0.25	2
114018232303831249060	0.25	1
110649158119577617962	0.25	1
102629646689678003489	0.25	1
116724326485167794874	0.25	1
107697233520993866936	0.25	1
118170768987466114474	0.25	1
113199492695974871853	0.25	2
102370747100847006365	0.25	2
104155770298251438878	0.25	1
113286545648881050396	0.25	1
104874536448361982086	0.25	1
101965231542285455416	0.25	1
117876399076277118155	0.25	2
117668392750579292609	0.25	1
109549749746353031555	0.25	2
113741765387358207466	0.25	2
108762542161553990184	0.25	2
117854769497679103742	0.25	1
112546244895799598881	0.25	1
105927290057910590380	0.25	1
108110135961483137233	0.25	1
105524952191381141516	0.25	1
101651096660571767183	0.25	1
100071314542033042636	0.25	2
116420879762061226015	0.25	1
116805285176805120365	0.25	1
110744426921228074409	0.25	1
117906457028030551127	0.25	1
113718269858549593079	0.25	2
112003053183268312906	0.25	1
111712790174654236901	0.25	1
103041426716611851223	0.25	1
117211092043045415977	0.25	1
102476152658204495450	0.25	2
103518993170392566205	0.25	1
107870240225843632731	0.25	1
111263411122757438264	0.25	1
111523808203160874141	0.25	1
112472104236914933035	0.25	1
105492119742825421749	0.25	1
116827382498549909720	0.25	1
109206112446829801615	0.25	1
115996284532720249143	0.25	2
116890407093456889987	0.25	2
115390855161234949409	0.25	2
112928796157153543442	0.25	1
108037955970101699528	0.25	1
111729912087650238345	0.25	1
103984595971776502972	0.25	1
100655971390099454526	0.25	1
104302524350132782178	0.25	3
117013270038354652709	0.25	1
116648978868970467664	0.25	1
100403272663537263804	0.25	2
111284838999349564058	0.25	1
112466252788633155794	0.25	1
113621986695574236489	0.25	1
106836545009068405661	0.25	1
116956180003015275645	0.25	2
101889975950768622316	0.25	1
110735228167430300745	0.25	1
100740146581578382007	0.25	1
103804148858569966357	0.25	1
110385399973090519138	0.25	1
104828031573198340946	0.25	1
108807418879988314264	0.25	1
101567641239571518754	0.25	1
100974258168375166691	0.25	2
104529542540757691770	0.25	2
103124845922100199071	0.25	1
105192876803309967810	0.25	2
116678377243407600427	0.25	2
108105194941776408439	0.25	1
112759446650710384950	0.25	1
115275485457246100819	0.25	1
115220228182866909424	0.25	2
101088325807711686479	0.25	1
100516583089693939218	0.25	2
101302496747753402518	0.25	2
102502478863377687736	0.25	2
103788918112635947241	0.25	2
103324921589846414494	0.25	2
113934645215952069062	0.25	1
100415345527134852246	0.25	1
101428086335852185675	0.25	1
116594169782616598727	0.25	1
103125254078422850688	0.25	1
103929313090037971278	0.25	1
113041693148251706037	0.25	1
103952215474318614668	0.25	1
113028758029278367373	0.25	1
110761471444991434555	0.25	1
105788536249289182288	0.25	1
118234987237484711962	0.25	2
107345301833335315063	0.25	1
114864939043644558100	0.25	2
103140405718724149855	0.25	2
116149453144627220454	0.25	2
107106193255722487200	0.25	2
104540999868216683021	0.25	1
107530252581586276645	0.25	1
115655034901162574758	0.25	2
110823806974833091953	0.25	1
105238127119688476290	0.25	1
109733876730404017476	0.25	1
112217333135124700456	0.25	1
102520546515811421783	0.25	2
118339706248486457324	0.25	1
116388205548839459693	0.25	3
110497909365801371707	0.25	1
111179307838791071138	0.25	2
110918518132080106257	0.25	1
109123727761757726835	0.25	2
111907009595057957530	0.25	1
105859070951290270749	0.25	1
101929039478960520672	0.25	1
117919970450651777941	0.25	1
110527332382139046457	0.25	1
100025784724360092428	0.25	1
107650451991930674897	0.25	2
110165347477692441456	0.25	3
104576759851444232491	0.25	1
102663373499479307034	0.25	2
117143431026798289437	0.25	1
105734935003600818916	0.25	1
108215644829092784557	0.25	1
106089456616545738856	0.25	2
116151263804676207105	0.25	1
115746772512798725578	0.25	2
115124692523822890487	0.25	1
116242922868315019562	0.25	1
117017499101030243728	0.25	1
105992460427095831123	0.25	1
101631530437394856182	0.25	2
104431248563872925027	0.25	1
116010686988761119371	0.25	1
106420653941281751007	0.25	2
102863213160589296596	0.25	2
116544832827194797058	0.25	1
111115134959742432948	0.25	1
102944610657154936062	0.25	1
105607476388378833699	0.25	2
103770531046791651608	0.25	2
106493629342570608597	0.25	1
106500517318873656493	0.25	1
100937650350088175761	0.25	1
100704889403092993910	0.25	2
114615393961422617415	0.25	2
114562063418546732391	0.25	2
104219386206797402856	0.25	2
110759407480239922529	0.25	2
115121555137256496805	0.25	1
109643321388056177472	0.25	2
103639605101618596263	0.25	2
104322360091831518396	0.25	2
111097198237997918386	0.25	1
115524111646752962689	0.25	1
110542479265736697332	0.25	1
116802951796325624865	0.25	1
103528534457978794055	0.25	2
109691887575129556779	0.25	1
117535783004495331917	0.25	2
104577786425319045732	0.25	1
109295802357945949591	0.25	1
103952833677599992114	0.25	2
112915508949553064969	0.25	1
115011035599082537861	0.25	1
108966117305419498653	0.25	1
111167107173528955920	0.25	1
110859403217752039593	0.25	1
103330774212148294339	0.25	1
113020499347875878373	0.25	1
100404352969213892988	0.25	2
102903606767281565472	0.25	2
110862601451786882263	0.25	2
104545705293219420453	0.25	1
110414002328246477699	0.25	1
118281825477798705499	0.25	1
101206766570550710645	0.25	1
102833622706620944824	0.25	2
102213927299417521191	0.25	1
106100638693673920161	0.25	2
107056166333058621671	0.25	2
115434806160641041267	0.25	2
103210557789113405675	0.25	2
105612667855212149293	0.25	2
110576779194832705956	0.25	2
114759874569477776801	0.25	2
114336214436700986058	0.25	2
102210992792394456666	0.25	1
117554893843054056335	0.25	2
105948505903976849358	0.25	1
105467292422978603982	0.25	2
110563070634240721313	0.25	2
102107149690921264476	0.25	2
103918782714606587310	0.25	2
113796599166346083952	0.25	1
115279805480412162949	0.25	2
105722684343601702562	0.25	1
113384192950187076820	0.25	2
109950936648770607059	0.25	1
100382075592532144679	0.25	1
109743927448056385194	0.25	1
113234958408070147943	0.25	2
114914832761555589566	0.25	1
103444090965295468948	0.25	2
102741329165616292856	0.25	1
108663073800768509940	0.25	1
113224278348281899148	0.25	2
117723225430600412973	0.25	2
117017255126808361728	0.25	1
117907484811518426242	0.25	1
117931329680129039949	0.25	1
107733602239201453079	0.25	1
113070852600835858601	0.25	1
104972251202417915800	0.25	1
103391757252321121210	0.25	1
106543391644130024529	0.25	1
115165482699173529750	0.25	2
110913621188271830512	0.25	1
111730512298835263666	0.25	1
113967406616028106904	0.25	2
114125689381228895796	0.25	2
107379984311074522945	0.25	1
113590580896523656269	0.25	2
103709891798411583783	0.25	2
100518389524515358512	0.25	2
111019181014897820650	0.25	2
105339054769017081162	0.25	1
102494823812274011987	0.25	2
106887946005120202776	0.25	1
104665869690537108950	0.25	2
111577412772676568791	0.25	1
116558562366390541447	0.2	1
104845196021283889824	0.2	1
109711721158856077787	0.2	2
107139739165979847986	0.2	1
110548244043172681974	0.2	1
102449949858490990934	0.2	1
111567061469336027617	0.2	1
108541235642523883716	0.2	1
115702306533209355625	0.2	1
101849747879612982297	0.2	3
105943946099362806788	0.2	1
100512649718649402368	0.2	1
117103761425091158578	0.2	1
102871123574468799566	0.2	1
112162067187975810298	0.2	1
110255193504699698342	0.2	1
106137165134915213116	0.2	2
115182601594934760469	0.2	1
106746862389360195498	0.2	2
108359434857750473549	0.2	1
106792630639449031994	0.2	2
102380164715308354113	0.2	1
111937447827665620879	0.2	1
118177097513126872645	0.2	1
115774127930703880979	0.2	1
116493143288155741857	0.2	2
108980742613825144744	0.2	1
114489276586542400632	0.2	2
115621287468218045232	0.2	2
116420972797550666132	0.2	1
101357807332902480720	0.2	2
118060719740697519041	0.2	1
106075926887576280408	0.2	1
107999909388672048395	0.2	2
116082161859384164954	0.2	1
103977794756782817281	0.2	1
114074126238467553553	0.2	1
100546152683684952264	0.2	2
113116318008017777871	0.2	1
111499908439497508351	0.2	1
117128076220234821750	0.2	1
118292708268361843293	0.2	1
108189587050871927619	0.2	1
108832728178450403587	0.2	1
103652441454188509895	0.2	1
115376804135318461031	0.2	1
113048458403086916871	0.2	1
117808925288865527025	0.2	1
101111725148957537937	0.2	2
102885931406196510193	0.2	1
106532684826293540578	0.2	1
115657487687082916644	0.2	1
114685727151899977785	0.2	1
116193922115738401292	0.2	1
102064402955176351367	0.2	1
111614848322085425617	0.2	1
104855080168513246639	0.2	1
105106962406858998302	0.2	1
103216887847401478447	0.2	1
101324838635251917481	0.2	1
100022837800887181186	0.2	1
116168906347905064421	0.2	2
117751864620444339449	0.2	2
109524702084450613375	0.2	1
114861795231952091574	0.2	2
103079526275359000556	0.2	1
105725413140756988588	0.2	1
103827744225845599092	0.2	2
111861770000711596685	0.2	1
117697399358826098478	0.2	2
106906883890899394838	0.2	2
106501936839371135482	0.2	1
112099486767175481894	0.2	1
112909234229891602912	0.2	1
111504766733019844026	0.2	1
105248484118148978714	0.2	1
107602882044753150398	0.2	2
100384938102219631840	0.2	1
105631706237461916067	0.2	2
115080215652229659698	0.2	1
115360979797396777969	0.2	1
113364856660738963998	0.2	1
115212051037621986145	0.2	1
104376626976827590822	0.2	2
117370659306066821697	0.2	2
100124389520659251191	0.2	1
111425308809476416205	0.2	1
106091497304903838117	0.2	1
106259240239807883388	0.2	2
107459220492917008623	0.2	1
102079555934063753024	0.2	2
111862324534985995584	0.2	2
106318111152683661692	0.2	1
115382566264655935534	0.2	1
100865839188004474733	0.2	1
116040565882702717981	0.2	1
111243892781101553573	0.2	1
107979724997299395580	0.2	1
117498098305644899120	0.2	1
100851819952878496176	0.2	1
108816906889719718910	0.2	2
109678705779894816696	0.2	1
104674274945847279984	0.2	2
113455290791279442483	0.2	1
106753581955676569553	0.2	2
115696978612493731094	0.2	2
114393690647602824731	0.2	1
107498551973438521478	0.2	2
107137435537558455838	0.2	1
100398188574403174312	0.2	1
113328277517141736187	0.2	2
114688830063603681247	0.2	2
113686253941057080055	0.2	1
112960723772418803264	0.2	1
102865263115020893218	0.2	1
107894914670080014116	0.2	1
110792797923527485789	0.2	1
112072934052683456906	0.2	2
110563351377427897709	0.2	1
102923147893327767382	0.2	2
116070530543302715797	0.2	1
111341805173107366318	0.2	2
101389442397237522148	0.2	1
116334827514261561554	0.2	1
108094760132961329912	0.2	1
102600774742322762226	0.2	2
114754768321762441489	0.2	1
105731881257142821581	0.2	2
114629508960670409934	0.2	1
108713714482790711568	0.2	2
115031186148141783321	0.2	1
115878744506767187391	0.2	2
108362732635472987444	0.2	1
106532709318061274779	0.2	1
104619747503393735851	0.2	2
115360471097759949621	0.2	1
106747990444555145217	0.2	2
104833564316573420990	0.2	1
118200897093533700061	0.2	1
104168784641904128730	0.2	2
110566958667439985502	0.2	1
107667231360771923031	0.2	1
116696943168863559388	0.2	1
118299777136505117634	0.2	1
115072043621918562370	0.2	1
114034924148129726111	0.2	2
112578386120589725603	0.2	1
108000051912603578599	0.2	1
115788195763743347192	0.2	1
103688405513400260462	0.2	1
115633632300685704236	0.2	1
110069645548734937776	0.2	1
111654284395316165338	0.2	1
116962153568597271537	0.2	1
105181540992692286208	0.2	2
102568536085987741889	0.2	1
117275613789775990716	0.2	2
102469951620293509326	0.2	1
114785676290990098316	0.2	2
100535338638690515335	0.2	1
105722900792713093105	0.2	1
115699426100289857429	0.2	1
105781983137881296919	0.2	2
113607993592121105341	0.2	1
115505611402423023943	0.2	1
112652419137339945915	0.2	1
104753156470151028358	0.2	1
117427965408516165606	0.2	2
109646508394301470481	0.2	1
113891828412719247078	0.2	1
106461633594064301959	0.2	1
115733604509184177258	0.2	1
113190229460560085138	0.2	1
101862582405632631054	0.2	1
112459578985232826051	0.2	2
113660174638592427229	0.2	1
106434073353360803681	0.2	1
114354878556558710088	0.2	1
115844109656744424691	0.2	1
117377434815709898403	0.2	1
118170059441102440825	0.2	1
106955057806718560042	0.2	1
107968525907303243288	0.2	1
100000772955143706751	0.2	2
110720576611232766643	0.2	1
110409407167943588793	0.2	2
105748801323975462511	0.2	1
117443217206442118345	0.2	1
113085222399032424814	0.2	1
108045606825777666935	0.2	1
105329929314379043455	0.2	1
103612775462167038471	0.2	1
108629717769018996477	0.2	1
111719533163202900131	0.2	1
107979651021469607748	0.2	1
112970980012435940193	0.2	2
101494804320126833381	0.2	2
113036722083877578747	0.2	1
116973390574320264137	0.2	1
105410478758658916285	0.2	1
115796438057176526612	0.2	1
108529222612621232413	0.2	2
109379154029995011954	0.2	2
110398522496318770869	0.2	2
113153147258888517175	0.2	2
110351155041587328439	0.2	1
104200199897846441934	0.2	1
113924589090135670273	0.2	1
114409941429106157049	0.2	1
108871986628238771394	0.2	1
104454175467350464887	0.2	1
106830957966952462609	0.2	2
101536109537442359228	0.2	2
114236604403554541461	0.2	2
118089545241069128950	0.2	1
101050286712421318211	0.2	1
101962855513267023116	0.2	1
102720795410809837526	0.2	1
104961406012654314344	0.2	1
108032623298499022371	0.2	1
105711863098202749576	0.2	2
105669924377560628246	0.2	1
103484147666932538438	0.2	1
104323762834614989157	0.2	1
114803894551548417361	0.2	2
108794339957537417967	0.2	1
102648148748642147788	0.2	1
101290983561588894975	0.2	1
106294738773145690221	0.2	1
106287665062204946341	0.2	1
117058794763073546749	0.2	1
117259934788907243749	0.2	1
100185707560478368490	0.2	2
108705174211639807508	0.2	1
118035014258894541117	0.2	2
117453423214170501228	0.2	1
102311875004581334954	0.2	1
100804724941752073418	0.2	1
116214152295449083654	0.2	1
102774783758711593873	0.2	2
109502062797751080516	0.2	2
109726212968683037075	0.2	1
116169862173728406534	0.2	2
105574772736074475000	0.2	1
117982576004839614895	0.2	2
114294757055502483384	0.2	1
110638616023061101774	0.2	1
112118444744999958775	0.2	1
110168117080267015976	0.2	1
115011646412956679108	0.2	1
106657803050339458422	0.2	1
102715042925211875133	0.2	2
104834129907874592944	0.2	1
110809308822849680310	0.2	2
101248132798651706167	0.2	1
107454743276855372767	0.2	1
112710501221399450850	0.2	1
107543460658107759808	0.2	1
104972713938717882861	0.2	1
103814653718186136893	0.2	1
107499148616904747030	0.2	1
105256156026694816333	0.2	1
108463379422500432313	0.2	1
109483283061860485978	0.2	1
103419965335118203100	0.2	1
101587898863667558185	0.2	1
115182013383278977990	0.2	1
118207880179234484610	0.2	2
112118594569975443130	0.2	1
106649929935339369458	0.2	1
110099838681495349209	0.2	1
111345372994173159594	0.2	1
115204805503581947511	0.2	1
103454794960634481644	0.2	2
109044583850053703903	0.2	2
115586898390417250687	0.2	1
110839867176526013157	0.2	1
113920684085515272676	0.2	1
105754002562827402350	0.2	1
110586200244894111173	0.2	2
104454375340292612353	0.2	3
104855904315888251146	0.2	1
108284410156428722582	0.2	2
111289536122960365215	0.2	1
108727355581569174388	0.2	1
107149075470261453144	0.2	1
117730059940991287354	0.2	1
100500197140377336562	0.2	1
107861794963671398272	0.2	1
102781315536557513596	0.2	2
114369704013100203178	0.2	1
106136185501956812585	0.2	1
110260043240685719403	0.2	1
111898964366303457295	0.2	2
103541694080221120019	0.2	1
105597865359019730782	0.2	1
116008914901489721931	0.2	1
111169963967137030210	0.2	1
109947803049469533351	0.2	1
101793532287583914396	0.2	1
116268124700162834377	0.2	2
106654880386648202585	0.2	1
106306945062511966344	0.2	1
111310990991240556038	0.2	1
118274547296450170219	0.2	1
105182772231313806587	0.2	1
104506173414420325418	0.2	1
117024479462054977196	0.2	2
108270712126515524163	0.2	2
106185836270391214835	0.2	1
107047796519061210494	0.2	2
106999614238373529583	0.2	2
101153468639331529713	0.2	1
115608553892438743738	0.2	1
101284187122853794634	0.2	1
114801797004966639281	0.2	1
108716416588282864810	0.2	2
103027060563420568748	0.2	2
104612091113514802664	0.2	1
117452349218378259937	0.2	2
105350495573144442379	0.2	1
113615004883076235547	0.2	2
111716948575577959969	0.2	1
111284621100239341581	0.2	1
114851143721686892410	0.2	1
106248770169191988513	0.2	1
115696720895506924134	0.2	1
117583077636944680094	0.2	1
106123026171763346651	0.2	2
112345958146857992786	0.2	1
111310046455974644071	0.2	1
115174457819914037873	0.2	1
108303062170016821459	0.2	1
118418436905562612953	0.2	2
111171774279922268425	0.2	1
107525593751372271723	0.2	1
110192912711569207284	0.2	2
117826637077711958172	0.2	1
113314321788257666239	0.2	1
112317819390625199896	0.2	2
106029647376914827875	0.2	1
116497021361001964326	0.2	2
105950725902891401635	0.2	2
100042103285281335447	0.2	2
106846340899002453404	0.2	1
116537541622621849483	0.2	1
106130679598095630483	0.2	1
100962871525684315897	0.2	1
107542742799095073899	0.2	1
113575196046614822984	0.2	1
113762888975111378350	0.2	1
116014081475397231716	0.2	2
105163607871076892526	0.2	2
111124930081935539248	0.2	1
104087632674419172411	0.2	1
110206169594070357955	0.2	1
100042105400303837110	0.2	1
113491432324942287374	0.2	1
106684105564729483790	0.2	2
102645532385014073041	0.2	1
105226553876340461108	0.2	1
114795140672874095252	0.2	2
110532983418913074480	0.2	1
101174951617223562800	0.2	1
107033731246200681024	0.2	1
107399320161500679149	0.2	1
102626129336565123728	0.2	1
117840649766034848455	0.2	1
104484219049883711215	0.2	2
107540638333054762391	0.2	2
108897363724526154071	0.2	2
110981030061712822816	0.2	1
101396087935203987162	0.2	1
107140884077582692033	0.2	2
104979585499014359056	0.2	2
102932986213331794453	0.2	2
109196927921693462980	0.2	1
100597287560870112131	0.2	2
113789593081406308222	0.2	3
108155692510202045236	0.2	2
107417434288149766416	0.2	1
104358861143448769861	0.2	2
115918125306643310533	0.2	2
100518666667237755103	0.2	2
105574566053602019710	0.2	1
104414646264873234939	0.2	1
106955710512726911498	0.2	2
115913129409035093824	0.2	1
117210464772810564913	0.2	2
105056073983105425084	0.2	1
105551989431666449555	0.2	1
114316487818128530802	0.2	1
100940716892313727285	0.2	1
117319896746731581831	0.2	1
106526452034734966566	0.2	1
109633201807186374475	0.2	1
108190053773444556273	0.2	2
111992218656243013838	0.2	2
101573003031538731466	0.2	1
107950851093654625603	0.2	1
113598025206965595031	0.2	1
107119125214160307479	0.2	2
100095264391620936473	0.2	1
114699238940752822629	0.2	1
102499880205658868653	0.2	1
115037313319624350537	0.2	2
105736172662117422840	0.2	2
114856396980674741763	0.2	2
117211188266299551948	0.2	1
118103925585181677298	0.2	2
104373905527763228600	0.2	1
106168607919515774186	0.2	1
114452583189695653393	0.2	1
108584940222628465190	0.2	2
105152503384268783597	0.2	1
100095245926948995335	0.2	1
110209841939300413706	0.2	2
102976465024742837897	0.2	2
100976366445446707360	0.2	2
116130450559157224410	0.2	2
115868784569078797995	0.2	2
118026639398463272784	0.2	1
115570939558790629700	0.2	1
104105731492533491798	0.2	2
117330206560237476823	0.2	2
109463973877107367819	0.2	1
111288574156818690676	0.2	1
110845149859025684138	0.2	1
104242525397757047995	0.2	2
114800310452543164210	0.2	1
103030116155431184588	0.2	1
114705227849697554573	0.2	2
106674493917179154019	0.2	2
103300363750121441954	0.2	2
100687529899710759919	0.2	1
115744260030380666284	0.2	1
100852553003843098980	0.2	1
109743367019855280527	0.2	1
103566722317807467334	0.2	1
110962949352937565678	0.2	1
117270655453846612117	0.2	1
102221942940843100503	0.2	2
110109050164240978800	0.2	2
100300281975626912157	0.2	1
105691895742334354732	0.2	1
105072305864951447999	0.2	1
100131289964776551928	0.2	1
101133411960341629600	0.2	2
112553734193223201540	0.2	1
111714769899525603342	0.2	2
105231704254423883185	0.2	1
116452824309856782163	0.2	1
113271433504869081420	0.2	2
105511573099505229375	0.2	2
116226932711437764309	0.2	1
103239655111676058756	0.2	1
101939349974549577068	0.2	1
112395984886882740302	0.2	1
114671811822976355657	0.2	2
116561012331692075800	0.2	1
101262147826811866992	0.2	1
107554392786806012173	0.2	1
101467830378124924213	0.2	1
110411647678002145702	0.2	1
112026058728255591897	0.2	1
102681409209964326686	0.2	1
100861100317455495250	0.2	1
116131244044857846351	0.2	2
117139907586011263319	0.2	2
111136943830266615679	0.2	2
109949278419560159729	0.2	2
106918592949279293409	0.2	2
109771009038942946531	0.2	1
106936568055296603049	0.2	1
114854379048823905329	0.2	2
112891113704723217462	0.2	1
111097652703029998131	0.2	2
108138142849003408899	0.2	1
104134524360138557350	0.2	1
115901384522217163287	0.2	2
104000907293996725339	0.2	1
116441747355761359686	0.2	1
112437822482119133450	0.2	1
105044185841183170612	0.2	1
102615863344410467759	0.2	2
114826457457941066820	0.2	1
103449225731496343372	0.2	1
102485721261724622399	0.2	1
110456453592220725136	0.2	1
102328436589025225443	0.2	1
109631912831106950497	0.2	1
112552319079120490722	0.2	1
107102314343984959946	0.2	1
115992734499067375499	0.2	2
107677895455342575962	0.2	1
115772754810716985882	0.2	2
104401462206426890612	0.2	1
114839987215772761647	0.2	1
117561536843314919073	0.2	1
104249175041927427607	0.2	1
113998295683387625628	0.2	2
109782743775362085383	0.2	2
100518419853963396365	0.2	2
113586567516084008409	0.2	1
100854202666064752024	0.2	1
104930746480936092336	0.2	2
114592751246503219483	0.2	1
107656088609554509650	0.2	1
113388619356971728001	0.2	1
114035370826035889009	0.2	1
103420170788006828537	0.2	2
106702963465506867582	0.2	1
117568186303073941488	0.2	1
102318332160461115179	0.2	1
117453480025743569701	0.2	2
106209094867943078908	0.2	1
118246412183062133215	0.2	1
117698165607464864806	0.2	1
114690476747200007295	0.2	1
110458620781302154184	0.2	1
109610954243983229925	0.2	3
101718390566554974815	0.2	2
101411498921342376448	0.2	2
112825530763283643363	0.2	1
114048628995185346979	0.2	1
111803451496284973356	0.2	1
110823652171439094038	0.2	2
116213955655527248507	0.2	2
114765095157367281222	0.2	1
110709982674874192300	0.2	2
105345184760149235821	0.2	2
117856074972945172868	0.2	1
107439296467832903946	0.2	1
103201238410770468762	0.2	1
117555990096315491864	0.2	1
102989073624322904979	0.2	1
114697646623413794481	0.2	1
110145704806254434189	0.2	1
117807373507435100906	0.2	1
118258847595972123892	0.2	1
110816032472866489951	0.2	2
103100496883422151101	0.2	2
100004583620711728009	0.2	2
101987072260327250694	0.2	1
116422138958327929511	0.2	1
111052763823393209492	0.2	2
106419400577988151299	0.2	1
103493459351957813291	0.2	2
106591112842949957185	0.2	1
106533248943352121512	0.2	1
102349987850176560760	0.2	1
111666976040493059703	0.2	1
114034900216037711293	0.2	1
111742562190411471360	0.2	1
108783187432062275983	0.2	1
100350314821436897497	0.2	1
111292852688797062644	0.2	1
116663982997041117781	0.2	1
101101086295080736193	0.2	1
112139555141728231689	0.2	1
105182282046745007103	0.2	1
114037557816209327028	0.2	2
116910304844117268718	0.2	1
101801063324490856814	0.2	2
101588482738379761092	0.2	1
102646936236475852585	0.2	2
109429236594408016618	0.2	1
118189632042502811468	0.2	1
103212167104566683799	0.2	1
110880018002403525445	0.2	2
109592634059397506775	0.2	1
110935478775708629255	0.2	2
102113218326742731510	0.2	1
111227574151447599461	0.2	1
114202150062599138446	0.2	2
116837978245019701191	0.2	2
117287741130838521632	0.2	1
101256102884827590123	0.2	1
103537070635474763753	0.2	2
113402608391165594923	0.2	1
102972850447727031786	0.2	1
100529445536337899311	0.2	1
113899511232506817885	0.2	1
107252027373010748851	0.2	1
110378953230340021029	0.2	2
100580057424662460288	0.2	1
102900934965720459323	0.2	2
111419564832268061657	0.2	1
105247701867201669712	0.2	2
113191905318463018774	0.2	1
111709870730171883810	0.2	1
107606703558161507946	0.2	1
117550971892000156946	0.2	2
116595967470006523047	0.2	2
104602423740417750584	0.2	1
110025177084709634671	0.2	1
105902439664561190852	0.2	1
105187180429104089107	0.2	1
103326671610128506814	0.2	2
102575507626938059410	0.2	1
101763250684757412027	0.2	2
100908975452307762035	0.2	2
108418315587103056537	0.2	1
113882113745075873153	0.2	1
112180555080313027108	0.2	1
116999073173221895857	0.2	1
113946715443571015123	0.2	1
110492963926129353210	0.2	1
104317363327637899554	0.2	1
103637004042802406296	0.2	2
114984746606063317366	0.2	2
103048746328267179488	0.2	1
110047629741042205856	0.2	1
101414648594787969098	0.2	2
104120766869427651690	0.2	2
107428469635365733087	0.2	2
100051691779523403652	0.2	1
112702880755434909062	0.2	1
115727374140444289277	0.2	1
102779421660447432075	0.2	2
108640673873589796416	0.2	1
100269924362226216710	0.2	1
109193865827865246544	0.2	1
113505213322004368444	0.2	2
111114347109907479753	0.2	1
108702659560627694885	0.2	1
105295905585852136803	0.2	2
113953592758896789108	0.2	1
108896556048763968559	0.2	1
112380861379242468878	0.2	2
118169756271670551157	0.2	1
110122907004584858863	0.2	2
102854787498989239241	0.2	2
111262652209960545520	0.2	2
108233823188831400390	0.2	1
114226493354271341433	0.2	1
117697379995591819341	0.2	1
100961288997176421259	0.2	1
107179219017404092823	0.2	2
101789011227801183737	0.2	2
104123757262022137956	0.2	1
109585716855239048243	0.2	1
106922129370806430076	0.2	2
103152505287187486368	0.2	1
113854734486121331929	0.2	1
107546451810310474592	0.2	2
111462209637206932844	0.2	1
106368133905918815203	0.2	1
117467979182503050040	0.2	1
116826380160876619557	0.2	1
115689131085396901367	0.2	1
111985675145586527435	0.2	1
109449502631822682473	0.2	2
100383347288467674879	0.2	1
110045419828426458606	0.2	2
108690239590381459413	0.2	1
111775457589352587958	0.2	1
106565348808461188509	0.2	2
116448432393406494049	0.2	1
114393702004749953015	0.2	1
102867675431468978382	0.2	2
106304164904054835645	0.2	1
115314704721793037922	0.2	1
102595894019992972973	0.2	1
106474488581258029186	0.2	1
107849922105700858631	0.2	1
100722422346737607191	0.2	2
113001073761536909453	0.2	3
111775909611846609731	0.2	1
108901237855028365685	0.2	2
114789052294324286806	0.2	1
107289961585411779306	0.2	1
103500063550994023248	0.2	1
113159698991677084993	0.2	2
114433068639876567319	0.2	2
103679852774229035240	0.2	1
111127765976287525565	0.2	1
113728490623204305376	0.2	1
105034220628990195204	0.2	2
117628167393778000025	0.2	2
107539537192421649724	0.2	1
105963804556453504833	0.2	1
110870857432565487665	0.2	1
116882502495918843508	0.2	1
117543941326442613324	0.2	1
103617443261375624134	0.2	2
113525283311746207343	0.2	2
111608816051316595979	0.2	1
111181816299957029813	0.2	2
112237066598677665205	0.2	2
107406550109456386300	0.2	1
103216538568884606745	0.2	2
112879841470105543012	0.2	1
110325990189191993215	0.2	1
109735868860370294405	0.2	1
103131233834166863270	0.2	1
112396633371345879363	0.2	1
106038153676060815898	0.2	1
113568714584340318248	0.2	1
116836456131737438543	0.2	2
102472204830503422684	0.2	1
114882176689398353065	0.2	2
115008911624864960721	0.2	1
115966573144516630442	0.2	1
104192099372982491378	0.2	2
115773662424457172793	0.2	1
102005404473411296629	0.2	1
108740946527159812223	0.2	1
117599181480696978620	0.2	1
118352967741838205430	0.2	1
113384139924273753977	0.2	2
117516761105896097121	0.2	1
101196203388538107181	0.2	1
108553536093975800469	0.2	2
103372168541051530608	0.2	2
100037428816683405361	0.2	1
112025209852076779883	0.2	1
114860664114040252581	0.2	1
100507603996779895224	0.2	1
100007521425301894860	0.2	1
112145951608161981842	0.2	2
106880480181714471065	0.2	1
117329741594610508732	0.2	2
112505662307359416460	0.2	1
109407907214491900800	0.2	2
102447055528197599845	0.2	2
102620446111473537091	0.2	2
114605744792048083409	0.2	1
115849382101143505643	0.2	2
102048874022614790165	0.2	1
108373384336633215715	0.2	1
113137518938994935016	0.2	2
106045234923497976809	0.2	2
115965116435918871384	0.2	2
105834656665852287378	0.2	1
101221104868305787960	0.2	1
112728852089862207616	0.2	1
106517092226488584705	0.2	1
102598717561259337811	0.2	1
114976982266715324992	0.2	1
117332034417532824236	0.2	2
104758683354871067458	0.2	1
114381445370292964434	0.2	2
101453162215777563254	0.2	2
115172532546850245800	0.2	2
100749618637007073130	0.2	1
106340032216179507786	0.2	2
113910193843982934324	0.2	2
108426794838353797297	0.2	1
100143629698647872406	0.2	1
114337606913650576428	0.2	2
105146060706924233930	0.2	1
113744709124077767385	0.2	2
107083132644957650906	0.2	1
114703946250912886577	0.2	2
108224649450414809762	0.2	2
116277575825190973917	0.2	2
110479892781410506397	0.2	2
108183711615144534655	0.2	2
116963236140044523988	0.2	1
109214702386760339292	0.2	1
107653745877961206546	0.2	1
115130390735317423919	0.2	3
116501722964985929833	0.2	2
100505512539417489132	0.2	3
107576724419305699628	0.2	2
101369574596674554493	0.2	1
117468443229413299370	0.2	1
106612951501280280018	0.2	2
112267968031995007637	0.2	2
111378435554188237250	0.2	1
105345566147236475531	0.2	2
102536973315470425722	0.2	2
100890203770440760789	0.2	1
108031233215286540258	0.2	2
118004481840782880691	0.2	1
117408020200694760927	0.2	1
111443544154227277693	0.2	1
105766733037098839009	0.2	1
113236876780255082402	0.2	2
105923444935781830787	0.2	2
118260919507777028608	0.2	1
115725343848017698807	0.2	1
104640995757978415958	0.2	2
113081506638830554414	0.2	1
110874049667430812384	0.2	1
116935055731344627745	0.2	2
104220123625261616920	0.2	1
114970525955091479340	0.2	1
109765074314342933278	0.2	1
101031809191312626616	0.2	2
102488834468008260689	0.2	1
104056902186844323075	0.2	1
116032490611047283168	0.2	2
115340108370106793692	0.2	1
116152312902955456959	0.2	2
115762948355957985448	0.2	1
111606249930019943168	0.2	2
115067683953238511778	0.2	1
116025113186246273555	0.2	1
116968591248290410059	0.2	1
116088350583064298442	0.2	1
100458071620246434265	0.2	1
108155571834093720799	0.2	1
110230424911720375919	0.2	1
104910754841372191189	0.2	1
103726230846041942360	0.2	1
117483170177465540088	0.2	1
104422244116208671243	0.2	2
101113948295097433720	0.2	2
112028666405582179625	0.2	1
113656379833336702679	0.2	3
114617041514068328837	0.2	1
105017289267741004914	0.2	1
114767138425173318185	0.2	2
105845027464141907120	0.2	2
113886991477736093364	0.2	1
105425518837935313061	0.2	1
100057071538809202180	0.2	1
107267095722524064779	0.2	1
113390679691036376988	0.2	1
116788383029183047158	0.2	2
100680416036373279784	0.2	2
104059573776530956393	0.2	1
103020313106929208651	0.2	2
107276587544883675246	0.2	1
111820719976283896771	0.2	1
108490791507069410168	0.2	1
103680324375359278010	0.2	3
107817012016002930558	0.2	1
102551492162357281309	0.2	1
104905511230200044269	0.2	2
110467273735381705438	0.2	1
111672213320663226648	0.2	1
114709397762318389434	0.2	2
110423756011149599570	0.2	2
105736845776186133351	0.2	1
113913583772851182259	0.2	2
110213045414446129588	0.2	2
113403111470764746807	0.2	1
107535963078578489119	0.2	2
112532099773484757127	0.2	1
107001138601628785170	0.2	1
117553815288815289271	0.2	1
105459039689531835195	0.2	2
107405835128086215662	0.2	2
113594591792695683583	0.2	1
106736592653655008454	0.2	1
113348970451681522698	0.2	1
116714017753722823447	0.2	2
116163754096446458259	0.2	1
111428162300598583413	0.2	1
115171042957562019977	0.2	2
112298902067485082680	0.2	1
114335601363343122477	0.2	1
111561176762678021222	0.2	1
110006920850177717076	0.2	1
100744788880100680504	0.2	1
113640610628380286742	0.2	1
112954955255957345981	0.2	1
109175187243369637583	0.2	2
111715542380700476507	0.2	2
105852091541941306153	0.2	1
101713634207919944880	0.2	1
113133408360173652323	0.2	1
112585397479724226089	0.2	1
107666999542782787717	0.2	1
107357904018454806236	0.2	1
117674032546115489948	0.2	2
108075051922613387219	0.2	1
107743891827270779603	0.2	1
101825051098592173561	0.2	2
112307180983542024689	0.2	2
101396660147462878267	0.2	1
103244970994163799660	0.2	2
102393435631615541694	0.2	2
111955041561921964772	0.2	1
103840523815416710741	0.2	2
111596324731433878823	0.2	2
111710628177188579657	0.2	1
112592005516748944579	0.2	2
116619972554848571262	0.2	1
109094201419759896586	0.2	2
112268392045966307528	0.2	1
103366224616473499481	0.2	1
106269839633117268456	0.2	1
104200230387471913789	0.2	1
102162193238445434739	0.2	1
105411605299942814494	0.2	2
102399209942505255937	0.2	2
105559103105579857265	0.2	1
110591699614879778324	0.2	1
106136326980598993066	0.2	1
115444725301229750567	0.2	2
109810079411554717199	0.2	1
103170905344370158971	0.2	1
104724152313597071260	0.2	1
105708943152664070745	0.2	2
106217257016732396546	0.2	2
118415476422592578743	0.2	1
118268130994240000009	0.2	1
106182064580418190146	0.2	1
116902972797122629927	0.2	2
116459519938174752521	0.2	1
109827226232721590433	0.2	1
111495697937367997962	0.2	1
107638413767855284129	0.2	2
104095739482839029928	0.2	1
117231919716873824717	0.2	1
100486584748820883776	0.2	1
107737970721375032935	0.2	2
113786007786065961750	0.16666666666666666	1
113945158166040832137	0.16666666666666666	2
117864310578685361686	0.16666666666666666	1
115778472247594937117	0.16666666666666666	2
116123554028678966465	0.16666666666666666	2
117982023956402610604	0.16666666666666666	1
106615548454096392167	0.16666666666666666	2
112636423242197777506	0.16666666666666666	2
105945403054619746508	0.16666666666666666	2
118270038016169755776	0.16666666666666666	1
116440942480280633315	0.16666666666666666	2
105267656376269695918	0.16666666666666666	1
101217932286724621417	0.16666666666666666	2
105323241330497986011	0.16666666666666666	1
104204281391795998669	0.16666666666666666	2
113556002842571527057	0.16666666666666666	1
105741283380970229314	0.16666666666666666	1
116792953962445337353	0.16666666666666666	2
104199266395071496994	0.16666666666666666	2
114055975301837030490	0.16666666666666666	2
116381176537835440497	0.16666666666666666	1
116304516937206181280	0.16666666666666666	1
108210978391810242632	0.16666666666666666	1
114892667463719782631	0.16666666666666666	1
115811169239548915611	0.16666666666666666	1
102068439622193045420	0.16666666666666666	2
100951976559465900344	0.16666666666666666	1
115883748801594816833	0.16666666666666666	2
101895066734944191692	0.16666666666666666	2
114437821607569957251	0.16666666666666666	1
107531155995244310236	0.16666666666666666	2
114410829894261769943	0.16666666666666666	2
101953803500909190578	0.16666666666666666	1
117441295181263079918	0.16666666666666666	2
103061751286930964606	0.16666666666666666	2
113275594756767286617	0.16666666666666666	2
106885694610758162435	0.16666666666666666	2
108436181764840238049	0.16666666666666666	2
103713566836363406354	0.16666666666666666	2
112683312082590278329	0.16666666666666666	3
118352535706748672083	0.16666666666666666	1
117368047533463356549	0.16666666666666666	2
106265316827872063604	0.16666666666666666	1
117343149105379821488	0.16666666666666666	2
109855547025675747819	0.16666666666666666	1
109468717919701811210	0.16666666666666666	1
102388107693187362090	0.16666666666666666	2
100091631712977875012	0.16666666666666666	1
114142338899469124086	0.16666666666666666	2
104804572248681868435	0.16666666666666666	1
106709490770286312384	0.16666666666666666	2
112296158666998591037	0.16666666666666666	1
109877646481018085864	0.16666666666666666	1
108195110008578468167	0.16666666666666666	1
110444947162230185235	0.16666666666666666	1
104755487586666698979	0.16666666666666666	1
111660311898877186097	0.16666666666666666	1
114720180979501734239	0.16666666666666666	1
111952642093556825738	0.16666666666666666	2
116323729908773747322	0.16666666666666666	2
101143184221092869657	0.16666666666666666	1
113141834879403812095	0.16666666666666666	1
100696322911810323839	0.16666666666666666	1
105036692939312103339	0.16666666666666666	3
104224085394442018402	0.16666666666666666	2
114166004890033730296	0.16666666666666666	1
112340652779078865148	0.16666666666666666	1
111090971956183443054	0.16666666666666666	1
103417418822487776435	0.16666666666666666	1
107559031698161183797	0.16666666666666666	2
115837835339689473712	0.16666666666666666	1
115031545528816193813	0.16666666666666666	1
114819575929202445188	0.16666666666666666	1
101009802418107798943	0.16666666666666666	1
110636627619156334038	0.16666666666666666	1
107160952536032338720	0.16666666666666666	1
116002740710731434384	0.16666666666666666	1
114805332512954987091	0.16666666666666666	1
112525399396909684309	0.16666666666666666	2
117857401178772757635	0.16666666666666666	1
113857628147969171054	0.16666666666666666	1
100759428185881966021	0.16666666666666666	1
111766781414334736391	0.16666666666666666	2
100536293320150557551	0.16666666666666666	2
101491922766378697160	0.16666666666666666	2
104803088022754814821	0.16666666666666666	1
115914567637614618412	0.16666666666666666	1
114909107838059733503	0.16666666666666666	1
115043505456580558814	0.16666666666666666	2
109054871634419257951	0.16666666666666666	1
102946771834877816479	0.16666666666666666	2
105253656862352186348	0.16666666666666666	2
101025137707146490654	0.16666666666666666	2
112628911698041599874	0.16666666666666666	2
104500934337927363318	0.16666666666666666	1
110399454199543162200	0.16666666666666666	2
104665574772836691928	0.16666666666666666	1
114355670695904631729	0.16666666666666666	2
114809488257853535663	0.14285714285714285	1
101222125576635425546	0.14285714285714285	1
105231227402322347158	0.14285714285714285	2
111866652792296926727	0.14285714285714285	1
109991373308697505218	0.14285714285714285	2
114411779159784746627	0.14285714285714285	2
100951500807864484535	0.125	1
107712534459658019971	0.125	1
113651533166317708938	0	1
109412257237874861202	0	1
101915227705460638776	0	1
109220060006128553211	0	1
112133321375398608722	0	2
107902791674095682080	0	1
109895887909967698705	0	2
100013234150524277230	0	1
101059049290567215584	0	1
106287024820950801335	0	1
113027837615023628132	0	1
106189723444098348646	0	1
108189481625587435470	0	1
108102837284519006198	0	2
110544037180447481256	0	1
109193674823031718540	0	1
103438332263642514693	0	1
111462050629630961276	0	1
102691034410283433839	0	2
113082126848885774249	0	1
118245555389509558839	0	2
114146479114949843175	0	1
100523784851251213675	0	1
113107253403679023320	0	2
105040001333571511595	0	1
118351515323229708433	0	1
107784212140893392732	0	1
105618471069714101780	0	1
113586730214469859732	0	1
109813896768294978296	0	1
107026299993226528916	0	1
100487969343352743165	0	1
101765416973555767821	0	2
103878892760050193072	0	2
106717946845088683921	0	1
110927192331204440924	0	1
111267975895881595717	0	2
110036682383342142442	0	1
109619063322910077914	0	1
100875717055033997562	0	2
104770776614693816879	0	1
112617127041903537004	0	1
116303122205999176427	0	2
113548265320039979281	0	1
118254993345625377660	0	2
116042504805817667580	0	1
113544226688149802325	0	1
107234826207633309420	0	1
112281123502975004686	0	1
111789696120701217069	0	1
112063946124358686266	0	1
113097851206100618060	0	2
115428993145818153559	0	1
113472184832544483745	0	1
102409541521880756024	0	1
116586488310918415098	0	1
104962347070667053810	0	2
107307708524394964276	0	1
113391326838583895709	0	2
104390246098751387487	0	1
103561651335947774764	0	1
113625462103500841369	0	2
115891230387484725858	0	2
109787685148095217484	0	1
117198316664830078863	0	2
112957708071337353347	0	1
107433998715834030695	0	1
108159334908179441499	0	1
112066692196122613048	0	1
116642857391974581307	0	1
102365188638805021921	0	1
108159551615224338529	0	2
101763511463762540696	0	1
106658307914823622919	0	2
109533441517984298838	0	2
112401605196934673030	0	1
108176814619778619437	0	1
116002634428473399293	0	1
117728611187295597769	0	1
106154669044284257296	0	2
112965608024184180683	0	1
112408773440208776137	0	1
100313449630224835004	0	2
105873814765821560444	0	2
108870753995803590617	0	2
118320665823821681206	0	1
114541171450707334622	0	2
108907552935332685211	0	1
108384201920217141722	0	1
102755548808767411605	0	2
104265422458271861932	0	2
106927703290536139147	0	1
102349305007676725479	0	1
105699527508121484553	0	1
101854596522140504619	0	1
117059593834355077199	0	1
108112557629934458248	0	2
107771181372242547518	0	1
113984431400517644044	0	1
101483533411566453214	0	1
114127684466692817416	0	2
115090476410098744791	0	2
109959354295627734270	0	1
113247423264358423892	0	1
108099300904077351421	0	1
115185211980778442255	0	1
109458589098107737736	0	1
107117483540235115863	0	1
116286873545653281906	0	1
114195458404542931606	0	1
111562638514922412630	0	1
102873175118305865375	0	1
102285954355508747800	0	3
105547060999578080024	0	2
105779560824580764120	0	1
115020081348374234621	0	1
116422773158129145495	0	1
102377882249382281108	0	1
107900861759751633571	0	1
104102743248207705784	0	2
112750091316252656625	0	1
103855721758679327070	0	2
116727951144543307899	0	2
103473863573453096651	0	1
106983800549406471589	0	1
101371795890095513598	0	1
118197341263476239819	0	1
112022983294967948367	0	1
107982618909749811163	0	2
105658927968337553625	0	1
104384618198413714249	0	1
115404182941170857382	0	1
106176762220398854458	0	1
108527329601014444443	0	2
117749865363674826272	0	2
115961021629090154025	0	1
109031486518632696635	0	1
101371617406438805612	0	1
113464569897311842405	0	1
106359487807208915036	0	1
116411437512689977320	0	1
110286587261352351537	0	2
114947477492725677113	0	1
111962077049890418486	0	1
117951052831974893962	0	2
116075808135192798838	0	1
100091126610411008053	0	1
104522833443181754677	0	2
107585222434679667089	0	2
107013418740229269209	0	1
118386082111249392155	0	1
111967829475994986811	0	2
102875613975512567286	0	1
108061108874226292892	0	1
104178723837900724588	0	1
107707592416977920764	0	1
116219534929662479848	0	1
113186623583029971455	0	2
116166660014087779586	0	2
108152252385291870699	0	2
104486088524980775787	0	1
111164095920889813531	0	1
114536133164105123829	0	2
108904607472189043979	0	2
106089366725380818197	0	1
100374471858201089068	0	1
107004669592473005667	0	1
116222833568410151476	0	1
109131753620535843656	0	1
116756988806467865919	0	1
114764567692252908296	0	2
104319701938100393265	0	2
109556244641607065276	0	2
113935808109821908050	0	2
106838416855753163320	0	1
117884476143887009277	0	1
118220857055764418224	0	1
108705293437552657507	0	1
113210096909000624337	0	1
117350989957881101918	0	1
115647026292417015088	0	1
103481047858421470011	0	1
103911607910068922429	0	1
106896834505928192955	0	2
105336425684208963598	0	2
107590607834908463472	0	1
100989405473280437703	0	1
113895942978964425455	0	1
116995710336756123292	0	1
101023852178007414194	0	1
114015767688491264722	0	2
112642573356460292505	0	1
114277687548103339609	0	3
116008246625614132322	0	1
113654461547690050667	0	1
110013798243316588134	0	2
107119940474246316259	0	1
101006001190131292549	0	1
100736513308111936429	0	1
113669639330555286996	0	1
108924136210249299218	0	1
104364664575889529540	0	1
107494834634231938072	0	2
107968787521028284191	0	2
106511376455153027148	0	1
117000139571713536948	0	1
104154510648876236073	0	1
106501988136092543170	0	1
102117093789730100872	0	1
108583368340157326167	0	1
100087425141967383402	0	1
117200102155645191486	0	2
112092488761167023855	0	2
117415172384840716734	0	2
115175345058960993404	0	1
107752922497809632157	0	1
111174860133952172483	0	1
109351399938437494273	0	1
109412400081371783885	0	1
104287485784305992668	0	2
111139435529123830843	0	1
118164441818555589158	0	1
111920649327427068114	0	1
106711803105103787711	0	1
116651741222993143554	0	1
110806949181190360839	0	2
101182332285028616119	0	1
114468593663912084118	0	1
100873628951632372330	0	1
105161232143858721168	0	1
116369071500456395369	0	1
109440206780255757543	0	2
102920063140431683002	0	1
115419774656924121211	0	1
105046530334806680420	0	1
112009945208508693556	0	1
100807645192187023347	0	2
113093598958600969183	0	1
107408720924877751027	0	2
105455090881879814009	0	1
111057033758757798738	0	1
109776541085987843977	0	1
103765013042311928518	0	2
100219691404074384850	0	1
107105348072959327741	0	1
114045800510530461940	0	2
116682290311789132796	0	2
112236344213897425331	0	1
108821171323339435849	0	2
115836722305915213977	0	2
115863474911002159675	0	1
102505619105617077856	0	1
115876313538796651168	0	1
111144451219356446211	0	1
109603030238276154667	0	2
116560377643176212063	0	1
118369384868249491237	0	1
100305949954154067156	0	2
110505626196988840770	0	1
116114203998112257616	0	1
112516512312962070044	0	1
114153859732710523651	0	2
104045511944341391917	0	1
115936017958267168759	0	1
100906247084442837696	0	2
106202342569754356867	0	2
115602582060486074367	0	1
116469556577026921142	0	1
113665746717087158140	0	2
117283174365630308265	0	1
117689362923608221663	0	1
114954712448394413847	0	2
100377493270775536948	0	1
101145980349117737014	0	1
103797409565331693058	0	1
103457612923837083266	0	1
113027287369712034675	0	1
109086061077201076736	0	1
108855200241623204226	0	2
113102854369709041551	0	1
114474252347218597235	0	1
102616149286682191474	0	1
118001598936430013205	0	1
115471815788264818704	0	1
113899310637703974412	0	1
100482942881898107570	0	1
115834709756311067894	0	1
104883301041308726636	0	2
115105647022907007398	0	2
100860607625286470922	0	1
116197193480724162859	0	1
115595232870915667505	0	2
111658704299574083731	0	1
113077617428722440432	0	1
104487223275138277820	0	1
118104384235573316214	0	1
113420422244530728570	0	2
101544196292485071205	0	1
117796133520305094318	0	1
106273272250957163311	0	1
103997551385961498986	0	1
107718413955878443270	0	2
105508666909703535708	0	1
107011265359512082824	0	1
108316366145145424476	0	1
110086840099586073089	0	1
116056482297838775754	0	2
106065832799617372150	0	1
106499409180130178424	0	1
106023815311471870138	0	1
114767803040499829479	0	1
103047027122693182933	0	1
104081052260915687825	0	1
115740425396974668440	0	1
100879115281181648565	0	1
113048604335341521429	0	1
103097764320602190090	0	1
107389460020228942969	0	2
105222378662128673453	0	1
115770994163143043771	0	2
104279107049574225556	0	2
102997937455660593465	0	2
101517640605056528235	0	2
105698746106719950321	0	1
107562684952021749097	0	2
107956499508732734817	0	1
113553990186994535872	0	1
112749097842326203346	0	1
104482086818095930400	0	1
108851026326071355993	0	1
105467410031842833476	0	1
102219475968800204884	0	3
106727109817019132903	0	1
117831026683660485392	0	1
108584805279585306962	0	2
115851550445020159565	0	1
104885672108365535825	0	1
112754494243408214081	0	2
103784452522248646050	0	1
101082092468629957675	0	1
107733269574737813168	0	1
106133480923323663427	0	1
107763787831388330329	0	1
105434340493779534137	0	2
106145697749192400587	0	1
101161511354759424383	0	2
105426307125970041077	0	1
117461136321424092290	0	2
109303663330757771799	0	2
116640923223897011110	0	2
107747666102379771298	0	1
111923578555541250439	0	2
104635901512085953672	0	1
110255709702147736441	0	1
100262595546646927505	0	2
111832530347449196055	0	1
113424222789153728067	0	1
110342840788640082538	0	1
109560997737123153381	0	2
115598567587429372949	0	1
117747685802209970029	0	1
115820788059179744265	0	2
106737452392271403669	0	1
103761326311610249621	0	1
103423025783649000949	0	1
105095083538991543994	0	1
116913173549547958455	0	1
116844487061960288289	0	2
113751353481962008916	0	1
100258933461856349896	0	1
101744616880415927118	0	2
115678469582493805997	0	1
113117251731252114390	0	1
114228869493885222559	0	2
112546953300159727405	0	1
116235714265664045436	0	2
108538588905235310311	0	2
107537735181542999866	0	1
104373996402012587042	0	2
100142397094908216555	0	1
116507162463328305307	0	1
105908255425370868240	0	1
108396271077391911438	0	1
108139015191701664219	0	2
107547393704537436598	0	1
105057170246955300433	0	1
116046131107486389598	0	2
105901258272269401150	0	2
114703714445331612880	0	1
114618043230336563405	0	2
113211954743892121925	0	1
118165652353770722629	0	1
109139237014771009015	0	1
114480218635053098793	0	2
109099193717756236849	0	2
112326867483489579883	0	2
104392551078829652132	0	1
101312790121083376263	0	1
102974962930521686947	0	2
116969159384245484847	0	1
105344239387382002272	0	1
106594021248846012322	0	1
113687916808174552540	0	1
114245534338887342709	0	1
106073502505833617615	0	2
114370942767405686826	0	2
102533732658641069172	0	2
112583152631387332512	0	1
111172276359873363856	0	2
110831145427311371794	0	2
100048100630151349283	0	2
113759029670603137356	0	1
100580203868390239075	0	1
110352049954858592591	0	1
101707927568259704231	0	1
115574618126479084852	0	2
113165622704612371637	0	2
106526737947007406923	0	1
104748703648593159544	0	2
103108014711273100895	0	1
105630059876120763094	0	1
112218872649456413744	0	1
114187027355300038512	0	1
103685740157136493702	0	1
117347150891665392206	0	1
103028142993414638533	0	2
109514475488698891798	0	1
103293516438378653921	0	1
107383652618865802442	0	1
104376123433741873548	0	1
117690673854187012438	0	1
108219053871101052179	0	2
118013135869798179484	0	1
105076569159070683815	0	1
111600326518812216057	0	1
111601729473858041964	0	2
112413860260589530492	0	1
107320346034788240158	0	2
107937273108737007052	0	3
103827504605604316647	0	2
102152825534813512360	0	1
115002587825504375275	0	1
102407528040831558639	0	1
109642407447455585167	0	1
106687590803153376067	0	1
100872900263988577401	0	1
102908183831825198819	0	1
111021002113667196653	0	1
101981930959576633793	0	1
106795916614100659420	0	1
115777169768345614675	0	1
103139739049390572591	0	3
100213096168522242944	0	1
102467684150504816942	0	2
102936041566944563648	0	1
103048400709642338108	0	2
111752598420148669099	0	1
100969972953036434548	0	1
112835555824886206871	0	1
101738342045651955119	0	1
115192055428436328176	0	1
106783205666952995890	0	2
113490041785449486666	0	2
113507192893278588968	0	1
115121110877145330939	0	2
113111731715139693250	0	1
109147099159025717832	0	2
117802718819084454042	0	1
117028515246889767151	0	1
117442170727575042131	0	1
111007439240504999607	0	2
111811097894909948082	0	1
103104857274117679241	0	2
109331277868417982438	0	1
105657718903956434229	0	1
106020745084647886919	0	2
105390485883966445268	0	1
117715458422919571502	0	1
101348397943983026449	0	1
115744399689614835150	0	1
103169847734430108086	0	2
109799158691725472251	0	1
108336226661090457541	0	2
107194964527346394136	0	1
109904902376244939307	0	2
105051985738280261832	0	2
109808157704804887611	0	2
107868844306369312882	0	2
101614183070722062913	0	2
115514397255079403751	0	1
105690511127786150599	0	2
106239767321783910545	0	2
103525423067610984418	0	1
102965777070496203419	0	2
101575945102557780431	0	2
104129842883884467271	0	1
111759924371065234455	0	2
113499881064081911661	0	1
113224301981519210459	0	2
110304142283982781256	0	1
100862055499159515911	0	2
105118288939056165547	0	2
113034189854111918533	0	1
115662458162792661759	0	3
110054750107833929512	0	1
105366470677983879898	0	1
102065660372783510384	0	1
115907888609218025313	0	2
115535318131282198725	0	1
101975153326598871119	0	1
114333370881041289877	0	2
115268672807060917339	0	2
105950673170386660913	0	1
112050047245724905079	0	2
110260890556821654420	0	2
107464051964720649934	0	2
118224776879738188902	0	1
103424506779075759623	0	1
102830573534289880897	0	1
117373384230394175469	0	2
101074725491059204464	0	1
105450804580077896136	0	1
105540241924141497089	0	1
102700303792831235180	0	1
116541157048459326046	0	1
102025840065849549470	0	2
117910049731484591864	0	1
107642724975085424064	0	2
108012991939099820186	0	1
117841284165024027243	0	2
102183994329015251092	0	1
115161307562248602647	0	1
114979733565079457374	0	2
109964471370204431090	0	1
110001339139979553061	0	1
113218590431249449552	0	1
116910893460383906727	0	1
102001774674190160714	0	1
113067760031784364231	0	2
104478543607855159670	0	1
117721846193885821185	0	1
108482743103405304468	0	1
104807117922089582088	0	1
107123713400808531788	0	2
108635752367054807758	0	1
101683039849030383098	0	2
110887657254002199157	0	1
110073829241066318905	0	2
102222722824849858928	0	2
102288248509253946606	0	1
109901332639702690169	0	1
114428401458138152037	0	1
100087420738539825147	0	1
105840111265403535654	0	2
108586586735082562415	0	1
106911568960262229461	0	1
115695578304416858659	0	2
114632854492678778509	0	1
115664435152899158263	0	1
116154269478833904015	0	1
112669442975277292500	0	2
103363981692751531420	0	2
104048500804447341038	0	1
111141944938744219805	0	2
110292076036271913623	0	1
113096993341203159664	0	2
117231658988287858700	0	2
103301136819033869558	0	2
109788364985180710349	0	1
114324572122696049251	0	1
103046205364039460215	0	1
100001460601553769984	0	1
110736470473535126070	0	1
104312101745348855122	0	2
100639194299914291215	0	1
104497807653934781984	0	1
102579928162855977212	0	1
104511933936275853523	0	1
102928097151309656988	0	2
109205403461695195196	0	2
114497068161438955067	0	1
102420807080086585113	0	1
106874840875253727067	0	1
115239440745127890908	0	1
116317928275415340817	0	1
117893862702691605455	0	1
111361201906254029328	0	1
109770122122532409357	0	2
105496065140915063217	0	1
113570625200267981954	0	1
112550828809705200252	0	1
105876461011295011235	0	2
113771825862852660912	0	1
100702006365991609643	0	1
113381483153888636532	0	2
117075503202449801357	0	1
115645005407970286730	0	2
100080968009958384880	0	2
108232208525548602817	0	1
103114402613633146481	0	2
108038272385419338752	0	3
109147614746022635692	0	1
104509438188476011535	0	1
113617608054634558208	0	1
111324803284627465089	0	1
106701345977976479103	0	1
117245298692605482770	0	1
110328255737860258925	0	2
110853105075371274817	0	1
108486058508775411585	0	1
104598410332298910493	0	2
112599748506977857728	0	1
109135109253615455083	0	1
112384141856554981919	0	1
108904364100929057342	0	1
110023904208758175742	0	1
112047805398947513196	0	1
105478686259508551243	0	1
102538905206519918173	0	1
107720861800506868873	0	2
116185369358666429335	0	1
103095786308890475164	0	2
108793246893038361266	0	1
102089694494934693036	0	1
115655847063094837465	0	1
111753700792072954953	0	1
116770057503140560464	0	1
110507996978242488651	0	1
106291390787068439792	0	1
104873021163951124714	0	2
108542957733897627949	0	1
106356964679457436995	0	3
109601009311059762503	0	1
107342445128902420647	0	1
106660622179104353560	0	1
101967793050656360625	0	1
100272572056305744950	0	1
115533706038046529764	0	2
108284615416393551744	0	2
114341193351192411143	0	1
111815222087196377960	0	1
103923881297271424447	0	2
117603418437094018321	0	1
103776084341415100673	0	2
104499477173432926152	0	1
111595222939363138724	0	2
103889261837748080701	0	1
118043264140450175721	0	1
118130821798863756144	0	2
117416131513232290371	0	1
116398912564637412579	0	1
108400276125913558601	0	1
109237980065112201404	0	1
113078407907564891336	0	2
116507229067943822155	0	1
106713445775135573447	0	2
100543926403936709353	0	1
107966083689010962220	0	1
116360661659220925620	0	2
109950959928032580820	0	2
110903052572958738878	0	2
108108273511881005173	0	1
105902971575667576147	0	2
110056598450285146300	0	1
118331569604232438938	0	2
104003283843708655243	0	1
111258349379390009398	0	1
116598793894933554709	0	2
110002405786613212411	0	1
109518328768098946778	0	1
111901049356284773040	0	1
110648946295824984922	0	1
107276867598285658079	0	1
100944957945469989698	0	1
111592214766012539345	0	1
113930845304878690285	0	1
106997017021018214108	0	2
116755139777604884366	0	2
105756745201162965731	0	1
106181838661035901156	0	2
103405245899500686136	0	1
101240228035344649075	0	1
107218642105499514720	0	2
108597452361152433617	0	1
115224807307654803771	0	1
108846471533339245029	0	1
115017188374689068228	0	2
107886000936201742296	0	2
112033436318399326158	0	2
103552365867965625515	0	2
117966388430242882951	0	1
103429767916333774260	0	1
113627804166769379647	0	1
115978527653798764146	0	2
115018345454068491918	0	2
117139526704207434934	0	2
109100211110861785447	0	2
117350544879346914182	0	2
105124868215579457148	0	2
101565427136431573657	0	1
109322383637704271125	0	1
116229616134152031538	0	2
102985033048923547232	0	2
110596783676197533644	0	1
111276013106302536715	0	1
113090081998602412389	0	1
117594046931782005726	0	1
107279358320353817228	0	2
105985329157666232203	0	2
110870848357858768812	0	1
108527703036413440160	0	2
110514503441802354869	0	2
111775588479091741263	0	1
115417043856689954546	0	2
100125012078853567494	0	1
117144151300189136236	0	1
108220688493112507925	0	1
106637859152656219769	0	2
109202477360312997249	0	1
117897287589455462356	0	2
102552880543713181525	0	1
103913700059567278291	0	1
114527718402660307427	0	1
109486821799932251955	0	1
110579085299914245598	0	2
107473195886886292437	0	1
110983216869631462009	0	2
112342771836615499472	0	1
101997533479654275299	0	1
108057412341594398108	0	1
112680983324653399390	0	2
118131772842776035611	0	2
107793693698273590531	0	1
117571030429786149736	0	2
103462118088062305960	0	2
102410619024660886739	0	2
110035777189974883061	0	1
117889783117440513262	0	2
117197381607093720028	0	1
114334122119433187237	0	2
107410390066929416191	0	1
104870510431445350374	0	2
105737646394343924193	0	1
115651493062221690941	0	2
116196255776925920184	0	2
101892269165398528426	0	1
108727281091705787742	0	2
117852336782074453456	0	1
111531284607886845559	0	2
101292327494251658716	0	1
114246229347349388834	0	2
116444778202433288162	0	1
100003880356367481247	0	2
105143673122960390455	0	1
107170911564235388402	0	2
101963562526317648015	0	1
107072968433943267686	0	1
104371819450794752644	0	1
100396099482901901578	0	1
102788733930133090320	0	1
103370308241935002349	0	1
115739133827508038558	0	1
105555126097777538334	0	2
102059068250795605300	0	1
101716466347854949527	0	2
115961933765911451871	0	2
101455039344877258804	0	2
109734523201864206668	0	1
115679589514937555999	0	1
106702324621449002266	0	1
105795505690851684660	0	1
102962427245498843552	0	1
102321124479843527561	0	1
113104553286769158393	0	1
115941101928741553813	0	2
115029116827468721092	0	1
105054291437703254311	0	1
111805749709340165369	0	1
114187414805582046708	0	2
104858892112537688007	0	1
105946608035522885864	0	2
113250057748817195347	0	2
113793834901438087868	0	1
115378488194467614098	0	1
115895618107840963551	0	1
109140471608038321304	0	1
110458456232138013934	0	1
111500287235049948048	0	1
118300382094490321626	0	1
107491769176599437622	0	1
108645032153904389826	0	2
117665405799050616244	0	1
110394860422260436589	0	1
105908370967403906438	0	1
107728528283864112295	0	1
113619182464488539592	0	1
110756904798885659810	0	2
106527261741365925256	0	1
114324466807076235499	0	1
109109715615102996766	0	1
108018849942331662169	0	1
106036766228893218678	0	1
110281439527861889047	0	2
104657188945887483475	0	2
104687047835395416553	0	2
108080068262939211404	0	1
112630569434970633975	0	2
112978444352229477482	0	2
114513377968438501433	0	1
117657646966294299664	0	2
112737873337318625971	0	1
115106275131224073018	0	1
106807787807630457447	0	1
106463810311600911188	0	1
113982368958089067793	0	1
107297675112675253055	0	1
100098715181898229003	0	1
117839408544313524377	0	1
103009304262255987937	0	2
104496446782899074243	0	1
104104374655366554299	0	1
112025913009497399358	0	2
115920243503092696251	0	2
105377890014611047131	0	2
104752030797013398468	0	2
113105480731942026359	0	2
114531428211164191074	0	2
109873166046732339208	0	1
109869640858313938163	0	2
101337661450783463305	0	2
116563264387565094491	0	2
102218177080052003229	0	1
101468709325629629761	0	1
116305021502382281576	0	1
108752929417970456621	0	2
100386533967967417228	0	1
107576957488923607021	0	2
107281267483445153078	0	2
108683878610555901209	0	3
100050813541196148749	0	1
116206957214431677329	0	2
112587204667754240077	0	1
112402966518177660969	0	1
100156400593641933207	0	1
103297141744112054040	0	1
110139276541773480532	0	2
103082383054372887244	0	1
108878118746896921706	0	1
102271352958632151332	0	2
114905391456940493027	0	1
104308439439962814197	0	1
111554726863806113003	0	1
106659110495225582952	0	1
104828240425761714114	0	2
114348945801522162082	0	1
102692138727685626844	0	2
106618329365926704172	0	1
113911728613739180556	0	1
111873655294451791651	0	2
116765935830484058117	0	2
117613153080037074558	0	1
115911286858819724368	0	2
112190527341799252288	0	2
115916813117766008443	0	2
113918924233112802290	0	1
110624903527972191007	0	2
104934835686206273419	0	2
106300400843064445026	0	1
111718861648193357236	0	2
104530071365735423870	0	1
110566902974119452213	0	2
100702627715740968498	0	2
114065687914501599122	0	2
117173325648777147215	0	1
108464062275963728087	0	2
113645819096782047795	0	1
114378349388979162470	0	2
110993322647604945603	0	2
114201270961861383066	0	1
101520776610248024281	0	2
113750334342714522603	0	1
108932115684411606001	0	2
102611406331185033454	0	1
108667800398233136097	0	1
100275163158684418162	0	2
117457103501443669663	0	2
100145130766171217727	0	2
115586246624548204362	0	2
111693759030516627538	0	1
105151527189667346599	0	2
110548909483015716312	0	2
113656829974955911801	0	2
110974940852778450916	0	1
100904047064256388072	0	1
114939947902851264814	0	2
107924066762819990827	0	2
115151548951573435803	0	1
