#node_label	#score	#gender
106329061511796382764	1.0	1
101952863053692958836	1.0	2
114892667463719782631	1.0	1
107580939469974231859	1.0	2
110521411527012126691	1.0	2
110380725479132874525	1.0	2
103496887477945006772	1.0	1
115242065936434243042	1.0	2
107079443427592479315	1.0	1
110664456833022140407	1.0	2
104257622132000889548	1.0	2
110121897231931050975	1.0	1
105267656376269695918	1.0	1
108026547226375042654	1.0	1
100254213810733600313	1.0	1
103358673672620532750	1.0	1
104653686581116104866	1.0	2
101129885139465338811	1.0	1
101456845308070397780	1.0	1
115538867881849861479	1.0	2
100100575166872106114	1.0	2
111640564477961722177	1.0	1
101529354290546020943	1.0	2
112397924123894609971	1.0	2
108512521479218665254	1.0	1
114931252645487533264	1.0	1
107779207112674704151	1.0	1
111224073915387481289	1.0	1
117278638672145962387	1.0	2
118107549775305942832	1.0	2
105743380123297067104	1.0	2
113229281229556986490	1.0	2
104227899161026119399	1.0	2
109976957740059046751	1.0	1
113918623016278471957	1.0	2
114211333013524741317	1.0	2
106301542716605390414	1.0	3
102289934407817443241	1.0	2
105936936751913099840	1.0	2
100996269115945667988	1.0	1
110128612999212226043	1.0	2
100921410519064201005	1.0	2
114861926614528665031	1.0	2
106655957846972204340	1.0	2
102406857760556270365	1.0	1
114179296515709577393	0.5	2
108611349406364033827	0.5	2
105266705022852248042	0.5	1
111409564170097373872	0.5	2
113792323385620769147	0.3333333333333333	1
109063483052735719193	0.25	2
112766860455754737817	0.25	1
108541235642523883716	0.25	1
111349858851804350826	0.25	1
114519877662741226877	0.25	1
112843376124270729415	0.25	1
112789015496596528074	0.25	1
111590045422395992425	0.25	1
105837942718978017000	0.25	1
114813729942739673295	0.25	1
105489064367742025310	0.25	2
111717397141369462105	0.25	1
109876467727174291780	0.25	1
109602109099036550366	0.25	1
103049373110021341267	0.25	1
114180494680235045271	0.25	1
111097198237997918386	0.25	1
117328732331103841331	0.25	2
100514293628614244892	0.25	1
111048918866742956374	0.25	1
109596373340495798827	0.25	1
116193922115738401292	0.25	1
109410878385939067590	0.25	2
101786391743930339590	0.25	1
110912055212888170698	0.25	1
111183544898345861350	0.25	1
110296961334162565272	0.25	1
115291834251772471034	0.25	2
114122960748905067938	0.25	1
106392362777471211481	0.25	1
109744843287923813474	0.25	2
114427619140485635394	0.25	2
115680523443701125305	0.25	1
103038287804535196503	0.25	2
114894421225845723637	0.25	1
105512969749187372763	0.25	1
112839129482064373116	0.25	1
103495900583414791676	0.25	1
117131320813354732027	0.25	1
110523938924938220551	0.25	1
108923696803608880275	0.25	2
111442489653684253192	0.25	1
104857406109954440836	0.25	1
109631753156353457791	0.25	2
103150328351925153314	0.25	2
118112346708818508960	0.25	1
105444288007999062777	0.25	3
115754371967324227307	0.25	1
103406757795716592668	0.25	2
105626183847851485682	0.25	2
115165205120331393982	0.25	2
101023776512660753777	0.25	1
110021425897888341815	0.25	1
106029647376914827875	0.25	1
101259445219481496562	0.25	1
115347640840118470090	0.25	1
116887436546769375688	0.25	2
118146622799388835070	0.25	1
103363342114971078869	0.25	2
106325913218757169450	0.25	1
110723161182814777871	0.25	1
107363237260948502633	0.25	2
110454763761193721701	0.25	2
113816490961622062438	0.25	2
116341804339515752437	0.25	2
108699398441387234953	0.25	1
106215345029605931727	0.25	1
115137849030052712728	0.25	1
101403398734300997354	0.25	2
107291158434082397409	0.25	1
103660453111520222558	0.25	2
106872062155728669579	0.25	2
116968591248290410059	0.25	1
104250881910102955922	0.25	1
104846054806852679393	0.25	1
107399236458416208559	0.25	1
115781322037607679344	0.25	1
109987204938145476054	0.25	2
118204981576759299134	0.25	1
110203476122247430225	0.25	2
105454497899876566715	0.25	1
106764351587377041357	0.25	2
106382433884876652170	0.25	1
112546244895799598881	0.25	1
112184451810673992024	0.25	2
113883274535945670622	0.25	1
117374914235188426415	0.25	2
101133651736281167821	0.25	1
110735228167430300745	0.25	1
117350138171749956944	0.25	2
112829241725212945302	0.25	1
107516513737469471822	0.25	1
114492520059525754665	0.25	1
118016707993760034871	0.25	2
109357031596128785188	0.25	2
109162118213226356938	0.25	1
107509384779834727975	0.25	1
103078747397195364590	0.25	1
105706754100685200032	0.25	1
105196576634500671679	0.25	2
102330181289486588031	0.25	1
100186938589206311054	0.25	1
100612911577625090744	0.25	2
105067031684785010262	0.25	1
104855904315888251146	0.25	1
118029470304544548183	0.25	1
105890490724905550943	0.25	1
110744426921228074409	0.25	1
115923812314798340329	0.25	1
107448582688131933655	0.25	1
103726230846041942360	0.25	1
117604998033910296061	0.25	1
110702495322695589877	0.25	1
101997719448083774880	0.25	1
109447610389578473108	0.25	2
113521243530017533002	0.25	1
107629818779411782380	0.25	1
110059214714737713859	0.25	1
116846821251474099223	0.25	1
107952527868351507023	0.25	2
107135878182239878296	0.25	1
106133789246731328965	0.25	2
115966573144516630442	0.25	1
112829005077127347210	0.25	1
115636669490054578108	0.25	1
107977386873685126801	0.25	1
113570271720733251759	0.25	2
110544711693783659369	0.25	2
116374117927631468606	0.2	1
115581868711550786632	0.2	1
118249659762501201824	0.2	2
107139739165979847986	0.2	1
104380036950579300637	0.2	1
114664307180734299077	0.2	1
118206624959654382880	0.2	1
103917575093663288276	0.2	2
104994656468590061339	0.2	1
103477821462069969842	0.2	1
109602717285147402581	0.2	1
109330684746468207713	0.2	1
115702306533209355625	0.2	1
104848510493231312621	0.2	2
100472608497932134515	0.2	1
108981679893410895534	0.2	1
117681034834791918293	0.2	2
113316148669723868015	0.2	1
101465854435804471513	0.2	1
109489575895255638957	0.2	1
108545741131375046692	0.2	1
100872876956795042185	0.2	2
114430879686433947818	0.2	2
112647059413057784221	0.2	1
115530776534617554663	0.2	1
115357824225508016050	0.2	1
110963442024440969489	0.2	1
106012454033794588452	0.2	1
107906093846039182490	0.2	1
117596712775912423303	0.2	1
102228138880231589720	0.2	1
105093931597417731651	0.2	1
111816110574238534692	0.2	2
107845125688622977853	0.2	1
117344786984788205452	0.2	1
117843617175570491498	0.2	1
107383157816966336384	0.2	1
109302687175464963182	0.2	1
116313138295155714335	0.2	1
115570939558790629700	0.2	1
103697774730216910679	0.2	2
105621755196435350842	0.2	1
106246515271419815754	0.2	1
110918518132080106257	0.2	1
107245995829962761745	0.2	2
109213135085178239952	0.2	1
109171335017554837327	0.2	3
114745349774668589398	0.2	1
109138747846811842701	0.2	1
103856097696971100351	0.2	1
108360574989017497426	0.2	1
109475305329903469468	0.2	1
104914829730501706316	0.2	2
113339552992922631802	0.2	1
115121555137256496805	0.2	1
116912646346388238768	0.2	1
113252623131591435586	0.2	1
117427965408516165606	0.2	2
109234925256743791332	0.2	1
108998673146368660257	0.2	2
105373589191095322547	0.2	2
114785407040665700728	0.2	1
110690107992805295937	0.2	2
110379434263550065795	0.2	1
107867604773686247488	0.2	2
114535734825389534681	0.2	1
103276466601625146310	0.2	1
105402259468739080137	0.2	2
106250709374824352211	0.2	1
100715738096376666180	0.2	1
101130571432010257170	0.2	1
113347683749901767347	0.2	1
107992246857336347693	0.2	1
110631584319300141261	0.2	1
107248051867606623205	0.2	1
106674561143088442070	0.2	1
108584940222628465190	0.2	2
102583314845672277110	0.2	1
111231086471937011531	0.2	2
112944155404327241166	0.2	1
117807373507435100906	0.2	1
110028623417333097448	0.2	1
113169015904563389170	0.2	1
113881433443048137993	0.2	2
114357643822294722717	0.2	1
108303074811335210925	0.2	1
106036588985851683922	0.2	1
103547101416445539717	0.2	2
115686461214690249154	0.2	1
106312460282195708926	0.2	2
108958286033422167638	0.2	2
117461435525779663160	0.2	1
115949235079382739229	0.2	1
115978949584209885559	0.2	1
105044049419763533097	0.2	1
102384669117825357195	0.2	2
101814753513569521565	0.2	2
115899601830613537531	0.2	1
110899709105002539146	0.2	1
109774951215877430341	0.2	1
111862324534985995584	0.2	2
107250624756020596180	0.2	1
103382133892057015635	0.2	1
102447055528197599845	0.2	2
102073747889450351618	0.2	2
107554392786806012173	0.2	1
102835412008947310524	0.2	1
106112178230621322095	0.2	2
101377128515177056129	0.2	1
107195441476577339421	0.2	1
101218371689622128361	0.2	1
101170454445449447714	0.2	1
102958145054444947691	0.2	1
103437369723516424400	0.2	1
110196768104424882372	0.2	1
115150834179663036977	0.2	1
103532231736538660295	0.2	1
104987932455782713675	0.2	1
103464357086968649149	0.2	1
114017135651792323600	0.2	2
116000959328274308893	0.2	1
102789458809419223332	0.2	2
102469997747585590903	0.2	2
113339591476531767069	0.2	1
109447323719942836871	0.2	1
103486150650858067282	0.2	1
109337133892652165452	0.2	1
104973761519912571719	0.2	2
105459830584243636071	0.2	1
116576359043485259939	0.2	1
100565385083793662565	0.2	1
117231743960522064512	0.2	2
108707792928475298183	0.2	2
112954151067260940064	0.2	1
101987072260327250694	0.2	1
116319627715742877481	0.2	1
100974258168375166691	0.2	2
100467247127009384190	0.2	1
106002545837976723927	0.2	2
107459220492917008623	0.2	1
113793283590551075025	0.2	1
111720952354186227548	0.2	1
101300494158572934944	0.2	1
102727899107686423413	0.2	1
112802203582400193024	0.2	2
104651829835860659449	0.2	1
114814005044450108245	0.2	2
109342148209917802565	0.2	1
117783113906561198831	0.2	1
111936877010716720314	0.2	1
112172895831966524738	0.2	2
101324366620636191802	0.2	1
103274398541354707265	0.2	2
115970197492058000536	0.2	1
111119326048543552963	0.2	1
112096443096330489497	0.2	1
106289562822644692555	0.2	1
102821864954909612411	0.2	1
115546239182496339540	0.2	2
101270841777853012207	0.2	2
115550472568182135597	0.2	1
100968313568314999910	0.2	1
113920526057233976680	0.2	2
116214152295449083654	0.2	1
101562076353371698615	0.2	1
116359813708750249878	0.2	2
111470477330412999293	0.2	1
106111050117150917664	0.2	1
113456203738507213575	0.2	2
108326489456269305532	0.2	1
113722211762693166526	0.2	1
101517702834173981462	0.2	2
115106042459217297624	0.2	1
103216887847401478447	0.2	1
110607746692718215864	0.2	1
117408889341288914294	0.2	1
109054428772325790675	0.2	2
112374665739066603956	0.2	2
103401775933335847164	0.2	1
103312941003527996044	0.2	1
101860196362440819368	0.2	1
107308460013033893888	0.2	1
113122231216156783325	0.2	1
116696943168863559388	0.2	1
100668872320235339612	0.2	2
116776468683382365028	0.2	1
101951294740286010890	0.2	1
106533383112258363963	0.2	1
112912266573852052346	0.2	2
102460637835826609177	0.2	2
106206424594758074492	0.2	1
109904616233131659643	0.2	1
105341942693541311307	0.2	1
108438992358616127186	0.2	2
117310476065897496674	0.2	2
112118594569975443130	0.2	1
104963628437549784711	0.2	2
111261504735548943750	0.2	1
116350850471110345426	0.2	1
115868797658348406026	0.2	1
106909119051058200287	0.2	1
116838010969062088250	0.2	2
102040763864961338414	0.2	1
117624867943351457090	0.2	1
104484219049883711215	0.2	2
101035196437264488455	0.2	1
113880108017919635732	0.2	2
113279415187761428204	0.2	2
104414006889440330710	0.2	1
104638585589088142993	0.2	1
106657803050339458422	0.2	1
100458759797322732511	0.2	1
117388252776312694644	0.2	1
113477263173666842886	0.2	1
104748082494093873923	0.2	2
102240504283174303225	0.2	1
105637155712287876601	0.2	1
103775848486386704264	0.2	1
104950987080776411366	0.2	1
112622420762576522129	0.2	1
118107045405823607895	0.2	1
105740657860778555476	0.2	1
113041693148251706037	0.2	1
101395499647231421569	0.2	1
113116318008017777871	0.2	1
104607825525972194062	0.2	2
100309650424237078484	0.2	2
110477940246597348169	0.2	1
103698889037599783920	0.2	2
103140405718724149855	0.2	2
105508660898837488930	0.2	2
113704245465758196863	0.2	1
113789216898953690984	0.2	3
102948036636694664167	0.2	1
110922307451325357596	0.2	2
115909956209983539961	0.2	1
103633216098286835168	0.2	2
112651712578445880355	0.2	1
107732141541561312641	0.2	2
101701583331414272733	0.2	1
113148105928081994405	0.2	2
103850326109556474629	0.2	1
109279067119146991381	0.2	1
105026630819824298577	0.2	2
103157838382139356964	0.2	2
106252443077985276411	0.2	1
106193116821624641589	0.2	2
111200401928971571658	0.2	1
112375731670409469973	0.2	1
107294599714929177575	0.2	1
110450225832964730370	0.2	1
105678104646800268468	0.2	1
112459834526928900389	0.2	1
103504868829067137521	0.2	1
101861691840864076310	0.2	2
104119608064940163872	0.2	1
111898652807602476145	0.2	1
102897998524188704114	0.2	2
111791756593831541965	0.2	1
110131072053414966623	0.2	1
112682502973212166227	0.2	1
108759901321068677229	0.2	2
102034052532213921839	0.2	1
104405539079062799451	0.2	1
106962901393110437619	0.2	1
104799160568450312846	0.2	1
105237212888595777019	0.2	1
117986587361484380898	0.2	1
109368654259427988906	0.2	2
111989147144480209929	0.2	1
109036978092446954908	0.2	2
116752979969599641049	0.2	1
112349335732307259423	0.2	1
113209788861124695757	0.2	2
112671255452769936607	0.2	1
107910102526802706493	0.2	2
105324761189549512199	0.2	2
109344447419175414852	0.2	1
103894566409656204843	0.2	1
115045409965027013717	0.2	2
103430519161506248067	0.2	1
111091089527727420853	0.2	1
111532818340136087829	0.2	2
101861996949895074943	0.2	1
116815043422362494586	0.2	2
115551873506719266921	0.2	2
102932986213331794453	0.2	2
106805172615415386878	0.2	2
107375322906605680039	0.2	2
117945473480868380086	0.2	1
117703423505001326711	0.2	2
111784783558348305700	0.2	2
102781222101344935450	0.2	2
106378908153930162657	0.2	2
100962871525684315897	0.2	1
105389364748387891649	0.2	1
109100729839183799596	0.2	1
117819671466113107345	0.2	1
109018224010056005635	0.2	1
101269616518480136760	0.2	1
113973458554656282296	0.2	2
100463237530290106508	0.2	1
105421360534824524100	0.2	1
104531018148875607756	0.2	1
106445486315230745362	0.2	1
101036616762697017034	0.2	1
117113113218324562969	0.2	2
109024807100699459092	0.2	1
113926464488447669809	0.2	2
100623791536600553325	0.2	2
109178804548727063575	0.2	1
111151654557912654803	0.2	1
112068096053627970202	0.2	1
107126665887970596868	0.2	2
112904879489018542405	0.2	1
104000421967098138420	0.2	2
115538917477323629442	0.2	2
106068611098134420497	0.2	1
100500197140377336562	0.2	1
103814653718186136893	0.2	1
111943154038712688786	0.2	1
102550233838963881385	0.2	2
116160773148292111951	0.2	2
117945818785164608300	0.2	2
115253927511928365244	0.2	1
106161800605432697748	0.2	2
106562040211983246504	0.2	1
100535338638690515335	0.2	1
104637506708416544412	0.2	2
115504455695105344602	0.2	1
114092052797730247075	0.2	1
108853957313630398807	0.2	2
101842070010787397696	0.2	1
103500063550994023248	0.2	1
100398188574403174312	0.2	1
112493431048167821018	0.2	2
113409086302056667844	0.2	1
111299594167177765377	0.2	1
107404242080797040590	0.2	2
100001335679005290172	0.2	1
103774801577939370178	0.2	1
108900977513997890601	0.2	1
118423257317463958370	0.2	1
117448569122980078197	0.2	1
114504022490238986254	0.2	1
102227359845636175866	0.2	1
103221593976723314191	0.2	1
111467732620114456012	0.2	1
108270712126515524163	0.2	2
116849062506250163587	0.2	2
106534595119425555879	0.2	1
109549749746353031555	0.2	2
101019756027824280350	0.2	1
105665929212275882883	0.2	1
118007706416783694636	0.2	1
101651622858241862139	0.2	1
113797508378819391794	0.2	1
102285179851236075328	0.2	1
105756423183388339722	0.2	2
103958441795544241153	0.2	1
113746513134170037191	0.2	2
116992234810067730471	0.2	1
110679139153805343729	0.2	2
102600746400603542680	0.2	1
103452050798248282778	0.2	2
106644585677637197494	0.2	2
106269621552267099538	0.2	1
117895678280823934625	0.2	1
105034220628990195204	0.2	2
108490791507069410168	0.2	1
104532246671367338631	0.2	1
106740660443615999862	0.2	1
115490868856377625184	0.2	1
108945515852927781451	0.2	1
117036300497129547964	0.2	3
106749686166469577692	0.2	1
109385188178546641401	0.2	1
117048902459555283676	0.2	2
111206082381303623002	0.2	1
111171416539633276676	0.2	1
112140832256259280260	0.2	2
115902624402701285324	0.2	1
100636618833419542499	0.2	2
107507539268974734333	0.2	1
117668392750579292609	0.2	1
109504515764879498278	0.2	2
106962145870941126878	0.2	1
108316670838828910396	0.2	2
116893526064680428195	0.2	1
102762278318790381974	0.2	1
118369296774508770337	0.2	1
110547897079653314785	0.2	2
112902738284627121127	0.2	3
102002579494373754538	0.2	1
101681698460010159459	0.2	1
105438216157712951149	0.2	1
115260307850276266872	0.2	1
107179289042593463605	0.2	1
100097903377179407431	0.2	1
109039350117108726412	0.2	1
101214841967281809074	0.2	1
100203083680599645929	0.2	1
114399570243387179751	0.2	1
106574152861326569253	0.2	1
110741836870151771516	0.2	2
102095237063735154826	0.2	1
108029374402508717113	0.2	1
108983794324695703724	0.2	1
113146799877690470424	0.2	1
112336147904981294875	0.2	1
105920130412372989728	0.2	1
103105397081674629652	0.2	1
103370381849300614410	0.2	2
104024315736882237814	0.2	2
103503116383846951534	0.2	1
107895589408692326451	0.2	2
112092512210114124300	0.2	1
109928491957846113803	0.2	1
105753650306645199736	0.2	2
109298713787417763486	0.2	1
117377434815709898403	0.2	1
115766672133182501397	0.2	1
105237921709043602191	0.2	2
105952074289560274827	0.2	2
109938202835872364257	0.2	1
109084698270530348428	0.2	2
104617330034406495520	0.2	2
105764313630564677305	0.2	2
110295844480825936400	0.2	2
104482523701688869957	0.2	1
103971374697204828337	0.2	1
112707199408484711520	0.2	2
110245349148315751686	0.2	1
114528985322988635732	0.2	2
107323726887023845557	0.2	2
103957402175604659608	0.2	2
111905747642955002679	0.2	1
113677133587948721156	0.2	2
102687596996952607321	0.2	1
109334623161982995485	0.2	1
110238935560707239802	0.2	1
108246157440293603595	0.2	1
114570324019678079120	0.2	1
102353406400546786856	0.2	2
104474402194287396870	0.2	1
105216491640488683417	0.2	2
114823081708431165110	0.2	2
111112219933154879358	0.2	1
109542090307382113085	0.2	1
101943035898572565380	0.2	1
100322350364781224911	0.2	1
103009042022920905686	0.2	1
102691005290181713701	0.2	1
110109050164240978800	0.2	2
105564428961976656838	0.2	1
102266068197853395498	0.2	1
114739558093601487367	0.2	2
118147897097670149361	0.2	2
100512649718649402368	0.2	1
100107863952801988267	0.2	1
111215626086255858123	0.2	1
117231150417495184962	0.2	1
117386232350873428301	0.2	1
109636832430539878250	0.2	1
116110100265253920088	0.2	1
116104844336127604143	0.2	1
107188788248244608953	0.2	1
100254540977147179100	0.2	1
105859070951290270749	0.2	1
102674763947640278957	0.2	1
114530703093564359827	0.2	1
106075758531242552855	0.2	1
104715827665481956576	0.2	1
109450535379570250650	0.2	1
112528604568167140988	0.2	1
112169345442528033366	0.2	2
106883640512515214820	0.2	1
101419039060313306057	0.2	1
109914922891539832727	0.2	1
113016455464110944014	0.2	2
114804209965724781514	0.2	1
118153481843054469599	0.2	2
110527332382139046457	0.2	1
113158814439512755352	0.2	2
103449995781766635357	0.2	1
103173073620061914688	0.2	1
108128002074823934634	0.2	2
116130450559157224410	0.2	2
106787128971299575089	0.2	1
110463607983493311375	0.2	1
116244751484241690077	0.2	2
101524375883443415732	0.2	1
107310017590537849030	0.2	1
104834129907874592944	0.2	1
103770531046791651608	0.2	2
111849478427665530528	0.2	1
111411219078746581402	0.2	3
104289213949175742145	0.2	1
104819118842368926037	0.2	2
117551356312534460354	0.2	2
107542963091048214466	0.2	1
116653139503269351554	0.2	1
107754642039156183463	0.2	2
106410732718450585351	0.2	1
117115170288798542654	0.2	2
118120364585932387777	0.2	1
115220228182866909424	0.2	2
113271433504869081420	0.2	2
109955627730707939868	0.2	1
115910379058188297789	0.2	1
111885276734433865550	0.2	2
113751283404152316115	0.2	2
111949424782821358795	0.2	1
117092447649688739956	0.2	1
104672614700283598130	0.2	2
104968519195250427239	0.2	2
110502833538176908275	0.2	1
118294356014090057757	0.2	2
117049011508871277735	0.2	2
116247667398036716276	0.2	1
104732539929648798189	0.2	2
116623327998293900505	0.2	1
105612667855212149293	0.2	2
107790367245887975375	0.2	1
104401462206426890612	0.2	1
103737419654703434116	0.2	1
113972907640567999889	0.2	2
104894729290120450015	0.2	2
117548565383494128638	0.2	1
105710309787324452079	0.2	1
112014621079188744847	0.2	2
111190520298905810609	0.2	2
105044185841183170612	0.2	1
116415095303666893645	0.2	1
112807126566758001793	0.2	2
112846741970860239916	0.2	1
105925348397676661406	0.2	1
112955170148517351887	0.2	2
101979785188725120579	0.2	1
114572152684056913477	0.2	1
103068825327398983563	0.2	1
101488480621820301423	0.2	1
102885884959115496287	0.2	1
110709982674874192300	0.2	2
103868989716812476286	0.2	1
113821933403987466320	0.2	1
116755735817743378338	0.2	2
107948437960557548607	0.2	1
103271854595568400539	0.2	3
105011017294555740168	0.2	1
109123727761757726835	0.2	2
112652419137339945915	0.2	1
118283670305628824379	0.2	1
101822180524655938027	0.2	1
105655524288450260451	0.2	1
115710955898707487722	0.2	1
105687526325716836111	0.2	1
111378435554188237250	0.2	1
113431822838058310208	0.2	1
115422160411497346366	0.2	2
110334143643816920823	0.2	1
111392229243756687840	0.2	2
116756512638937817440	0.2	1
103030116155431184588	0.2	1
114320120227498558398	0.2	2
102744204589861602512	0.2	2
101019272204543660608	0.2	1
107652109540961048950	0.2	1
108887459145005506792	0.2	1
104794630193098820762	0.2	2
104655198114524014556	0.2	2
111124930081935539248	0.2	1
114104160883956210318	0.2	1
112247203025001649619	0.2	2
118389515747472185082	0.2	2
102476152658204495450	0.2	2
115602760308324028776	0.2	2
110106586947414476573	0.2	1
107024787145643405462	0.2	1
100345329484639766661	0.2	1
104441058792937995285	0.2	1
102618047349606277909	0.2	1
104496246373557146817	0.2	2
101908553842687394193	0.2	2
109867156774464788470	0.2	2
107429251778993111827	0.2	2
107029192075743210845	0.2	1
106944937071175006401	0.2	3
106278039918515736364	0.2	2
102100900281506406178	0.2	1
111104766632042172729	0.2	1
101797321563090647825	0.2	1
110951533543637767358	0.2	1
103164003989913651658	0.2	1
113723385189467117257	0.2	1
113902149468886573673	0.2	1
116805285176805120365	0.2	1
100185707560478368490	0.2	2
117222032834179784006	0.2	1
118438487091768415258	0.2	2
112960201172167885583	0.2	1
103326923984364791144	0.2	1
111453662028603431666	0.2	1
110087166988677132681	0.2	1
115716916626929869950	0.2	1
117750925255977689651	0.2	2
102221942940843100503	0.2	2
115583644746174615556	0.2	2
117679238902343234690	0.2	1
101396087935203987162	0.2	1
116008682241717968930	0.2	2
102349987850176560760	0.2	1
111742075541654959004	0.2	1
108453197874404598653	0.2	2
109764632117149529231	0.2	1
114919251411079793065	0.2	1
114722362043662276565	0.2	1
108952536790629690817	0.2	1
105693760650527951874	0.2	1
114224073212879076999	0.2	1
111621508968310608742	0.2	1
106250324021947943878	0.2	1
106112196209337820239	0.2	1
116992283782428251847	0.2	1
107850060453971630294	0.2	1
118395697585243587039	0.2	1
112872110915392647061	0.2	1
100246876195123796634	0.2	2
104288642732197633132	0.2	3
117561536843314919073	0.2	1
101570646809005971534	0.2	1
101921739574000857124	0.2	2
111734512746681630643	0.2	1
102772320145889902642	0.2	1
101681869319698453020	0.2	2
111948405981929312054	0.2	2
103803071957120355168	0.2	1
103754097164328193776	0.2	2
101080824538918354546	0.2	1
106702963465506867582	0.2	1
103639605101618596263	0.2	2
104437199009265167412	0.2	1
100982727274057536112	0.2	1
109163370142500370236	0.2	2
111347656633176429441	0.2	2
111648754688449664694	0.2	1
117181252041591913026	0.2	1
106383062414578378285	0.2	1
114331065300263201454	0.2	2
116252237668718986379	0.2	1
113293528739131799840	0.2	1
103008963082975341976	0.2	1
112475738395379591504	0.2	2
115390855161234949409	0.2	2
104730246397625184880	0.2	2
111540036472360256877	0.2	2
107992561463236770187	0.2	1
118406091615492112429	0.2	1
108925095650421163240	0.2	1
107044824725885567955	0.2	1
103566335342421283064	0.2	2
113354754383337363557	0.2	2
115182741546942495442	0.2	2
100623276740673202144	0.2	1
100800462355416327354	0.2	1
108629717769018996477	0.2	1
111548137920489485631	0.2	1
105660264740595166181	0.2	1
107520568772200234207	0.2	1
100788586112030407587	0.2	1
106134771702036139732	0.2	1
117638939655346687228	0.2	1
107006572573108825996	0.2	1
105205702889931332727	0.2	1
114884499057277941548	0.2	2
108535596302215415825	0.2	1
103040064606340581204	0.2	2
111071913029860644038	0.2	2
101317889909560895003	0.2	2
114955415628566000965	0.2	1
109593947004281665697	0.2	1
115817693259775072515	0.2	1
115655034901162574758	0.2	2
109290081130683690010	0.2	1
110823652171439094038	0.2	2
115663008129171661919	0.2	1
103944881260880010700	0.2	1
117657137420162434975	0.2	1
103886115819120247663	0.2	1
105600953173851209416	0.2	2
100445600040262907080	0.2	2
105228588551923026896	0.2	1
102072064821745107409	0.2	1
105734935003600818916	0.2	1
115319136089718062451	0.2	2
118273750650137932228	0.2	1
118067224222108261882	0.2	1
102132208040210086853	0.2	3
107098955698070709587	0.2	1
105412310357466966462	0.2	2
114238848179918960497	0.2	1
116551430990291119287	0.2	1
115558364175247828941	0.2	2
112645687732726255348	0.2	1
118393309969780270904	0.2	1
106025365377813448269	0.2	1
102402381285583693264	0.2	1
106630570316122323308	0.2	2
112575776456975005753	0.2	1
118438971393383979847	0.2	2
112264433611949366785	0.2	1
109717218820035296552	0.2	2
115940511630531767202	0.2	1
112267968031995007637	0.2	2
108775206814590042929	0.2	1
117027402519947885625	0.2	1
104620557066160322663	0.2	1
117475115751695635499	0.2	3
117210233063719495720	0.2	2
102172811670237782352	0.2	1
104626068255797649832	0.2	1
103333429938529668020	0.2	1
106256542333639050550	0.2	2
117668300375109028527	0.2	2
103420170788006828537	0.2	2
105833304320706036441	0.2	3
103198143811996695824	0.2	1
105952263509838815067	0.2	1
111525232773075792188	0.2	1
109719799072495240866	0.2	1
107933423797438291178	0.2	2
111332331975713255267	0.2	2
113551940475945830087	0.2	1
107160952536032338720	0.2	1
102499192052846633835	0.2	1
105758948654365186665	0.2	2
103978918457106656392	0.2	2
105988102646379717467	0.2	1
102833622706620944824	0.2	2
103464207070838135710	0.2	2
103557102007464977255	0.2	2
106895761306501470368	0.2	2
100196790907630189606	0.2	1
116175404549889452585	0.2	1
108222875243001434722	0.2	1
109015404841945658446	0.2	2
107752625551262902333	0.2	1
110344714568317765099	0.2	1
111684798358382254798	0.2	1
112464385220852441782	0.2	1
115748662504454470929	0.2	1
108847909593713643143	0.2	1
110622098561354224925	0.2	1
108299916475898103636	0.2	3
113318506244391641412	0.2	2
116113014152499702246	0.2	1
100586853964716109844	0.2	1
105915446693759369303	0.2	2
105579642903252273413	0.2	1
113607881597695397209	0.2	2
113148742025783782003	0.2	2
113996252078707377229	0.2	1
103936827743475359519	0.2	1
117228434140977865520	0.2	2
101277341373293838861	0.2	1
101563480151464217010	0.2	1
118108930161535398806	0.2	1
115821440596632746308	0.2	2
109280758276914754699	0.2	2
112906384394401773102	0.2	1
104273851304633009419	0.2	2
110638812861573439913	0.2	1
105486927159495363837	0.2	2
115053975672650597157	0.2	2
115075323247952440549	0.2	1
107318755726306418878	0.2	2
101201103250916208004	0.2	1
116665417191671711571	0.2	1
101835000681552189605	0.2	1
104315334649820883128	0.2	1
111765547823346719833	0.2	1
115829854934725647908	0.2	1
104495868343034960513	0.2	1
118058186191196793180	0.2	2
106408466329087464312	0.2	2
115779457312533147969	0.2	1
109483676857525188764	0.2	1
104902813301889128355	0.2	2
102581227473432234733	0.2	2
113238422455846169595	0.2	2
110687757011038291457	0.2	1
118297780429110098708	0.2	2
104417470411921893715	0.2	1
105574566053602019710	0.2	1
102991700177087923792	0.2	2
103405347001806295230	0.2	2
103993063758755013675	0.2	2
104798163388632812634	0.2	1
113255240335204167235	0.2	1
104778171237881945448	0.2	1
104921271849983300661	0.2	1
103035097988942761510	0.2	1
104219386206797402856	0.2	2
111705226518094626854	0.2	1
101500135264222614722	0.2	1
114807257227149972393	0.2	1
108448354888855585728	0.2	1
108473613890726215442	0.2	2
114822401067576646327	0.2	2
116454481080146775059	0.2	1
105445338044186927815	0.2	1
112025209852076779883	0.2	1
117640248138077345065	0.2	1
101362948056949158872	0.2	1
113856006709781039744	0.2	1
112394100434168448134	0.2	1
118168279746315804532	0.2	2
117206529901765597762	0.2	1
105496684652747563257	0.2	2
114503718663848433100	0.2	1
104894006540398879413	0.2	2
110376425215070623592	0.2	1
116965267710490973941	0.2	2
115760193715258524111	0.2	1
116221526277279145569	0.2	1
114607043207014058571	0.2	1
110101035016729396914	0.2	1
112589088096634835800	0.2	2
118299667449479880088	0.2	1
106091062692012637006	0.2	2
108621719653149463970	0.2	2
109264356117083804612	0.2	1
106798642791378451894	0.2	1
103422496107977957157	0.2	1
110638616023061101774	0.2	1
104424071110633470452	0.2	1
106268128704132883440	0.2	1
100093633243002101946	0.2	1
115956519001387604423	0.2	1
105454910293315287482	0.2	1
102563035692347750787	0.2	2
109826927002856524232	0.2	1
111694424168117997300	0.2	1
116665008760556570165	0.2	1
117985411725233429704	0.2	2
102023200234540055360	0.2	1
105896517491618631584	0.2	1
110527382933257672070	0.2	1
109544876955673200442	0.2	1
103784086854892155508	0.2	1
101132005878591973844	0.2	1
109417973626424512107	0.2	1
105480734764563996458	0.2	2
113849047592751794110	0.2	1
112793037256406785714	0.2	2
104828307327495742132	0.2	1
109299464770551724162	0.2	2
107417434288149766416	0.2	1
100230446349484922244	0.2	2
105787540670583501024	0.2	2
115270351257026959175	0.2	1
103973455051678273599	0.2	2
107086736447337540083	0.2	1
102823920049128932015	0.2	1
113767547570665180834	0.2	1
110967003094003846420	0.2	1
108604672606964123066	0.2	2
110944062202435251927	0.2	1
108803808925796171042	0.2	2
107510966793623206158	0.2	1
115506459474263115729	0.2	1
107417903339410310061	0.2	2
113010193794892926956	0.2	1
103810499954027789961	0.2	1
102518920220768175492	0.2	1
114963834072983217893	0.2	1
114345088983696054564	0.2	1
117549844224112607907	0.2	2
103374586129697495789	0.2	1
112794502503234312526	0.2	1
116342937492510737097	0.2	3
101475873089004686144	0.2	1
112811673193707452095	0.2	2
105806736213806651424	0.2	2
113971903490532346524	0.2	1
114030999894118601477	0.2	1
105315257572454829888	0.2	2
115975906559228949315	0.2	2
112765427995445669860	0.2	2
117889637050142878732	0.2	1
112596973929133983413	0.2	2
112754019546978412552	0.2	2
110264775653241069080	0.2	1
101231642608534126028	0.2	1
107278202971120541107	0.2	2
108575859131305601318	0.2	1
102627428277261372105	0.2	2
111904096418000173220	0.2	3
100708263285404833152	0.2	1
115776498080364677395	0.2	3
101652129785704213464	0.2	1
116191516547813349655	0.2	1
110959274481433125946	0.2	2
116235405365433218053	0.2	1
111217186051173691534	0.2	1
107683323104548846866	0.2	2
108898926867111405384	0.2	1
104834594718062506982	0.2	1
110785159332955412925	0.2	1
113678580324224585319	0.2	2
113621360664486768036	0.2	2
108215524664944117028	0.2	1
115236512956265833823	0.2	2
114099941802365530006	0.2	2
112662956693744460184	0.2	2
106636243581290547979	0.2	2
104868017279930732451	0.2	2
108595700991620014504	0.2	2
112824751448466522228	0.2	2
111176826370960195207	0.2	2
114376635453875125639	0.2	1
103432167128034256201	0.2	1
116083619249156426296	0.2	2
102615521100019452005	0.2	1
106283818635324119407	0.2	1
100052957084424440357	0.2	1
112908575472041006742	0.2	2
101265287919160637317	0.2	2
112552559412330548629	0.2	1
102861375672472314612	0.2	1
102935878222784575211	0.2	1
105669519205292144509	0.2	1
107507442123045853663	0.2	2
111522208161873916249	0.2	2
114217153012902253990	0.2	1
113062965356511281340	0.2	2
101143184221092869657	0.2	1
105871778685391948855	0.2	1
107500101027392165863	0.2	1
117929151921447138991	0.2	2
111164126943417289040	0.2	2
114365566709887894898	0.2	1
106648345690389360149	0.2	2
101308526008734545450	0.2	2
104258168000795888468	0.2	1
102200998221061156689	0.2	2
104039336747040488845	0.2	1
116653509077374033362	0.2	1
109511618952370146022	0.2	2
110405747555663372583	0.2	2
107426871090359403878	0.2	1
100578202127502407103	0.2	2
108322376993165370633	0.2	1
100274617726048487544	0.2	1
103421928009910231852	0.2	2
105571448479202248188	0.2	1
118033329443075697847	0.2	2
113264503288361676527	0.2	2
101787006780314545297	0.2	1
112046310250789469294	0.2	3
102019138816024824879	0.2	2
115625131810498991892	0.2	1
101613055785121845359	0.2	2
104269540479624481961	0.2	1
108414034662064714892	0.2	2
117763652322289726185	0.2	2
117736038773715729119	0.2	1
117828078952910061183	0.2	1
116566097540191108280	0.2	1
109207544331100840086	0.2	2
104279218525163894369	0.2	2
114301362165460226616	0.2	1
114272995281654754782	0.2	1
112344184964857951934	0.2	1
106490732565964296114	0.2	2
105837061859331808857	0.2	3
101684068410804378352	0.2	2
101696319206492521047	0.2	2
101111269969899151919	0.2	1
102852218885199491790	0.2	2
101922472923539870691	0.2	2
115906013156171658426	0.2	2
102782974575989877402	0.2	2
111861580511300702231	0.2	2
105927424338625934996	0.2	2
114886348310358897265	0.2	2
110536875882868710353	0.2	1
100624576088663212368	0.2	2
108116655529340933074	0.2	2
100102859847991436582	0.2	2
112368013062042126935	0.2	2
115121537413739694349	0.2	3
115200582037632896363	0.2	2
110034745150858797745	0.2	2
107436128401717488892	0.2	2
101332865418694077887	0.2	2
103321426123607167539	0.2	2
118251397059322408929	0.2	2
118126828107436264265	0.2	2
104842695134025786970	0.2	1
112267030472024201271	0.2	2
111809692868588191863	0.2	2
110655379401998798169	0.2	2
113154912320931753559	0.2	2
117589037325029762480	0.16666666666666666	1
114486791229890946548	0.16666666666666666	2
115006038926176343412	0.16666666666666666	1
111288933683058175244	0.16666666666666666	1
113008179845122600728	0.16666666666666666	2
108559990721563272962	0.16666666666666666	2
113814416929914847526	0.16666666666666666	1
116802117190197146689	0.16666666666666666	2
100518419853963396365	0.16666666666666666	2
106695181236161584825	0.16666666666666666	2
101849747879612982297	0.16666666666666666	3
103996269149735494674	0.16666666666666666	2
116834031837893676609	0.16666666666666666	2
110318982509514011806	0.16666666666666666	1
112661262066626464523	0.16666666666666666	1
104002173477731609551	0.16666666666666666	1
109281010238870112985	0.16666666666666666	1
116107524444795858374	0.16666666666666666	1
104299069067050790227	0.16666666666666666	1
114369704013100203178	0.16666666666666666	1
100741886359727995612	0.16666666666666666	1
117291172056174753422	0.16666666666666666	1
104195596535276000851	0.16666666666666666	1
103557643453907490821	0.16666666666666666	1
107814010645733629321	0.16666666666666666	1
104169661427729493227	0.16666666666666666	1
114452583189695653393	0.16666666666666666	1
105607300115323620363	0.16666666666666666	1
115778153772255747132	0.16666666666666666	1
113612142759476883204	0.16666666666666666	2
107654028127583265907	0.16666666666666666	1
103752184467836846598	0.16666666666666666	2
108083780952428654774	0.16666666666666666	1
111345207822564375097	0.16666666666666666	1
117047713892137676195	0.16666666666666666	2
105345566147236475531	0.16666666666666666	2
111538009015644508967	0.16666666666666666	2
113677165628421053943	0.16666666666666666	2
105345546675065855436	0.16666666666666666	1
118207880179234484610	0.16666666666666666	2
113455290791279442483	0.16666666666666666	1
116218891431165423510	0.16666666666666666	1
117387849135768645836	0.16666666666666666	1
111213696402662884531	0.16666666666666666	1
100095245926948995335	0.16666666666666666	1
114669587841751082928	0.16666666666666666	1
103098035528591529767	0.16666666666666666	1
100041278096196429823	0.16666666666666666	1
115711522874757126523	0.16666666666666666	1
108716416588282864810	0.16666666666666666	2
107945426404682361496	0.16666666666666666	1
100112279295075843516	0.16666666666666666	1
104635208492390994067	0.16666666666666666	2
101609582118994470760	0.16666666666666666	1
104975154049785009296	0.16666666666666666	2
102375745393898825577	0.16666666666666666	2
118418436905562612953	0.16666666666666666	2
106563076987268237912	0.16666666666666666	1
114444787497634956610	0.16666666666666666	1
102234396673844635942	0.16666666666666666	1
116661995144454355177	0.16666666666666666	2
101080167733770848150	0.16666666666666666	1
103493459351957813291	0.16666666666666666	2
115999124538190056568	0.16666666666666666	2
116265828399001050082	0.16666666666666666	1
101510589209151784871	0.16666666666666666	2
116942300625368333154	0.16666666666666666	2
107540638333054762391	0.16666666666666666	2
100300281975626912157	0.16666666666666666	1
103302536001155423090	0.16666666666666666	1
110976579232070616467	0.16666666666666666	1
114669837780566165027	0.16666666666666666	1
118414137717680725075	0.16666666666666666	1
113027045900326447111	0.16666666666666666	1
100817211548713875249	0.16666666666666666	1
118333545580316646057	0.16666666666666666	1
110955367467241342189	0.16666666666666666	2
111453632011274561568	0.16666666666666666	1
109746540495919889829	0.16666666666666666	1
118288677803669045388	0.16666666666666666	2
111334920154066266731	0.16666666666666666	1
108000051912603578599	0.16666666666666666	1
112338860610092120897	0.16666666666666666	1
102455783612715414179	0.16666666666666666	2
102887292457967781591	0.16666666666666666	1
113387268363968644500	0.16666666666666666	1
112917540183250234327	0.16666666666666666	1
101691029523174370103	0.16666666666666666	2
100878371004812042212	0.16666666666666666	1
118326300027699822727	0.16666666666666666	1
118274547296450170219	0.16666666666666666	1
102180718550660271204	0.16666666666666666	2
116089220666654676949	0.16666666666666666	2
107344720766925435608	0.16666666666666666	3
101111725148957537937	0.16666666666666666	2
100817955763300677682	0.16666666666666666	1
112333115330954815677	0.16666666666666666	2
104151108805226937665	0.16666666666666666	2
104948006748800468569	0.16666666666666666	1
110565451469358079473	0.16666666666666666	1
115087134455220854375	0.16666666666666666	2
102686253085344546893	0.16666666666666666	1
107393995800822109062	0.16666666666666666	2
106058291903749701551	0.16666666666666666	1
103746586135522517511	0.16666666666666666	1
110953639273542670640	0.16666666666666666	1
101585637014109554082	0.16666666666666666	1
118255645714452180374	0.16666666666666666	2
108905292682757761206	0.16666666666666666	2
110015984683167645961	0.16666666666666666	2
104573067869333761239	0.16666666666666666	1
109523302262898329619	0.16666666666666666	1
117632850246855922466	0.16666666666666666	1
110485848831390002395	0.16666666666666666	1
117407518457269833568	0.16666666666666666	1
101081302875324360817	0.16666666666666666	1
116507162463328305307	0.16666666666666666	1
104785610905556987707	0.16666666666666666	1
104197016660690472057	0.16666666666666666	2
100904865892153488706	0.16666666666666666	1
102246593032011574176	0.16666666666666666	2
115182601594934760469	0.16666666666666666	1
100936611936552412031	0.16666666666666666	1
107550335129662216109	0.16666666666666666	1
108751830558820397041	0.16666666666666666	2
109790893009607957025	0.16666666666666666	1
115160200499252426477	0.16666666666666666	1
113205694097345006483	0.16666666666666666	1
110776261543998947871	0.16666666666666666	1
116069089729179825738	0.16666666666666666	1
105736845776186133351	0.16666666666666666	1
110790102412093517128	0.16666666666666666	1
108550577148274950988	0.16666666666666666	1
110858451063255205832	0.16666666666666666	1
110327589967267150972	0.16666666666666666	1
105861266774744242347	0.16666666666666666	1
112353210404102902472	0.16666666666666666	1
108583549213384762507	0.16666666666666666	1
111362418267183364740	0.16666666666666666	1
102130833185784239077	0.16666666666666666	2
106419400577988151299	0.16666666666666666	1
104768621699284314998	0.16666666666666666	2
100353346783543697435	0.16666666666666666	1
116085227539816931637	0.16666666666666666	2
106711299320074972410	0.16666666666666666	1
113556002842571527057	0.16666666666666666	1
117697399358826098478	0.16666666666666666	2
118284599396182669786	0.16666666666666666	1
118060719740697519041	0.16666666666666666	1
115084795444005748714	0.16666666666666666	1
116999073173221895857	0.16666666666666666	1
116040565882702717981	0.16666666666666666	1
110047629741042205856	0.16666666666666666	1
107543460658107759808	0.16666666666666666	1
118319629794405081697	0.16666666666666666	1
115298787940212532225	0.16666666666666666	1
110852977300426652583	0.16666666666666666	1
116232115180783765801	0.16666666666666666	2
109052407698063968506	0.16666666666666666	2
105903729748935490987	0.16666666666666666	1
100843523415808753932	0.16666666666666666	1
115936804176235600319	0.16666666666666666	1
113801236315350503728	0.16666666666666666	2
105273088408721255415	0.16666666666666666	1
107438998639340158528	0.16666666666666666	1
117021019983334206536	0.16666666666666666	1
115058384974405026221	0.16666666666666666	1
112879841470105543012	0.16666666666666666	1
107539537192421649724	0.16666666666666666	1
104773474799178830141	0.16666666666666666	1
103262817965167800330	0.16666666666666666	1
110984932331305646603	0.16666666666666666	2
109799852943001494117	0.16666666666666666	2
111700516584018069412	0.16666666666666666	1
115088901772591504087	0.16666666666666666	1
113686253941057080055	0.16666666666666666	1
103553943253714956176	0.16666666666666666	1
108683542444839385457	0.16666666666666666	1
108499741559485802252	0.16666666666666666	2
104261567553968048744	0.16666666666666666	1
100055172690759548435	0.16666666666666666	1
111647958621817995641	0.16666666666666666	2
109871006461830954929	0.16666666666666666	1
105784275471581371864	0.16666666666666666	1
104002901148141071077	0.16666666666666666	2
114280882242349357711	0.16666666666666666	2
109261971356283437190	0.16666666666666666	1
107276141498259738178	0.16666666666666666	1
104560661985422965465	0.16666666666666666	1
117422232384547993731	0.16666666666666666	2
109798756441992181113	0.16666666666666666	1
115360471097759949621	0.16666666666666666	1
106680779913307249746	0.16666666666666666	1
108157030836771255408	0.16666666666666666	2
105630546573679029485	0.16666666666666666	2
100645956983550164138	0.16666666666666666	1
117580704288376500422	0.16666666666666666	1
105182791792169099953	0.16666666666666666	2
111874157127583729303	0.16666666666666666	1
112552649874585266587	0.16666666666666666	1
117688352808031191197	0.16666666666666666	2
111326252849459841758	0.16666666666666666	1
107607271348767958034	0.16666666666666666	2
112395984886882740302	0.16666666666666666	1
116918580596891691114	0.16666666666666666	1
113656221495327458867	0.16666666666666666	2
102058387649446008274	0.16666666666666666	2
116691136217597661821	0.16666666666666666	1
117114651373206628096	0.16666666666666666	2
103555623575002347232	0.16666666666666666	1
107297476269882277750	0.16666666666666666	1
106851066345697468164	0.16666666666666666	3
107862204044204412316	0.16666666666666666	2
103740436504596047380	0.16666666666666666	1
103845216349114091071	0.16666666666666666	1
113336237017781533917	0.16666666666666666	2
115748588093440663784	0.16666666666666666	2
102152895867236952925	0.16666666666666666	1
114061993169864337691	0.16666666666666666	1
113071523885727746630	0.16666666666666666	2
113190229460560085138	0.16666666666666666	1
113775216082198424237	0.16666666666666666	2
117877443812790894833	0.16666666666666666	1
112706867431024253970	0.16666666666666666	1
104918713423660379008	0.16666666666666666	2
112072934052683456906	0.16666666666666666	2
118352207748016651114	0.16666666666666666	2
113127438179392830442	0.16666666666666666	1
100038654959459896094	0.16666666666666666	1
117439726142720584478	0.16666666666666666	1
115969509634151643912	0.16666666666666666	2
111560063959048313170	0.16666666666666666	1
103780102880716731763	0.16666666666666666	1
108093196978439295882	0.16666666666666666	1
117230771267655550614	0.16666666666666666	3
118336139840053353940	0.16666666666666666	1
116811352610210135232	0.16666666666666666	1
100749732173301042685	0.16666666666666666	1
101235095970404720691	0.16666666666666666	1
108855274112594118541	0.16666666666666666	1
114236604403554541461	0.16666666666666666	2
117680951868241378421	0.16666666666666666	2
102228067081586135176	0.16666666666666666	1
100525543072391067582	0.16666666666666666	1
106896690615160948964	0.16666666666666666	2
114441530895423069530	0.16666666666666666	1
101891715056742297073	0.16666666666666666	2
114379643382284182599	0.16666666666666666	1
106790499891431007378	0.16666666666666666	2
115092618674037171358	0.16666666666666666	1
106407292572142932910	0.16666666666666666	1
114048628995185346979	0.16666666666666666	1
111396885803755089783	0.16666666666666666	2
110584931960375376509	0.16666666666666666	1
112119243569859930306	0.16666666666666666	1
100499442287165315889	0.16666666666666666	1
110163380768023994014	0.16666666666666666	1
118305754784456457382	0.16666666666666666	1
117837381496352144145	0.16666666666666666	1
117726361528999886077	0.16666666666666666	1
113986223585091569176	0.16666666666666666	2
103239655111676058756	0.16666666666666666	1
116478618781099942956	0.16666666666666666	1
102148141591862010927	0.16666666666666666	1
102991058418888569432	0.16666666666666666	1
115684221573240269192	0.16666666666666666	1
117646138442789462161	0.16666666666666666	2
102874715126169950448	0.16666666666666666	2
114371356065642402799	0.16666666666666666	1
109598700629535139005	0.16666666666666666	2
117764818610093808197	0.16666666666666666	1
114276615447283253854	0.16666666666666666	1
105998629604669525763	0.16666666666666666	1
102814624476309851569	0.16666666666666666	1
116600660010359542514	0.16666666666666666	2
101162786440405412078	0.16666666666666666	1
104454179577728845932	0.16666666666666666	2
100771300110997138930	0.16666666666666666	1
102910717287359789971	0.16666666666666666	1
115465320360992367775	0.16666666666666666	2
101502848398462970704	0.16666666666666666	2
109970338579215706051	0.16666666666666666	1
111153294204478788673	0.16666666666666666	2
107343373347490474375	0.16666666666666666	2
117599103108596130864	0.16666666666666666	1
104860639636456380840	0.16666666666666666	1
109468054380890853863	0.16666666666666666	1
110220628396247906746	0.16666666666666666	2
116560316166375750536	0.16666666666666666	2
112546833633391090642	0.16666666666666666	1
108902891369923975212	0.16666666666666666	1
109464187669184447183	0.16666666666666666	1
107885916566029816834	0.16666666666666666	2
111969250383229108195	0.16666666666666666	1
115119681954352210934	0.16666666666666666	1
116093267689670157115	0.16666666666666666	2
117033941962309359666	0.16666666666666666	1
101008239198078836230	0.16666666666666666	2
107780369408683232321	0.16666666666666666	1
116257929001712611474	0.16666666666666666	1
108022928752820018688	0.16666666666666666	2
106445763599643043837	0.16666666666666666	2
112492933628695918241	0.16666666666666666	1
116922400877857727159	0.16666666666666666	1
100000772955143706751	0.16666666666666666	2
117327100275929675274	0.16666666666666666	2
110314011127555483983	0.16666666666666666	1
108944107725127713338	0.16666666666666666	2
112872927563871212990	0.16666666666666666	2
114815362689552468369	0.16666666666666666	2
113279811202875553906	0.16666666666666666	1
103612688502131874922	0.16666666666666666	2
102252831992106606121	0.16666666666666666	2
112283105503421994830	0.16666666666666666	1
106927039399291870091	0.16666666666666666	2
106605634388409824372	0.16666666666666666	1
109373983091852652872	0.16666666666666666	1
111889819350972920964	0.16666666666666666	1
108806835846134847527	0.16666666666666666	1
115392951895946183772	0.16666666666666666	2
108942655511155641495	0.16666666666666666	1
117904950948868701862	0.16666666666666666	2
111266491586182554812	0.16666666666666666	2
105282599775254668624	0.16666666666666666	2
101432073546896267558	0.16666666666666666	1
109689071029030824390	0.16666666666666666	1
105460758158111874038	0.16666666666666666	1
114188846371504345991	0.16666666666666666	2
102271438573646882972	0.16666666666666666	1
113238407296509200124	0.16666666666666666	2
108819502658325746487	0.16666666666666666	1
100440592260445498490	0.16666666666666666	1
110906152117357886920	0.16666666666666666	1
106473830349927971727	0.16666666666666666	1
117816873275931593639	0.16666666666666666	1
118043858711426094400	0.16666666666666666	1
109405283300063215490	0.16666666666666666	2
110438090236923626992	0.16666666666666666	2
117697379995591819341	0.16666666666666666	1
110323990716948783431	0.16666666666666666	1
107273065980525739113	0.16666666666666666	1
110874049667430812384	0.16666666666666666	1
114991987213662121376	0.16666666666666666	2
111419564832268061657	0.16666666666666666	1
101953803500909190578	0.16666666666666666	1
103155131923366332522	0.16666666666666666	2
109046442675811528997	0.16666666666666666	1
118233019308203333391	0.16666666666666666	1
116635525707255595876	0.16666666666666666	1
100982542565040210759	0.16666666666666666	2
109498653472573704056	0.16666666666666666	1
113749818166105067924	0.16666666666666666	1
110619709566481201901	0.16666666666666666	2
115496151133181718319	0.16666666666666666	3
100727313808006531504	0.16666666666666666	2
107355720890672333961	0.16666666666666666	2
111447934209946953176	0.16666666666666666	1
111208557422049534806	0.16666666666666666	1
107149075470261453144	0.16666666666666666	1
113791803082299964603	0.16666666666666666	1
107452850218025848571	0.16666666666666666	2
110137150141390083459	0.16666666666666666	1
102906040107953397618	0.16666666666666666	2
104565435763967464141	0.16666666666666666	1
108960800301499913996	0.16666666666666666	1
108549007839576077687	0.16666666666666666	1
101644064684438565885	0.16666666666666666	2
109468111451745701443	0.16666666666666666	1
110040394374625468234	0.16666666666666666	1
116761317580495279064	0.16666666666666666	2
104527162274929599166	0.16666666666666666	2
101097598357299353681	0.16666666666666666	1
112745347790923628984	0.16666666666666666	2
110123329356685715103	0.16666666666666666	2
111492265485578311237	0.16666666666666666	2
115127358006203006001	0.16666666666666666	1
113231028056176157335	0.16666666666666666	2
102699851535611089569	0.16666666666666666	1
114018839888172293747	0.16666666666666666	2
106591157457215814985	0.16666666666666666	1
115974753495210614959	0.16666666666666666	2
110550087531709444554	0.16666666666666666	2
111961226082405658644	0.16666666666666666	1
113790565384749902992	0.16666666666666666	1
105276218762858300444	0.16666666666666666	1
106589952529635238569	0.16666666666666666	2
107809282827769343375	0.16666666666666666	2
111237569704183901657	0.16666666666666666	1
108255525078505044151	0.16666666666666666	1
114583874249179807236	0.16666666666666666	1
102496919326399614601	0.16666666666666666	2
108063046508200296701	0.16666666666666666	1
112487086242158624925	0.16666666666666666	1
114917778474491974096	0.16666666666666666	2
101754546772868508120	0.16666666666666666	2
105963713552909075090	0.16666666666666666	1
112984495735210646356	0.16666666666666666	2
115611204339980536545	0.16666666666666666	2
110198784120777141148	0.16666666666666666	2
113372988066397119742	0.16666666666666666	1
115459293849841934105	0.16666666666666666	2
112507384994534077224	0.16666666666666666	2
117456606109949870031	0.16666666666666666	2
108909410092090333142	0.16666666666666666	1
109927484147791985788	0.16666666666666666	2
117176191452217071242	0.16666666666666666	1
107905031142323608632	0.16666666666666666	1
115781529253008931063	0.16666666666666666	2
112016758168531084450	0.16666666666666666	1
106612105393304503643	0.16666666666666666	1
101068728845444504631	0.16666666666666666	2
105553898034321900518	0.16666666666666666	1
113555718299762791835	0.16666666666666666	1
103419515185514354534	0.16666666666666666	2
104034130637876370107	0.16666666666666666	2
111125163879142385454	0.16666666666666666	2
104294692149577775370	0.16666666666666666	2
103954917149405004558	0.16666666666666666	2
104748620959403241968	0.16666666666666666	1
102641088293953476528	0.16666666666666666	2
102309175214159827744	0.16666666666666666	1
108291790892450338168	0.16666666666666666	1
101532498974757914184	0.16666666666666666	1
108615739427243145071	0.16666666666666666	1
111876358721590979074	0.16666666666666666	2
105136773102451807416	0.16666666666666666	3
106191302526817398177	0.16666666666666666	3
111294092564624483226	0.16666666666666666	1
103044522173130382644	0.16666666666666666	1
117371215212966840929	0.16666666666666666	2
109368156603554878486	0.16666666666666666	2
100616920935844120896	0.16666666666666666	2
109325568794080123329	0.16666666666666666	2
117153340166881326532	0.16666666666666666	2
111977840624837897711	0.16666666666666666	1
110322607454533121848	0.16666666666666666	1
113945293805484848312	0.16666666666666666	1
108888666212909653918	0.16666666666666666	2
104723143607035033070	0.16666666666666666	2
110835351725026783220	0.16666666666666666	2
100261968802862189375	0.16666666666666666	1
115057732785157650401	0.16666666666666666	1
118419720409631051792	0.16666666666666666	1
117984973117682676401	0.16666666666666666	2
117416570692199036719	0.16666666666666666	1
106807766637476284805	0.16666666666666666	2
101931747644288076622	0.16666666666666666	2
106574019416723658360	0.16666666666666666	3
117321585344348342172	0.16666666666666666	1
106785967302750937162	0.16666666666666666	1
111985435892551299539	0.16666666666666666	1
108050321106192246933	0.16666666666666666	2
118345797629177196397	0.16666666666666666	1
111516416754190244577	0.16666666666666666	2
116111933876321104717	0.16666666666666666	1
107543394874106031040	0.16666666666666666	1
111521875687170807176	0.16666666666666666	2
111989186835402108846	0.16666666666666666	2
113630364208001438805	0.16666666666666666	2
100979914381579163574	0.16666666666666666	1
105776498284651013932	0.16666666666666666	1
105957338504790719087	0.16666666666666666	2
117803489346464952983	0.16666666666666666	1
105389262752958447200	0.16666666666666666	2
106534250595757498021	0.16666666666666666	2
107176399025260037201	0.16666666666666666	2
108689434109519830316	0.16666666666666666	2
100892012166695504723	0.16666666666666666	1
100266027928753219107	0.16666666666666666	2
118293095279096320894	0.16666666666666666	2
108603641187954197551	0.16666666666666666	1
104918486374327073132	0.16666666666666666	2
113526461370086859203	0.16666666666666666	2
114239744642299645488	0.16666666666666666	2
110067667777729837335	0.16666666666666666	3
117373932216938226302	0.16666666666666666	1
114025835657302479229	0.16666666666666666	2
111224252874971464060	0.16666666666666666	1
103672368453285783511	0.16666666666666666	1
106755838841380604368	0.16666666666666666	1
109935252355888870839	0.16666666666666666	2
110605499396448253882	0.16666666666666666	2
102389997425517009286	0.16666666666666666	1
116521129091647051382	0.16666666666666666	1
105069299726337303709	0.16666666666666666	2
105258294795147341059	0.16666666666666666	2
106200647321953648336	0.16666666666666666	1
106679109849207105720	0.16666666666666666	1
110615055557989195671	0.16666666666666666	2
112190671470475871857	0.14285714285714285	1
116792953962445337353	0.14285714285714285	2
104789218149315172931	0.14285714285714285	1
106233874544499059067	0.14285714285714285	2
106154511303287429357	0.14285714285714285	1
105039935615495466615	0.14285714285714285	1
107264515902167457136	0.14285714285714285	1
102075825667265020728	0.14285714285714285	1
116041118667252988149	0.14285714285714285	2
114055975301837030490	0.14285714285714285	2
102887803239308433899	0.14285714285714285	1
100286617611388612584	0.14285714285714285	1
102802233032702794582	0.14285714285714285	1
105323241330497986011	0.14285714285714285	1
111090971956183443054	0.14285714285714285	1
104442682072554517297	0.14285714285714285	1
102843152201253929436	0.14285714285714285	2
107194675161962012437	0.14285714285714285	1
100480887378886266495	0.14285714285714285	1
112007694856441559834	0.14285714285714285	1
105978147330973913324	0.14285714285714285	2
112910791228840343439	0.14285714285714285	2
107940613488592745009	0.14285714285714285	1
112533224021155310604	0.14285714285714285	1
104327566964479541867	0.14285714285714285	2
103948383599095567999	0.14285714285714285	1
105763038319047469455	0.14285714285714285	1
101625444369731728245	0.14285714285714285	1
101848191156408080085	0.14285714285714285	1
111348367721689165446	0.14285714285714285	2
109377611827119910957	0.14285714285714285	2
117782072273251071720	0.14285714285714285	1
111918185765512960006	0.14285714285714285	2
101085122701925759530	0.14285714285714285	1
107391657957285250565	0.14285714285714285	1
107721886299566591019	0.14285714285714285	2
118298622133571863521	0.14285714285714285	2
111845265724198330620	0.14285714285714285	2
104285069235055991476	0.14285714285714285	1
107123881422743156914	0.14285714285714285	1
107804994656000920331	0.14285714285714285	2
114795867366016359137	0.14285714285714285	2
113097862577594714975	0.14285714285714285	1
103569296238584586932	0.14285714285714285	1
112360562381019106592	0.14285714285714285	1
115147745679146725568	0.14285714285714285	2
112855603138580222073	0.14285714285714285	1
108902057098043689765	0.14285714285714285	2
105876411269426233971	0.14285714285714285	1
105461959335529743649	0.14285714285714285	2
116649926363634451743	0.14285714285714285	1
114611337548076250829	0.14285714285714285	2
117769684511228540617	0.14285714285714285	2
100472454194910011454	0.14285714285714285	1
116755389280781009354	0.14285714285714285	2
115643178360029198748	0.14285714285714285	2
117769530772903921777	0.14285714285714285	1
111095125269760750184	0.14285714285714285	1
113748340218520316458	0.14285714285714285	1
109332635720879331600	0.14285714285714285	2
105399963148624302946	0.14285714285714285	2
117444410953976234372	0.14285714285714285	1
108648892459691861307	0.14285714285714285	1
114415909503490126071	0.14285714285714285	1
107944383117976872213	0.14285714285714285	2
106664436792593816524	0.14285714285714285	1
117581808221450747563	0.14285714285714285	1
116915114066143967722	0.14285714285714285	2
103756996243421905831	0.14285714285714285	2
116102715492450670309	0.14285714285714285	1
104097469147528675846	0.14285714285714285	1
102951372008240752469	0.14285714285714285	3
109968906179628801614	0.14285714285714285	2
109796695222368665088	0.14285714285714285	2
115795754950583646224	0.14285714285714285	1
109980758416052073177	0.14285714285714285	2
110195856740605296266	0.14285714285714285	2
112284159154264309762	0.14285714285714285	2
112429912703314765913	0.14285714285714285	2
104839026980343345612	0.14285714285714285	2
102035878703089593243	0.14285714285714285	2
109047395258618541827	0.14285714285714285	2
111903714803340713502	0.14285714285714285	1
109576611401332698068	0.14285714285714285	2
101987797424229644977	0.14285714285714285	2
108485819878572567954	0.14285714285714285	2
111914225380973937347	0.14285714285714285	2
101665454346422256838	0.14285714285714285	2
118041511107208549634	0.125	1
110401611272558548559	0.125	2
108372989418020382796	0.125	1
115218538106132770071	0.125	2
101765416973555767821	0	2
113211954743892121925	0	1
118029848541356213863	0	1
108069705841970462959	0	1
109220060006128553211	0	1
115404182941170857382	0	1
108065043123202343467	0	2
116114485753317903113	0	2
106499409180130178424	0	1
109813896768294978296	0	1
114831291174925522786	0	1
108333665110294798935	0	1
102225207181125422398	0	1
111737932039524866299	0	1
106202342569754356867	0	2
106120339174989120480	0	2
113090081998602412389	0	1
108152252385291870699	0	2
102518571087840972824	0	2
100274756805842908075	0	1
114536133164105123829	0	2
103761326311610249621	0	1
107123713400808531788	0	2
108187577207608337534	0	1
110539629556793511406	0	1
110927192331204440924	0	1
103765013042311928518	0	2
117365547848388781549	0	1
102409541521880756024	0	1
102873175118305865375	0	1
112063946124358686266	0	1
100464702037351657177	0	1
115239440745127890908	0	1
105694930790909515613	0	2
108527329601014444443	0	2
107874114351340563166	0	2
115883675231924152819	0	2
115895618107840963551	0	1
107066609145001672622	0	2
106753117115727098582	0	2
107317834415489961554	0	2
116636748458958160068	0	2
114618043230336563405	0	2
107358865307002159479	0	2
107771181372242547518	0	1
115614791007645952267	0	2
109895887909967698705	0	2
116369071500456395369	0	1
116863730677849618682	0	2
107026299993226528916	0	1
115956363612512643809	0	1
110738915553380541803	0	2
104482086818095930400	0	1
112965608024184180683	0	1
112011605270017123101	0	2
112292414198276054098	0	2
106189723444098348646	0	1
110023904208758175742	0	1
117802718819084454042	0	1
102920063140431683002	0	1
103950094023645163151	0	2
115755165932700408992	0	1
106148805928220418349	0	2
102349305007676725479	0	1
102222722824849858928	0	2
117429320390907645600	0	1
102452280382357513402	0	1
114127684466692817416	0	2
108551811075711499995	0	1
112652642866960214917	0	1
115409439975765947523	0	1
102635797694471437314	0	1
103586615087663445665	0	1
104238885448152096772	0	1
116197193480724162859	0	1
115020081348374234621	0	1
107982618909749811163	0	2
101301494879836429147	0	1
104018794579181726500	0	1
110495386740742342449	0	1
111920649327427068114	0	1
105767106146604047284	0	2
114245534338887342709	0	1
106133480923323663427	0	1
116099277207398914278	0	2
104359568476968412848	0	1
102533732658641069172	0	2
115571998474046088312	0	2
107013418740229269209	0	1
116166660014087779586	0	2
112494544479863943285	0	3
114914896000469569508	0	1
102491158875314679689	0	2
111759924371065234455	0	2
115781667389117145640	0	1
114468593663912084118	0	1
103684974087620751394	0	1
103614855123228192915	0	1
108189481625587435470	0	1
112451486399280374785	0	3
103838543087105182826	0	1
103481047858421470011	0	1
114492251226781812083	0	1
106359487807208915036	0	1
106572298019121580582	0	1
100262595546646927505	0	2
113468937158877720503	0	1
117067505912481989546	0	1
110365792318577502901	0	2
107784212140893392732	0	1
110367850779921090576	0	1
105379455503573392209	0	2
107490430589154581764	0	1
102261841067368758247	0	1
102407528040831558639	0	1
111658704299574083731	0	1
101145980349117737014	0	1
110286587261352351537	0	2
110765037159669773691	0	1
115708904388040585813	0	1
105046530334806680420	0	1
101078140036213879373	0	1
117283174365630308265	0	1
108960343477388551490	0	1
117748891678858207829	0	1
113027287369712034675	0	1
109985257871985876951	0	1
103370308241935002349	0	1
103301136819033869558	0	2
116046131107486389598	0	2
117673062930419636633	0	1
112671613807103204042	0	2
116790754553761013184	0	2
103538942691203710897	0	3
117513232055994920961	0	1
107792210455452678312	0	1
105370681522009462982	0	1
107117483540235115863	0	1
108099300904077351421	0	1
115910676552586250784	0	1
112215965139311871199	0	1
108096298177137829845	0	3
113687916808174552540	0	1
103074474198131988698	0	2
114737380666798321176	0	1
107537735181542999866	0	1
104279107049574225556	0	2
118254993345625377660	0	2
108176814619778619437	0	1
116469556577026921142	0	1
107538503004482952974	0	1
111376872709029407490	0	1
114153859732710523651	0	2
102607543471499269623	0	1
113210096909000624337	0	1
105423010364729238500	0	2
111817088441696761347	0	1
113564907805644842158	0	1
101336441946387245415	0	2
104312101745348855122	0	2
106717946845088683921	0	1
110136818693267034218	0	1
111318868687919410142	0	1
101231306660961225805	0	1
113464569897311842405	0	1
118059692451400213176	0	2
103533326117556337218	0	1
118021675828732821545	0	1
112734042438000693691	0	1
101782578313259702144	0	2
106785948819210053183	0	1
116078656230914670772	0	1
113185342325707060461	0	2
112889002612515742540	0	1
104018409979015812249	0	3
112337888866127845604	0	3
101741915079610283748	0	1
100502770020470411205	0	1
116937581022538783895	0	1
100605864222557374608	0	1
116463032252840790333	0	2
112211495307563083465	0	1
104548627795526843775	0	1
116354326277822099288	0	1
104487223275138277820	0	1
112027643833060705750	0	1
111099167983195290084	0	2
117887536163494414839	0	1
103077697604541281766	0	2
118320665823821681206	0	1
110592217550794732321	0	1
111988916680313318873	0	2
115471815788264818704	0	1
104154510648876236073	0	1
112236344213897425331	0	1
112613093816315021818	0	2
118115477841953945747	0	1
114247253917905334162	0	1
107726978714433266399	0	1
105788008092694912627	0	2
100519732800711456724	0	1
102831333897711467495	0	2
115121110877145330939	0	2
104443233326110989260	0	2
114820480752300993890	0	2
103784452522248646050	0	1
106707514132916159638	0	1
113042334587840968084	0	2
116578912732054998959	0	2
111562638514922412630	0	1
103878892760050193072	0	2
105690511127786150599	0	2
109501436364165187027	0	2
105248358908992136650	0	1
111267975895881595717	0	2
112963511855259921303	0	2
103559556464197015838	0	1
115277354774512813305	0	1
108076675731922659261	0	2
108308515670710640484	0	2
111257907124262960148	0	1
117368959201928800022	0	3
100267928996015303259	0	1
109397461154116413309	0	1
111696858863337011625	0	1
102963825845722550731	0	1
114228869493885222559	0	2
110006271694520425951	0	2
116075808135192798838	0	1
102393079978161767132	0	1
116411437512689977320	0	1
115446929412835725862	0	1
109740230946554980921	0	2
111973012122832065397	0	1
115017188374689068228	0	2
106567570642614609073	0	1
100663135211813370970	0	1
104522995890838839665	0	1
109931431043097541877	0	2
102219475968800204884	0	3
100446424597147316863	0	2
100523784851251213675	0	1
116913173549547958455	0	1
106176762220398854458	0	1
113900916043107022029	0	2
100188557028585168265	0	2
115857447698995870356	0	2
111141944938744219805	0	2
106849347706649662055	0	1
104282453580753584553	0	2
107902791674095682080	0	1
113472184832544483745	0	1
114632854492678778509	0	1
112592305454494514798	0	1
104242903203632688340	0	1
102190493246946072611	0	1
113096993341203159664	0	2
103423896242493726696	0	1
108112557629934458248	0	2
118181663009766664138	0	2
107024797064185129338	0	2
115087934048348184516	0	2
116682290311789132796	0	2
100969280942422444990	0	1
117470589447997132376	0	1
114195458404542931606	0	1
101732559467217160653	0	2
106327011702418086602	0	2
107880232783950416756	0	1
114579585661410116649	0	1
100136527797675794868	0	1
113048604335341521429	0	1
110283364604261253002	0	1
109533441517984298838	0	2
105779560824580764120	0	1
100454739783658783958	0	1
115191351197394426959	0	1
112069484480728694214	0	2
107120385844936556531	0	2
107941381107709082170	0	1
105154742959494310959	0	1
115812142561345421421	0	2
109911419351912426588	0	1
113986030881129524535	0	1
113039546975768449837	0	2
116942397717536105883	0	1
113284787225540728296	0	1
116202726148928256666	0	1
103475991020114516832	0	2
111295228715250231205	0	1
100068145730356623940	0	2
104830019916494620908	0	1
117603418437094018321	0	1
114007775526741276156	0	2
113621734687034433968	0	1
107733269574737813168	0	1
107966083689010962220	0	1
105336425684208963598	0	2
113491802750170725132	0	1
108180655360524342054	0	2
109879692651335695102	0	1
107234826207633309420	0	1
104045511944341391917	0	1
109507653225799908921	0	1
113998560017368402452	0	2
105665080337389619151	0	1
101936719958845623120	0	2
107119940474246316259	0	1
117172748046831321270	0	1
106409227872777906492	0	2
115527615316927235156	0	2
108924136210249299218	0	1
107226275692313566931	0	2
116464344073545994074	0	1
105514142573871707546	0	2
113117251731252114390	0	1
113986763566355778208	0	1
110675631915894844542	0	1
117489510592286827393	0	1
110549739567411012555	0	2
104741766793927154825	0	1
102000765766827851350	0	2
103170649990710136632	0	1
115603501102777898212	0	2
109205403461695195196	0	2
102604554618567108175	0	1
101915226295996051057	0	1
114979733565079457374	0	2
116640923223897011110	0	2
115039844663765920471	0	2
116303122205999176427	0	2
105754891730025301075	0	1
113213505516232937486	0	1
117186458716523937136	0	1
112786527053466874529	0	1
106550324658890509638	0	2
113067760031784364231	0	2
104134235154012246276	0	1
118305860564019886182	0	1
106407963814165910213	0	2
108448590957913306026	0	1
105809055044456717985	0	1
102765320251367142194	0	1
109275624937454532947	0	3
110140615812755191372	0	1
103618199843630115520	0	1
114814212106593672891	0	1
110110545343431282027	0	1
109808157704804887611	0	2
108427318264122359549	0	1
104846530096867228529	0	3
117861338670157326726	0	1
110600546748211156466	0	2
106519863471544313040	0	2
101404928335199641114	0	1
101269034578373970439	0	1
111838196581764013350	0	2
116971095029701257834	0	2
114740065797706390431	0	2
109336262136253662455	0	1
116177760800135388500	0	2
104171708212333317658	0	1
115683348724599782363	0	2
105112746703327090050	0	1
110507996978242488651	0	1
109071022939721915569	0	2
101348397943983026449	0	1
117144151300189136236	0	1
113716387535901345607	0	1
103177397665929023817	0	2
102249182845295578962	0	2
111587319385064085440	0	1
111586248332282735415	0	1
103846236662061752112	0	1
105298519448418630579	0	1
106237697616959334118	0	2
116910623121260312613	0	1
116581429893946123299	0	1
103462118088062305960	0	2
114428603567697006221	0	2
111083657677685307379	0	1
112377533634724461108	0	1
100848808457944134208	0	2
115811608074199996286	0	1
110581693083408452344	0	1
104843347600101507815	0	1
116974033728914311325	0	1
114861460393077823752	0	1
110853105075371274817	0	1
107400386031872110984	0	2
113381483153888636532	0	2
116692727200561572062	0	1
102429033904627798413	0	2
104465201344901732682	0	2
109083209902337691886	0	1
106914566445906930085	0	2
116336491198638950761	0	1
111579213361980117031	0	1
101067604354967805956	0	2
113975560527406579248	0	1
112776394804213099516	0	1
111314660885088440303	0	1
100868772343578373718	0	1
111547927690852844537	0	2
116735464253027483932	0	1
109157925074726562412	0	2
102528718122061029071	0	1
116864131630841807392	0	1
100909946047389192787	0	1
102456090968735240209	0	1
110138003196859464771	0	2
116555083386520176296	0	2
102244951306551931568	0	1
107528636311068687610	0	2
110269457039439183245	0	2
112050047245724905079	0	2
104244586827536900523	0	2
102078720430899008777	0	2
102117193148065687073	0	2
117951052831974893962	0	2
111109359761281857990	0	1
107578965196559004065	0	1
104770776614693816879	0	1
114927294217645926989	0	1
109835482071178401344	0	2
109040340525475302349	0	1
104513612772021842037	0	2
116444778202433288162	0	1
117854404179477098302	0	2
117956590044275496493	0	1
106158074022766750207	0	2
114351115387073682422	0	1
108100019377056591982	0	2
114714891253093321248	0	2
108044554855018652985	0	1
104241567849916091297	0	2
116918406797649901878	0	1
103114402613633146481	0	2
112481143554189742839	0	2
106348522772715218897	0	1
109960739367065180670	0	1
113735310430199015092	0	1
109377097153758320107	0	2
108563885785257287698	0	1
103468365043418765379	0	1
101715416797699916479	0	1
100661914783868753304	0	1
109729544427968653839	0	2
113357557388787621414	0	1
117771372820049978716	0	1
116935226633911874035	0	1
106382777640141130382	0	2
113118140338643969384	0	1
107274459295138409793	0	1
115005061882443895792	0	1
118130821798863756144	0	2
115814757642638394139	0	1
117341707474372920628	0	1
113080426322201755728	0	1
112798516308771746920	0	1
105698746106719950321	0	1
112550017586766005887	0	1
114873735459766453263	0	1
101722924133004961154	0	2
101016488549547001886	0	1
113384983412868925294	0	1
110194299440140726703	0	2
102943220293105257440	0	2
108138249269666601912	0	1
104061697717408696407	0	1
106558088014026151931	0	1
115315050327674127499	0	2
101716201726380249316	0	1
100148845847559385959	0	2
112998749243338946843	0	2
110064570672000384617	0	1
102446706738071032208	0	1
107097980510051172895	0	2
111876534035178963850	0	2
105875140491203787369	0	1
104244566720530687874	0	1
104224919813269619199	0	2
118052274403257065432	0	2
112172680928040739946	0	3
103550598777429990102	0	2
100232037165721443512	0	2
111472410188317881475	0	2
105365868178570492752	0	2
109345865429707844168	0	1
104404616667319908681	0	1
103903167257655564644	0	1
102824205268580014580	0	2
108465230504446641814	0	2
113531415437983740096	0	2
103448098113176558880	0	1
104874997657269526439	0	2
108387669730511244394	0	1
109688735436178937133	0	2
100802098332606875346	0	1
116078574755774460214	0	1
116036615884604016098	0	1
103909144568004626631	0	2
114463688772593857155	0	1
100974692691052932114	0	1
112448795483591020843	0	1
107671625306995512637	0	2
108544691739607569495	0	2
106853748225068183571	0	1
105647299925336453990	0	1
106908582141791358504	0	2
105767136296365355682	0	1
110804953626559077511	0	1
106018807891386594468	0	1
117366535583630685099	0	1
107605944290220575509	0	1
109814426447038778643	0	1
105233832085687188676	0	1
101035537131610855906	0	2
116259190117192456767	0	1
102582707229183806914	0	2
112505454420536632433	0	1
100207152849524511564	0	1
108643489696799455633	0	1
105271498619135161075	0	2
112436171438064292142	0	2
113317784690313904082	0	1
106471271959226559092	0	2
101683039849030383098	0	2
108722725944320001278	0	2
109097551004696462349	0	1
100651621769656849775	0	2
110508446117310549309	0	1
107952153284510688906	0	1
101778602076029704646	0	2
105482627485939144099	0	3
105183557565567267279	0	2
107517012104456732259	0	1
109345569078608100387	0	2
108333467626265965550	0	2
105657718903956434229	0	1
109420348171622152415	0	2
118050431528022904926	0	2
101250379902938828296	0	1
116669319693586215736	0	3
107779254394254821324	0	1
112599801981254322236	0	2
114734572827824045078	0	1
102593390658530452881	0	2
117372819208023962159	0	1
116259043236475953037	0	1
114442333152859746176	0	1
113815496175227038563	0	1
113816407315245489088	0	2
103263667465005102085	0	1
110156377665491013511	0	1
108640761441547934918	0	1
101188292687117521197	0	2
112972316410934251625	0	1
117670636409478368206	0	1
113417057124767990937	0	1
116498566742928218794	0	2
109434165458814281051	0	2
117059593834355077199	0	1
118083254596721349418	0	2
104474447295810389390	0	1
103641366550353528819	0	1
108753696846234273417	0	1
105617739924219446165	0	2
104037370755201040077	0	2
105000184360452735034	0	1
104591892218754784885	0	2
113708489830879834550	0	2
117531394329400291428	0	2
108526216677871722427	0	2
102384491870730556685	0	1
105127231263878833994	0	2
100482547252030420068	0	2
111201934838908103704	0	1
112360867913985105653	0	2
104167639260516946904	0	2
114432358974828735909	0	2
116830454098969124141	0	1
100367773091477465283	0	1
107045798567989999839	0	2
112648498548967203545	0	2
111700723318670138050	0	1
114965381229780841952	0	2
104477868153171626760	0	2
115106772313312434221	0	1
111117743232778422510	0	1
106005186720579294826	0	1
100805566020778179552	0	1
102278696370559640483	0	2
104003283843708655243	0	1
113830911157420119450	0	1
101520511204797359099	0	2
105724947353051295027	0	1
107032424457302103146	0	1
100268278075762951968	0	1
114480095884024488890	0	2
105348322491621439297	0	1
107331145259827668324	0	1
110736470473535126070	0	1
106115198697251921957	0	2
104799300434010462087	0	2
108538588905235310311	0	2
103384778637897970170	0	1
116229124946104902105	0	2
101121410614309520655	0	1
111291284658065889519	0	1
111231539782590808294	0	1
107524634671337242697	0	2
116659066601498177626	0	2
110377403425337109125	0	1
104426583720927826075	0	2
112541074199410704452	0	1
114699487033263834561	0	1
104831454672976043408	0	1
107946961078943370483	0	2
116609543002405096053	0	1
110890639497386855395	0	1
104753876395905947253	0	1
117622079686568464918	0	2
111875665525715264606	0	1
112833689894063276376	0	2
107706544539236214832	0	1
105827166011490842927	0	2
101515926890318976783	0	1
117285320558787589488	0	2
107784341204503092865	0	1
100477468779103147764	0	2
113725725338774674673	0	2
104673994637710156873	0	1
111971602106601214527	0	1
102431865595565091587	0	1
115891954805140100338	0	2
109868793044580352723	0	2
115025207826515678661	0	1
113494962922424755867	0	2
104982562269516806365	0	2
102528090265546404032	0	2
114171261453102186619	0	2
108189040843903420176	0	1
108721099680966433821	0	2
117241881826232943210	0	2
111713867763204617381	0	2
102038873356126294715	0	1
106799553747413160044	0	1
102917920133417079347	0	1
116924776961793297027	0	1
106379903085101872109	0	2
110200257727905864868	0	2
106979953766473365245	0	1
114772137807483901777	0	1
106460173623782600050	0	2
109486599322648015255	0	1
117507955843847798990	0	2
105902971575667576147	0	2
101156898776612393964	0	1
101716466347854949527	0	2
113776708945894269091	0	1
104077899500353002963	0	2
114975520100917461586	0	2
111651210603721437369	0	2
111872171638439152244	0	1
112906687757895917077	0	2
101605862925483116123	0	2
107806725871782261910	0	1
112213379262469194919	0	1
105653397206032971738	0	1
100081555199128787394	0	2
109311740276018716556	0	1
108673786817313474516	0	2
116547530413162810816	0	1
114579239670356422204	0	2
100440560250901996986	0	1
106502607787729635990	0	2
108793600092135655532	0	2
114412024758050801414	0	2
110795448131493204817	0	1
101085116736152418342	0	2
113296254054069131027	0	2
111118228584990685066	0	2
114018955822485754828	0	1
115405999894180009919	0	2
115173520217562198940	0	1
106062633122664482607	0	2
114268425689168330869	0	2
116327644428460431890	0	2
110569335091584795157	0	1
111645467479747295683	0	1
106176549839941509608	0	2
103614891582957065589	0	1
112371407013312108663	0	1
103536862261891550280	0	1
102568026834619595881	0	2
103024620959092195627	0	2
116854776113812778905	0	2
111600227905619035566	0	3
112878998342904993565	0	2
110398697467826924588	0	1
116840240328153558143	0	1
114858121388204731913	0	1
106957793914664714814	0	2
108055608783288569808	0	2
110575794479102275849	0	1
115659112337115540394	0	2
117739641751915815594	0	2
114069917388189040309	0	3
108793100525356220547	0	1
107267306846871566945	0	1
105852686720508893489	0	2
117961247442084633849	0	1
112989919833648852294	0	2
113832283719497374351	0	1
118337959785760721399	0	1
117998735553744736999	0	2
105228937789154416960	0	1
107670970673350680758	0	1
102070878370949920689	0	1
114848532575637847520	0	2
105937956733067826091	0	2
102776788387088490944	0	2
102111864713703441653	0	2
113614992649248835113	0	2
116797686750161798768	0	2
107585224975145262623	0	2
104743931346413623329	0	1
110295980903696451227	0	1
111086580172523212828	0	1
106399414495025231064	0	2
109578540472909919101	0	1
105934923873725560079	0	2
108305882119116637404	0	2
107553987488096350949	0	1
116403029481501853827	0	2
103546400464337783760	0	1
110651338928997718124	0	2
103094610310978659623	0	1
114394213436713645959	0	1
110211958741275873904	0	2
106025057930859283009	0	2
116144173182283384152	0	2
103116845238726998323	0	1
111902435909328987615	0	1
107628332219783921835	0	2
116815590349450491112	0	2
117989979368420104788	0	3
111830450777299458893	0	1
100230279622145224427	0	2
107076766031311908466	0	1
108362177703359725197	0	2
103096545484024897512	0	1
118170162458070887788	0	2
101734491933104822226	0	2
110762004945985541135	0	2
107517834651683832208	0	2
111495215429165819770	0	2
114836594980132455813	0	3
100283723495549806477	0	3
111931632658035913936	0	2
113117657270435285727	0	2
110277753962540708714	0	2
104096937985518245605	0	1
106485871524118610123	0	3
117190864023673259029	0	2
108883151634675256174	0	2
111138633779786501521	0	3
109510949493723481886	0	2
102092122697533289745	0	2
110280405035747818073	0	2
105711787196272129162	0	2
114867284035723977231	0	2
102380516569595922521	0	2
108130112743461380735	0	2
109392230552161781973	0	2
116433457913255762079	0	2
100787026792254337217	0	2
106033900596914831045	0	2
113442390553182508682	0	3
105946608035522885864	0	2
108243167962077286089	0	2
115230679427975747054	0	2
105525365446685412412	0	1
102680869546187819906	0	2
108056880002522547352	0	2
107871118220476080686	0	2
105829857090008553163	0	2
114994619314175920767	0	2
110443495953340772858	0	1
102366000954054272731	0	2
104033022612511544826	0	2
115326618149531150622	0	2
104867314411236998482	0	1
100274775436227883484	0	1
102184145998151956142	0	1
104440450101617392159	0	1
113450053665591244587	0	1
101287345325084841025	0	2
