#node_label	#score	#gender
100574779827000647658	1.0	1
110187337915848769989	1.0	1
115171134618975898277	1.0	3
112353210404102902472	1.0	1
105183752598571690998	1.0	2
106181093290648820722	1.0	1
111839534322118676415	1.0	1
117046588222662323028	1.0	2
102661064435086792298	1.0	1
107937021481022242042	1.0	1
102197434845912489800	1.0	1
106457214323754144466	1.0	1
100750360421266047261	1.0	1
110919815066897750742	1.0	2
103781749883449987842	1.0	1
113134124755005963558	1.0	1
107996829699391498824	1.0	1
111988620570221943560	1.0	1
105955762989212985662	1.0	1
113706173909954946407	1.0	2
116617079638737854960	1.0	2
104581511140480335498	1.0	2
102332440192038977367	1.0	1
106505506432758920995	1.0	1
114497989972680268450	1.0	2
116100663343328077823	1.0	1
117293832157522730191	1.0	1
103328045442414166808	1.0	2
115365420032486409819	1.0	1
108911084969202251735	1.0	1
107762308692957408503	1.0	1
110346815867583478125	1.0	2
116577380820444529292	1.0	1
114067502287374402241	1.0	1
118373663328244187498	1.0	1
108162914987792922648	1.0	1
101262751255862552724	0.5	1
101470212002609412924	0.5	1
108806453824167821042	0.5	1
112855906881796141751	0.5	1
106271598600483620041	0.5	1
108208027022579038018	0.3333333333333333	1
107889816939032412666	0.3333333333333333	1
101136313452022372827	0.3333333333333333	1
114562168945437357579	0.3333333333333333	1
106090624100404464036	0.3333333333333333	2
113985853517736319524	0.3333333333333333	1
106333795553219724144	0.3333333333333333	1
106107464355938268925	0.3333333333333333	1
117327820420677228584	0.3333333333333333	1
115816134176341360139	0.3333333333333333	1
106167231379638979288	0.3333333333333333	1
112826875842913909845	0.3333333333333333	1
101465012129162818994	0.3333333333333333	1
105515486507418683279	0.3333333333333333	1
113746091734601414332	0.25	1
108165610406198760190	0.25	3
102143342772805415582	0.25	1
115595685535906979585	0.25	2
114302252107350810618	0.25	1
108397294034481595594	0.25	1
101640695827845658690	0.25	1
104651858239149478872	0.25	2
102886572730020092598	0.25	1
110441797803247642088	0.25	1
101170454445449447714	0.25	1
112228182645210947167	0.25	1
113213805739104055114	0.25	1
101154595213982535813	0.25	1
113885756225716656485	0.25	2
113983863075069397753	0.25	1
109717575157128771241	0.25	1
114147483140782280818	0.25	1
102277738523009646368	0.25	1
108981679893410895534	0.25	1
109594586014860541557	0.25	3
100485256053436582144	0.25	1
111104447653019166512	0.25	1
118146622799388835070	0.25	1
107381073695757434347	0.25	1
115322656293162815295	0.25	1
100751918073194861091	0.25	1
110697387901189299664	0.25	1
101683110797134764736	0.25	1
107297985234821604780	0.25	3
113399785752705562903	0.25	1
112907688372208082940	0.25	1
102230422889397091568	0.25	1
105198403894619168008	0.25	1
115422160411497346366	0.25	2
104038129219628500991	0.25	1
103226166584311556924	0.25	1
117716997632526602461	0.25	2
112076499418231280459	0.25	1
106583256609857728668	0.25	1
102847333754404980725	0.25	1
104287272759969100584	0.25	1
103274064524957433652	0.25	1
112437432871129430052	0.25	1
101010252943098026073	0.25	1
105922903554346477204	0.25	1
114069665283616820306	0.25	1
115174457819914037873	0.25	1
111635150542674847021	0.25	1
111972311379491101006	0.25	1
103763319834242373359	0.25	1
110351006045593232796	0.25	1
109721367307563395695	0.25	1
108894449265020302496	0.25	1
108803808925796171042	0.25	2
110451759348012741527	0.25	2
114321957417486936190	0.25	1
108511350413598810877	0.25	2
110855912627052487969	0.25	1
106678801573617130538	0.25	1
114110682354036220476	0.25	2
102170431816592344972	0.25	1
104984388845115004014	0.25	1
116245027334511879223	0.25	1
109631064685469686606	0.25	1
105713497706843136406	0.25	1
118359327676609567435	0.25	1
110692522921580153907	0.25	1
115236231218861555299	0.25	1
100974258168375166691	0.25	2
105939148031523355640	0.25	1
105719631874959534533	0.25	1
109711695279713073079	0.25	1
114229157887417365950	0.25	1
114122960748905067938	0.25	1
105216491640488683417	0.25	2
111366164936189851916	0.25	1
100202616315945105308	0.25	1
111427269484642699888	0.25	1
104987932455782713675	0.25	1
101163700428761263424	0.25	2
104474402194287396870	0.25	1
104591893998825912318	0.25	2
111091089527727420853	0.25	1
112329652617120664320	0.25	1
111621508968310608742	0.25	1
112957065719498086306	0.25	1
116956891296469126109	0.25	1
105491549490241735217	0.25	1
114124942936679476879	0.25	1
101386134866913345039	0.25	1
110097167949323324728	0.25	2
106735866716290499695	0.25	1
101219011473929582951	0.25	1
105502506545735279423	0.25	2
105591857069751634858	0.25	1
110701307803962595019	0.25	1
103174148753240088636	0.25	1
109122539496160679247	0.25	2
105259075884248421214	0.25	1
105642645167793475150	0.25	1
114368689264732394875	0.25	1
116601574636040796266	0.25	1
109177683659525760187	0.25	2
100130587427333595998	0.25	1
100583643768601491449	0.25	1
114260004056741000645	0.25	1
104167754717321456393	0.25	2
117221410883456578184	0.25	1
106291826191903119659	0.25	1
105854477836714634695	0.25	1
107850060453971630294	0.25	1
106273142422645495807	0.25	1
107629151324083337974	0.25	1
101728655513552631913	0.25	1
102144518285325653315	0.25	1
115307311703000275199	0.25	2
106255037188115607904	0.25	1
101023776512660753777	0.25	1
104994254109965225506	0.25	1
106790394183446968954	0.25	1
111721047385480073152	0.25	1
107811501771685140323	0.25	1
100183483443926370553	0.25	1
104288642732197633132	0.25	3
108318798209553666693	0.25	2
116193523946718816007	0.25	1
114893401725193022038	0.25	1
102381706813799452738	0.25	1
114955415628566000965	0.25	1
101619855931915996416	0.25	1
113311736332375450968	0.25	1
109697959737050788452	0.25	2
112931539494181042672	0.25	2
102504593075332983213	0.25	1
112171428470692967372	0.25	1
102391356272858998819	0.25	1
116256015420660060408	0.25	3
117089612144881217418	0.25	1
101378754357079914665	0.25	1
115828418621017628430	0.25	2
107308460013033893888	0.25	1
116473420915596249841	0.25	2
104931142412008266893	0.25	1
118217464013850604733	0.25	1
118301801570268856235	0.25	1
111048918866742956374	0.25	1
106519253237690493844	0.25	1
117929151921447138991	0.25	2
101409376975099055527	0.25	1
116806539411753766892	0.25	1
114163495703494102790	0.25	1
112310894187091693005	0.25	1
109832314203034108326	0.25	1
113046540892898756171	0.25	1
111872227454610057635	0.25	3
115918873633072664460	0.25	1
106382433884876652170	0.25	1
117054568470874619985	0.25	1
102905992807889697391	0.25	1
115585398292418640701	0.25	1
104604982413051656036	0.25	1
110229483536215858312	0.25	1
110690107992805295937	0.25	2
111648583388207003732	0.25	1
111221452655555194574	0.25	2
105937033414581870773	0.25	1
103958441795544241153	0.25	1
105389364748387891649	0.25	1
115163754149359881153	0.25	1
106486933038664842533	0.25	1
117938149133155089567	0.25	2
111275188987745688026	0.25	1
117319035865867067648	0.25	1
114528432518230914438	0.25	2
110155811430661032289	0.25	1
115538917477323629442	0.25	2
102778563580121606331	0.25	1
110454253627715621789	0.25	1
108002490988800333787	0.25	1
104401462206426890612	0.25	1
113732134411703928267	0.25	1
116179842297756983666	0.25	1
111749052209901260440	0.25	1
113186559892569810407	0.25	1
113524006305955693603	0.25	2
118337888156714165742	0.25	3
102977367737723939696	0.25	1
109736771317629495108	0.25	2
113798591070108205763	0.25	1
113180375618328351247	0.25	2
106658058857661151635	0.25	1
117225974591920797808	0.25	1
101429865783875016809	0.25	2
100466467616992542684	0.25	1
104846054806852679393	0.25	1
109182098772480269321	0.25	1
116071275946594200077	0.25	2
108470782772821648496	0.25	2
103250644495668054075	0.25	1
117451772651046615793	0.25	1
113965638147334566849	0.25	1
109396066969993811422	0.25	1
110886445140146737204	0.25	1
105683277396811922238	0.25	1
103525926202360448187	0.25	1
116518724508845550802	0.25	1
110171339580648239267	0.25	1
116606826091575313585	0.25	2
103072738433357468653	0.25	1
105991267344634685263	0.25	1
104687084595514519121	0.25	2
106966983060078133832	0.25	2
113477263173666842886	0.25	1
104344063239607373093	0.25	1
106417861423111072106	0.25	1
100463344564987045291	0.25	1
106587112741556150425	0.25	1
113511279752012786991	0.25	1
107742059751171695340	0.25	2
117215940402236438378	0.25	2
111996767480396121640	0.25	1
115207639490096731393	0.25	1
105130868495263765810	0.25	1
104440446803771742871	0.25	3
106206424594758074492	0.25	1
106813287169478733485	0.25	1
103039229335818520990	0.25	2
108587324540492658549	0.25	1
104917160754181459072	0.25	2
107472474647563857708	0.25	1
103302530242633997946	0.25	3
100186938589206311054	0.25	1
104015870160096329227	0.25	1
107064926525994902498	0.25	2
105766490958991162861	0.25	1
117762029163958807280	0.25	1
115724883099396204735	0.25	1
104686392643103451163	0.25	1
116267384604818495277	0.25	1
104598010591740194105	0.25	1
117115966619059273164	0.25	2
100022496429830572740	0.25	2
112141887022021560909	0.25	1
113471368164747388182	0.25	2
106728288712777899597	0.25	2
110128833268969444715	0.25	1
102056827869667810545	0.25	1
108000920822098986646	0.25	1
115357690939023547325	0.25	1
116337470434095717442	0.25	2
100414399994342210467	0.25	1
100893378920029863538	0.25	1
102789401378975740824	0.25	1
115716197313320129640	0.25	1
115930822761564967872	0.25	1
110999812807638466290	0.25	1
113603343041402440854	0.25	1
106123465281190845478	0.25	2
104131296406196169192	0.25	1
108801899952694316017	0.25	1
100211417694760669717	0.25	1
103274251626717875952	0.25	1
105861077871083662983	0.25	1
111043623176979553868	0.25	1
117416378678694545167	0.25	3
118007706416783694636	0.25	1
110455526548551633166	0.25	1
107206538097288220274	0.25	1
109796736861657598650	0.25	2
103070524439095141575	0.25	1
116858411518207742762	0.25	1
110170375726929373730	0.25	1
110143456285909533075	0.25	2
110872680209848450651	0.25	1
112547381334151121538	0.25	2
105572044955808336986	0.25	1
106036588985851683922	0.25	1
116950321759899642301	0.25	1
104577357381178665210	0.25	2
105700898291566225808	0.25	1
114369322794890444886	0.25	1
111171169273567811138	0.25	2
117994381802446140543	0.25	2
115876747286152918130	0.25	2
112846807246423960272	0.25	2
111736608849847346573	0.25	1
112922373559516660837	0.25	1
115278183475191667447	0.25	3
108838857200393297384	0.25	1
108350757430887996754	0.25	1
113612996485664648369	0.25	1
107546877391531381536	0.25	1
115404182507723122393	0.25	1
109036978092446954908	0.25	2
107035842711785444057	0.25	2
110741625355731730721	0.25	1
110817132422072935212	0.25	1
112724573277710080670	0.25	2
106766916598618940398	0.25	3
101733566879407210511	0.25	1
100438852388634452785	0.25	1
111592404293943072920	0.25	1
105166048882390456820	0.25	1
106244331832224111960	0.25	2
102983751580894649752	0.25	2
113883274535945670622	0.25	1
115645819756954392135	0.25	2
104959239343823460659	0.25	1
116397559521404580243	0.25	1
115804425383093891089	0.25	1
108703297958869540649	0.25	2
109147535954110669362	0.25	1
117284347749726423159	0.25	1
111997710331187263641	0.25	1
100560478564575980731	0.25	1
109266048854869007499	0.25	2
103434216481228816348	0.25	2
112501713417252183224	0.25	1
113331177868850488645	0.25	1
104962463220266131500	0.25	3
105385121146604084854	0.25	1
113858797523322684974	0.25	1
101856636514372019390	0.25	1
113337600906713550355	0.25	1
106213422691071684980	0.25	1
113714992061418066417	0.25	1
101694831794131960933	0.25	1
100771715351072186974	0.25	1
103457156685416538515	0.25	1
108075311007257562123	0.25	1
113992435386443588079	0.25	1
110791260170772171960	0.25	2
109632514144033790772	0.25	1
101028761244286045194	0.25	1
112038058725015501748	0.25	1
106109953731611718484	0.25	1
101357810824153139814	0.25	3
102520561267052330216	0.25	1
107362240137286083651	0.25	1
105817630423151737931	0.25	2
106701752296864781419	0.25	1
107044084667875956662	0.25	1
112586901974528405463	0.25	1
100413741456893688094	0.25	2
115295295550060273610	0.25	1
116488528206508636465	0.25	1
117758966591901083067	0.25	1
116062485724966472763	0.25	1
112761916985893714230	0.25	3
111080462245113801441	0.25	1
115183209875959276137	0.25	1
104803646263072880370	0.25	2
115572179929649580650	0.25	1
109853413230810653167	0.25	1
111056430671032790703	0.25	1
105228691287988806143	0.25	1
106849336550957151393	0.25	1
103850759574847404595	0.2	1
112960723772418803264	0.2	1
114149296801704936672	0.2	1
106478271434987235213	0.2	1
100458759797322732511	0.2	1
110168117080267015976	0.2	1
103477821462069969842	0.2	1
101069176603529970895	0.2	1
109938202835872364257	0.2	1
113409086302056667844	0.2	1
117388252776312694644	0.2	1
101919638487159632442	0.2	1
118207880179234484610	0.2	2
115936804176235600319	0.2	1
113509398790435664089	0.2	2
115938648914268804586	0.2	1
106092331024344725045	0.2	1
117193081810922236287	0.2	1
118323646137524216927	0.2	1
117034807403884912887	0.2	2
110945896776944314708	0.2	1
100143588497058177943	0.2	1
111583479146236771048	0.2	1
112164804445635861289	0.2	1
104013835962992611989	0.2	1
115319136089718062451	0.2	2
116713623305011680836	0.2	1
115622466243011136115	0.2	1
111433245253472835474	0.2	1
108894779805940659869	0.2	1
107886907510593975334	0.2	1
114408733617743313108	0.2	1
110115248216418540521	0.2	1
106470557610226259559	0.2	1
117033715264863371696	0.2	1
110489185253485056695	0.2	1
103697821787469756035	0.2	1
101130571432010257170	0.2	1
103890729645166628689	0.2	1
112661262066626464523	0.2	1
115978949584209885559	0.2	1
108093196978439295882	0.2	1
108729927392113951912	0.2	1
102928259944836419922	0.2	1
112796322683917840744	0.2	1
115278671095497350713	0.2	1
105415132823244013603	0.2	1
110318982509514011806	0.2	1
106649929935339369458	0.2	1
109276673674317001622	0.2	1
106318111152683661692	0.2	1
107396656126703375612	0.2	1
112016758168531084450	0.2	1
116350850471110345426	0.2	1
108198048893947379069	0.2	1
101214841967281809074	0.2	1
111654988216301084265	0.2	1
102456777374003067692	0.2	1
100269980559891536109	0.2	1
118012094384911920317	0.2	1
107440067466755078914	0.2	1
115058384974405026221	0.2	1
102076033841555832518	0.2	1
109607116337729680794	0.2	1
101849794562141574206	0.2	1
101035196437264488455	0.2	1
110953639273542670640	0.2	1
117408889341288914294	0.2	1
101793532287583914396	0.2	1
103577706924716446377	0.2	2
105028483738386491490	0.2	1
107991184034868817056	0.2	1
112349335732307259423	0.2	1
116395157933882773759	0.2	1
108373054660269328912	0.2	1
103984595971776502972	0.2	1
102034052532213921839	0.2	1
118357356982727825178	0.2	1
109448162492198686266	0.2	1
100185707560478368490	0.2	2
100668872320235339612	0.2	2
115100890277824311307	0.2	2
116407111455466646142	0.2	1
113339552992922631802	0.2	1
102040763864961338414	0.2	1
104897874677397845918	0.2	1
112930364932290387951	0.2	1
100522349585326972330	0.2	1
112172895831966524738	0.2	2
117292113852799002397	0.2	1
110563882959074723053	0.2	1
111303956913882413722	0.2	1
111310990991240556038	0.2	1
114785407040665700728	0.2	1
109523302262898329619	0.2	1
110899709105002539146	0.2	1
113698589973698283456	0.2	1
106647282787474085070	0.2	2
112726038360301567381	0.2	1
103850326109556474629	0.2	1
105044049419763533097	0.2	1
117114202722218150209	0.2	1
101309028361444868427	0.2	1
113524745665911089922	0.2	2
102078098288357515431	0.2	3
110798258135890723173	0.2	1
117829180598920486765	0.2	1
108360574989017497426	0.2	1
115899601830613537531	0.2	1
111937447827665620879	0.2	1
111366756187576712071	0.2	1
118246412183062133215	0.2	1
104299069067050790227	0.2	1
114369704013100203178	0.2	1
106623900962110772648	0.2	1
112761340428079841885	0.2	2
111666959095947698908	0.2	1
106831762557971378854	0.2	1
105895025426088170224	0.2	1
112747363215033303905	0.2	1
109774951215877430341	0.2	1
100904865892153488706	0.2	1
111366398464449480086	0.2	1
112759789454677493963	0.2	1
105740143846893263204	0.2	1
104195596535276000851	0.2	1
117849971682473704960	0.2	1
103092754229817039243	0.2	1
117167807905512758321	0.2	1
116454446657397907562	0.2	2
103183570053193175186	0.2	1
109489575895255638957	0.2	1
103112588675637065591	0.2	1
102221942940843100503	0.2	2
110527332382139046457	0.2	1
117997508248143467215	0.2	1
100789590127918881516	0.2	1
113506058863412001691	0.2	1
102902625410580020337	0.2	1
115512736218498769502	0.2	1
111315841718816076596	0.2	1
109969779660139278806	0.2	2
104667904157447809352	0.2	1
106312035620164033349	0.2	1
102103585693420337471	0.2	1
116765403754136483214	0.2	2
111480413428119678209	0.2	1
112676929048719235214	0.2	1
117125451619389035762	0.2	1
114778355221904601456	0.2	1
110502833538176908275	0.2	1
104414006889440330710	0.2	1
103276466601625146310	0.2	1
106461514211730207895	0.2	2
109452069106231674514	0.2	1
117262454247433820498	0.2	1
100689610725567995570	0.2	1
104658400555923154675	0.2	2
111037600142684781907	0.2	1
105362990780240393762	0.2	1
111461492152667893217	0.2	1
104337250309547718994	0.2	1
111457683879683959155	0.2	1
108607293260405363866	0.2	1
108954387453322809050	0.2	1
102020527924892532661	0.2	1
109451599267710862785	0.2	1
111969564856274190714	0.2	1
102762278318790381974	0.2	1
103410677813898718894	0.2	1
104909359366367859849	0.2	1
101965232098049360563	0.2	2
115655034901162574758	0.2	2
107104993341632204554	0.2	1
116520423766714060447	0.2	1
115982989172889057014	0.2	1
113380613810269868292	0.2	1
107403602702342125509	0.2	1
117385907764522660686	0.2	1
105695756013836810602	0.2	1
108855274112594118541	0.2	1
115947201898868785648	0.2	3
116247667398036716276	0.2	1
100409692915143540078	0.2	1
110174775648478840993	0.2	1
116481445670176776088	0.2	1
115970197492058000536	0.2	1
112307283830146683885	0.2	1
101584793125615146114	0.2	1
103959243158931939660	0.2	1
113897594280127224121	0.2	2
111923555628646470907	0.2	1
112349912245938616897	0.2	1
112801309584423325711	0.2	1
111003303475584600662	0.2	1
103970193008335583643	0.2	1
115868797658348406026	0.2	1
101399160703802149352	0.2	1
110836322558502335897	0.2	1
107507539268974734333	0.2	1
104274435572172788174	0.2	1
108152786201218528136	0.2	1
105710309787324452079	0.2	1
102311554030427331560	0.2	1
105347537964295352326	0.2	1
110177631102716632262	0.2	1
116548808341889329106	0.2	1
114056084994793924628	0.2	1
106366615678321494423	0.2	1
100041278096196429823	0.2	1
100425739170055690781	0.2	1
100936611936552412031	0.2	1
117561536843314919073	0.2	1
111652082861243442932	0.2	1
106008941849648772680	0.2	1
115461506006257787473	0.2	1
111221480964536174264	0.2	1
101377053267560854462	0.2	1
113474525051992654838	0.2	1
103854490081825267384	0.2	2
100398188574403174312	0.2	1
102476152658204495450	0.2	2
108583549213384762507	0.2	1
102518365620075109973	0.2	1
117574554323772486921	0.2	1
109736705930172082605	0.2	2
114395202305158212266	0.2	1
107673718483687634118	0.2	1
108897363724526154071	0.2	2
105076678694475690385	0.2	1
117989653555276812911	0.2	1
118376303525124349504	0.2	2
108955778167456462946	0.2	1
101575545542172098027	0.2	1
111419564832268061657	0.2	1
113309470814122509541	0.2	1
105343468977483636307	0.2	1
116012316986422879496	0.2	1
106873156009998180082	0.2	1
103157838382139356964	0.2	2
101080167733770848150	0.2	1
103787287068410181622	0.2	2
112392691104944143764	0.2	1
103046039519355433778	0.2	1
110761100167727655953	0.2	1
114524188020005061463	0.2	1
101305776875945822989	0.2	1
109504122343901736603	0.2	2
108349993144739467020	0.2	1
107330528562005281406	0.2	1
115120856388820348736	0.2	1
107149075470261453144	0.2	1
109778238062128383421	0.2	1
118176131533693150854	0.2	1
105248484118148978714	0.2	1
109644261991739276777	0.2	1
108952536790629690817	0.2	1
104560661985422965465	0.2	1
101148842065688999126	0.2	1
117439726142720584478	0.2	1
104373181539346226769	0.2	1
114476892281222708332	0.2	1
103591981774863558651	0.2	1
117373186752666867801	0.2	1
109429236594408016618	0.2	1
114110998664713223029	0.2	1
111782011038190611298	0.2	1
100612175927429294541	0.2	1
111695921463411781303	0.2	3
105886153588145880378	0.2	1
112430913384106814238	0.2	1
106332521193891989354	0.2	2
111181389036901378787	0.2	2
114828549850099437487	0.2	1
101943035898572565380	0.2	1
113175016632086265114	0.2	2
111215626086255858123	0.2	1
101081302875324360817	0.2	1
108082478497335384404	0.2	1
101376088122155015765	0.2	1
105647938462595724675	0.2	1
108797840083484244237	0.2	1
107942572879167568988	0.2	1
112247269295708719029	0.2	1
103803759415221345211	0.2	1
111591915134185053959	0.2	1
112704904830963274747	0.2	1
117691391504351341685	0.2	1
115521219455065170976	0.2	1
113471304124122427226	0.2	1
110881213311347164923	0.2	1
107344700285512901010	0.2	1
102932986213331794453	0.2	2
101255695129410567771	0.2	1
112007787442541769026	0.2	2
114233674199568482864	0.2	1
109581870574956225297	0.2	1
115480964182902200631	0.2	1
112374836634096795698	0.2	1
103245858805594557428	0.2	1
104794733870058284465	0.2	1
103011662826175289775	0.2	2
109809835379677001002	0.2	1
105105958763200143464	0.2	1
117389046950761847961	0.2	1
111562267270318002730	0.2	1
110318545394875008530	0.2	1
115478779964227301239	0.2	2
101384112455887732241	0.2	1
106050120470478874287	0.2	1
102898672602346817738	0.2	1
110906328246114022891	0.2	2
100074919848611839400	0.2	2
110881591275408754384	0.2	1
107561275736053026558	0.2	1
110754163217982167702	0.2	1
107320030937966635528	0.2	1
100397472411911210878	0.2	1
103918544362469330603	0.2	1
113351703941294630458	0.2	1
116180809349156681993	0.2	1
113555634333663291981	0.2	1
105391424373264658810	0.2	1
105126690575403472114	0.2	1
105910977869522122580	0.2	1
104808253889146371738	0.2	1
117555990096315491864	0.2	1
102618973624412901405	0.2	1
101849747879612982297	0.2	3
117908990679728978748	0.2	1
104632991391155179419	0.2	1
102373191596205712937	0.2	1
110934984758289532394	0.2	2
104800889030451539046	0.2	1
110193533410016731852	0.2	1
114121633039282259855	0.2	1
109487198890018213042	0.2	2
100341021522735699734	0.2	1
117362914041581066171	0.2	2
106787150560860988413	0.2	1
106418765260000576689	0.2	2
112541454675620557050	0.2	1
107262199727284134617	0.2	1
112707199408484711520	0.2	2
115793765515193253189	0.2	2
117690818902014819497	0.2	2
109166300855170515952	0.2	1
108659510576313781073	0.2	3
102545157386069758709	0.2	2
102014620469584519426	0.2	2
115185449105972818666	0.2	1
111943154038712688786	0.2	1
112792744739578611794	0.2	1
111282361282760349415	0.2	1
102915510208046284721	0.2	1
100379345990767507644	0.2	1
108775638496522247018	0.2	2
109447323719942836871	0.2	1
107745659222961143459	0.2	3
107617782626350428005	0.2	1
113593501038935994355	0.2	1
117824916313547528708	0.2	1
108574688020691152748	0.2	1
107014770843906209594	0.2	1
103460569489458223929	0.2	1
102060784065029072375	0.2	1
114126118441356742729	0.2	1
103855604528593517211	0.2	1
117139907586011263319	0.2	2
113455290791279442483	0.2	1
113164038788726940319	0.2	1
112896939617504834367	0.2	1
107519026002586025827	0.2	2
107188644308200975786	0.2	1
113507349977322462846	0.2	1
111654284395316165338	0.2	1
111108999698447192886	0.2	2
116056645771775490363	0.2	1
109398421611492546729	0.2	1
110275700940996733061	0.2	1
104845939201355187363	0.2	1
109946174927229272395	0.2	1
112820512550939559523	0.2	1
102351123614000496408	0.2	2
113673756354863552294	0.2	1
110992897911137455300	0.2	1
108334909638665641247	0.2	1
112561088898482625332	0.2	1
104428652661915452732	0.2	2
111169893172161086239	0.2	1
117624867943351457090	0.2	1
107998453022501670362	0.2	2
116002124399894341816	0.2	1
101861825597520285824	0.2	1
105368821641753856994	0.2	1
108032623298499022371	0.2	1
113327707837097590099	0.2	1
118228478368068837595	0.2	1
117115935351005194405	0.2	2
114487965928288927815	0.2	1
104742147381442837715	0.2	1
117903011098040166012	0.2	1
118328157485985205436	0.2	1
112916206003391859651	0.2	1
103900617494331319205	0.2	1
110547037687446134145	0.2	2
103171849011748425097	0.2	1
117540919630899921229	0.2	2
107550335129662216109	0.2	1
117500723574087130516	0.2	1
105459830584243636071	0.2	1
114244914082871792125	0.2	1
102547866579368253132	0.2	1
111170792745858296326	0.2	1
103264790291097439760	0.2	1
107838676623404440847	0.2	1
117743699429239435303	0.2	1
107128631227082107398	0.2	1
100492431527288250143	0.2	1
105421989284418308161	0.2	1
114191107427675403281	0.2	1
101932246564846782978	0.2	1
104550678234629742078	0.2	1
100327017863569781027	0.2	2
107552965844516484621	0.2	1
101550491289025468863	0.2	2
113190229460560085138	0.2	1
104675979541400287552	0.2	1
116971131390916329551	0.2	1
104783416648096574686	0.2	1
116541152567955767643	0.2	1
115229978219970556904	0.2	1
113044777246297365643	0.2	1
113659537153956127601	0.2	2
102060166181237682046	0.2	1
107222163924838615114	0.2	2
112749941987844015331	0.2	1
117767202978917125041	0.2	1
102748620209105414452	0.2	1
103825681530404900115	0.2	1
117565620511972295002	0.2	1
110266262477486133686	0.2	1
109468054380890853863	0.2	1
104892610309265301769	0.2	1
111582178452856649868	0.2	1
117675489739512289311	0.2	1
110563351377427897709	0.2	1
100396012919342800493	0.2	1
112528921891703025888	0.2	1
113886305999177111894	0.2	1
108378060444638319597	0.2	1
109970338579215706051	0.2	1
105902716863305090394	0.2	1
113949230518472826907	0.2	1
101709418600792357628	0.2	1
113041914329087516241	0.2	1
101954261955134304484	0.2	1
108027939143448489474	0.2	1
107885916566029816834	0.2	2
102216887206636463918	0.2	1
104531609977012265422	0.2	1
117736945648283795362	0.2	1
111213696402662884531	0.2	1
118177655016710523547	0.2	1
108587790745989591245	0.2	2
113217924531763968801	0.2	1
111446340173764116284	0.2	1
109868891819964137909	0.2	2
102615863344410467759	0.2	2
115748662504454470929	0.2	1
103029776698541758660	0.2	1
114530703093564359827	0.2	1
105335266115462753442	0.2	1
100529906558221070530	0.2	1
110456721704016371653	0.2	1
116583912742289922674	0.2	1
100653002824934821011	0.2	3
111827733252107257638	0.2	1
109230357474181396518	0.2	1
104064389968097984485	0.2	1
100151206178980470956	0.2	1
108423078998856224523	0.2	1
102383803793990213949	0.2	1
115913129409035093824	0.2	1
103456272985377933748	0.2	1
104323674441008487802	0.2	1
115625564993990145546	0.2	1
114533259671898755830	0.2	1
103060500509332918638	0.2	1
101727113256102232907	0.2	1
102896689791899460747	0.2	1
112709496574544965957	0.2	1
112354949145776721031	0.2	3
118265897954929480050	0.2	1
110157060449702930815	0.2	2
100024071984779702071	0.2	1
104934103307917494638	0.2	1
107332622748446972466	0.2	1
107006451657785892476	0.2	1
113016580451983768493	0.2	2
117835331364399552601	0.2	1
110874778461943365830	0.2	1
116329684630743164927	0.2	1
101260200590456912008	0.2	2
106301542716605390414	0.2	3
105645854458683725897	0.2	1
108996544087015457511	0.2	1
116704841773270506404	0.2	3
105875605383997682417	0.2	1
104627979650337420455	0.2	1
102679649441534734976	0.2	2
108309902179826672970	0.2	2
112180555080313027108	0.2	1
103251633033550231172	0.2	1
107943540329676173595	0.2	1
104542524024401372520	0.2	2
106955175674471221909	0.2	1
103384633034941969396	0.2	1
107130354111162483072	0.2	1
116248544606811591422	0.2	1
114162698572145803131	0.2	1
107076910582545050622	0.2	2
108510261342123234892	0.2	1
114242984015887361513	0.2	1
111940449910442664765	0.2	1
112917540183250234327	0.2	1
117942605302461709656	0.2	1
113737278794853814109	0.2	1
113312618768961578323	0.2	1
110809308822849680310	0.2	2
106543260195129228161	0.2	1
103522841430099843089	0.2	1
105100524050340016758	0.2	2
109738458400192558183	0.2	1
112648488333291330939	0.2	2
116285399616522174092	0.2	1
100623276740673202144	0.2	1
100203083680599645929	0.2	1
106692901703082428393	0.2	1
113619286206637523955	0.2	1
103464890237476268801	0.2	1
112920047483379175483	0.2	1
109373564537244236287	0.2	2
112032230546743091127	0.2	1
113820639031683832816	0.2	1
104457934859971920358	0.2	2
110686567797701029137	0.2	1
104170068592211388558	0.2	1
110279873454260970861	0.2	1
117300752739997658443	0.2	1
104546883014477733279	0.2	1
106600597250549324874	0.2	1
103739686836221835119	0.2	1
103926164818560857345	0.2	2
109640485316880454144	0.2	1
104207547971898425162	0.2	1
116629106775211432376	0.2	1
104201441411804496708	0.2	1
100510978526659797255	0.2	1
102895229212749862758	0.2	1
114339466963171018606	0.2	1
117847912875913905493	0.2	1
107839883172084901808	0.2	3
106825380824049953987	0.2	2
110047629741042205856	0.2	1
115342280352366557071	0.2	2
108725235658103649334	0.2	2
104432915378654308417	0.2	1
108742841816580780267	0.2	1
104103490920471909932	0.2	1
111093112802746433313	0.2	2
110697619558403684583	0.2	1
111623257688043413549	0.2	1
106792955546456688007	0.2	1
110351847297139347072	0.2	1
116845284714306820378	0.2	1
107319684441822295139	0.2	1
106727811555281104992	0.2	2
106012481736638686979	0.2	2
103483475918178332904	0.2	1
107483714191607682955	0.2	1
101260642389146169174	0.2	1
101023108591163366943	0.2	1
114188216603728208646	0.2	1
104214062779909544558	0.2	1
107831629904001987669	0.2	3
110688287696792691275	0.2	1
105176460251303787958	0.2	1
107825733880733908135	0.2	1
112946287892836487129	0.2	1
111527837101258158939	0.2	1
116581649053157769240	0.2	1
111295730254030482311	0.2	1
107617570502604258682	0.2	1
117486512937790430752	0.2	2
115049443166395132131	0.2	2
110527094571018831478	0.2	1
100915344973649959428	0.2	1
104158887768753799379	0.2	1
102415926137839908104	0.2	1
103027208010762934436	0.2	1
109678206263874497523	0.2	1
116443122482141860202	0.2	1
101875839400760158705	0.2	1
116842514278390616129	0.2	1
113557760548500186260	0.2	1
104799755657866187134	0.2	1
115442891169854403975	0.2	1
103239655111676058756	0.2	1
111641605025422174530	0.2	1
113930216320253087478	0.2	1
115440195799433037128	0.2	2
101328867957977513469	0.2	1
110050633890839899275	0.2	1
115339576874490687346	0.2	1
105971322170143413622	0.2	1
104738073428108177599	0.2	1
101831707056077886770	0.2	1
105758948654365186665	0.2	2
110725325618301496140	0.2	1
103156924176678271266	0.2	1
108770048483147923207	0.2	1
101594994894172024242	0.2	1
106746117602244585929	0.2	1
113748830533270941579	0.2	1
101885926862979557060	0.2	1
103895564298624407301	0.2	2
111560641158373461327	0.2	2
107447846946110982615	0.2	1
104203995359685000041	0.2	1
109591387819364984777	0.2	1
118187606607436751930	0.2	1
106490739758186177623	0.2	2
109956735521524462636	0.2	1
116618904032707085266	0.2	1
118389369190820774319	0.2	1
113778070398481237086	0.2	1
117415867397311754010	0.2	1
104996227746622182034	0.2	1
113227252986293896064	0.2	1
109117683049682245427	0.2	2
109050642071124284524	0.2	1
104580461948647222733	0.2	1
114736164199091368307	0.2	1
113001073761536909453	0.2	3
103773274281249144133	0.2	1
112336814759731870222	0.2	2
110403674278682288627	0.2	1
108656440360875003155	0.2	3
113290698547751890551	0.2	1
103288470002864439503	0.2	1
104887560331298294070	0.2	1
103305568932355092910	0.2	1
114010921444850700390	0.2	1
103666208338772642159	0.2	1
105313263062981789216	0.2	1
103006618161617951635	0.2	1
112108565905735192005	0.2	2
113385341103270852141	0.2	1
115043778501969048897	0.2	1
100907311742748309103	0.2	1
111650922088333033122	0.2	1
100397638055275726604	0.2	2
107395598032232676073	0.2	1
110656371007145464234	0.2	2
114440260197720874095	0.2	2
105412390488287120602	0.2	2
115107414759662037493	0.2	1
111063051777533410065	0.2	2
117942777162716030330	0.2	2
105362043871525431039	0.2	1
117393512333338803220	0.2	1
116711368794299710537	0.2	1
100559656799401441092	0.2	1
114917394828846207159	0.2	1
104478246706905872064	0.2	1
107379521165668126253	0.2	1
110563387474470220375	0.2	2
115150531511174462474	0.2	2
106862923723895701883	0.2	1
113031562405951710827	0.2	1
106058214638215228278	0.2	1
110061996072797565677	0.2	1
115839767455233623600	0.2	1
106754193167349312886	0.2	1
118057394571265978951	0.2	2
113749697977142633220	0.2	3
111986370590010079319	0.2	2
102318990838953306456	0.2	1
107050701397820403278	0.2	1
111051285432886962560	0.2	1
108018894272664463408	0.2	2
104243053732122719340	0.2	1
111147236463044717333	0.2	1
111902904759691131054	0.2	1
104233048528403545537	0.2	3
111961361846902179313	0.2	1
112763025437859997472	0.2	1
110644389153330097501	0.16666666666666666	1
116918580596891691114	0.16666666666666666	1
110622381065734330925	0.16666666666666666	2
104461364885611490928	0.16666666666666666	1
116176702325482795792	0.16666666666666666	1
110275776683631148350	0.16666666666666666	1
111499908439497508351	0.16666666666666666	1
116507162463328305307	0.16666666666666666	1
101744356052507285357	0.16666666666666666	1
113758147814858568109	0.16666666666666666	1
108603838345390534026	0.16666666666666666	1
117096240828838962978	0.16666666666666666	1
113819487356313416378	0.16666666666666666	1
108890400948483542545	0.16666666666666666	1
107328949221172543768	0.16666666666666666	1
109884143567635693288	0.16666666666666666	1
107082593606402385292	0.16666666666666666	1
107547780270525051452	0.16666666666666666	3
104359763476253962070	0.16666666666666666	1
113586474616634226716	0.16666666666666666	1
101792420885438335154	0.16666666666666666	1
101117477274246446446	0.16666666666666666	1
111326500706485286272	0.16666666666666666	1
117203334509481251230	0.16666666666666666	2
108824466362843218489	0.16666666666666666	2
117794877749802551429	0.16666666666666666	1
111539945821979928707	0.16666666666666666	2
100476678515275268358	0.16666666666666666	1
106111195718302652758	0.16666666666666666	1
103812836360895728353	0.16666666666666666	3
103657641753349471053	0.16666666666666666	1
106302015102552780440	0.16666666666666666	1
113516478452181687916	0.16666666666666666	1
103398481772251769091	0.16666666666666666	1
112936111325006550759	0.16666666666666666	1
107135199318344670969	0.16666666666666666	1
112756365208572318325	0.16666666666666666	1
104052724814079219066	0.16666666666666666	1
106162039533679295395	0.16666666666666666	1
108255750659110762991	0.16666666666666666	1
114102723250769775905	0.16666666666666666	1
110565451469358079473	0.16666666666666666	1
100886528220085497544	0.16666666666666666	2
100268819871789028907	0.16666666666666666	1
113700593793351472266	0.16666666666666666	1
115658896387238242974	0.16666666666666666	1
103765655241162838230	0.16666666666666666	1
110834201342884968996	0.16666666666666666	2
115514581094340921816	0.16666666666666666	1
100335496845020065289	0.16666666666666666	1
108936524202159781686	0.16666666666666666	1
114790574178411061829	0.16666666666666666	1
104390009053213696204	0.16666666666666666	1
107410585863197912809	0.16666666666666666	1
106050036317987731208	0.16666666666666666	1
107035559756310951021	0.16666666666666666	2
115360471097759949621	0.16666666666666666	1
105642695144101051932	0.16666666666666666	1
112900939029500774266	0.16666666666666666	1
105700902918997529183	0.16666666666666666	1
116394575739281318169	0.16666666666666666	1
117369904246431139467	0.16666666666666666	1
112444182697680730473	0.16666666666666666	1
100472434934730699552	0.16666666666666666	3
114317364781561932817	0.16666666666666666	1
113556002842571527057	0.16666666666666666	1
109476454652491443123	0.16666666666666666	1
100582158600886787192	0.16666666666666666	1
113607435918549143249	0.16666666666666666	1
112531643419637105205	0.16666666666666666	1
116871216264349123945	0.16666666666666666	1
105600462390292326549	0.16666666666666666	1
108893648067665428404	0.16666666666666666	2
101908296954957270941	0.16666666666666666	1
113459242443031137262	0.16666666666666666	2
105901970986902999210	0.16666666666666666	2
105634135002898488726	0.16666666666666666	1
101916555631584392015	0.16666666666666666	1
103687053317839296319	0.16666666666666666	1
117579105958307238142	0.16666666666666666	1
114788949243381319651	0.16666666666666666	1
112981745349379640908	0.16666666666666666	1
108235418230263523321	0.16666666666666666	1
113025758348628700217	0.16666666666666666	2
118446147598193798536	0.16666666666666666	3
107984753174704567090	0.16666666666666666	1
109734300504764287527	0.16666666666666666	3
111658733025907167352	0.16666666666666666	1
102452048635169077016	0.16666666666666666	2
112353571951662353120	0.16666666666666666	1
106665859595724143873	0.16666666666666666	1
114199934318774583406	0.16666666666666666	1
100817955763300677682	0.16666666666666666	1
106859775634219287433	0.16666666666666666	1
103116333755483002015	0.16666666666666666	2
105310573695573985234	0.16666666666666666	1
102068992772785531303	0.16666666666666666	1
117945498230545627667	0.16666666666666666	2
101383517565936866531	0.16666666666666666	1
118414322378144682470	0.16666666666666666	1
118370558112016910785	0.16666666666666666	1
110525905610719983409	0.16666666666666666	1
109071599423504633790	0.16666666666666666	1
103184914882876860204	0.16666666666666666	3
103485198240804957905	0.16666666666666666	1
106170917913933415474	0.16666666666666666	2
101185406398932804414	0.16666666666666666	1
103257346890112560078	0.16666666666666666	2
107261236380322912390	0.16666666666666666	1
102471679529933157374	0.16666666666666666	1
117144433715717656565	0.16666666666666666	1
116729597920353084053	0.16666666666666666	2
103660543175586203250	0.16666666666666666	1
109634405578092070511	0.16666666666666666	1
117755510873593089084	0.16666666666666666	1
105920986149243748722	0.16666666666666666	1
107797052956916249589	0.16666666666666666	1
109736843159381578656	0.16666666666666666	1
108856766389357327406	0.16666666666666666	1
106975707959313051828	0.16666666666666666	1
117251343225835972202	0.16666666666666666	1
107184509883652269613	0.16666666666666666	1
102850770191169828691	0.16666666666666666	1
109440398756159359729	0.16666666666666666	2
115985024772035832313	0.16666666666666666	1
115330849532868630924	0.16666666666666666	1
115558165321588976909	0.16666666666666666	3
106138330421524731003	0.16666666666666666	1
114099927424673029833	0.16666666666666666	1
111695952230040192278	0.16666666666666666	2
104430033205234599166	0.16666666666666666	1
118012205418719952423	0.16666666666666666	1
106530709998350468236	0.16666666666666666	1
115112757880029561199	0.16666666666666666	2
113011343505957749444	0.16666666666666666	1
117510197332472003131	0.16666666666666666	2
110606137002478162371	0.16666666666666666	1
110419845240623427298	0.16666666666666666	1
117153170823238906428	0.16666666666666666	2
111789022991079190685	0.16666666666666666	1
105150995667705679748	0.16666666666666666	1
118290423871199956103	0.16666666666666666	1
111702250467112743029	0.16666666666666666	1
103247328936612563023	0.16666666666666666	1
118225519006643983311	0.16666666666666666	1
114931288183654669906	0.16666666666666666	1
110523063757168736259	0.16666666666666666	1
117348934304698921284	0.16666666666666666	1
101209587633931249873	0.16666666666666666	1
101754516821759869035	0.16666666666666666	1
107276077365659193122	0.16666666666666666	1
104856926272732172825	0.16666666666666666	1
111055034201794656588	0.16666666666666666	2
101300749236832117656	0.16666666666666666	1
103378916909815209927	0.16666666666666666	1
114503056351831275618	0.16666666666666666	1
105598906288969994737	0.16666666666666666	1
109284111158053955867	0.16666666666666666	1
108590450348104054649	0.16666666666666666	1
101933513018453403751	0.16666666666666666	1
108730834470702246150	0.16666666666666666	1
100075742698486748171	0.16666666666666666	3
102831333897711467495	0.14285714285714285	2
105480295462837024301	0.14285714285714285	1
114602420278019329303	0.14285714285714285	1
105933266712566167982	0.14285714285714285	1
110235939914075829115	0.14285714285714285	1
104351195195734725074	0.14285714285714285	1
111821778856297525402	0.14285714285714285	1
116537570030969543392	0.14285714285714285	1
101483391674082689429	0.14285714285714285	1
109222874215256404053	0.14285714285714285	1
103095528828885172723	0.14285714285714285	2
101894576143565329614	0.14285714285714285	1
103093315171139578822	0.14285714285714285	1
102016851383568561562	0	1
118029848541356213863	0	1
100889510556913995048	0	1
107495401691428541405	0	1
117059593834355077199	0	1
101157648098648077717	0	1
107342445128902420647	0	1
109220060006128553211	0	1
115917643984306258083	0	1
106759022074490576685	0	1
105525365446685412412	0	1
109732393861737158427	0	1
104903624377148575182	0	2
104200585645880013739	0	1
104233435224873922474	0	1
105847419267701979492	0	1
110036682383342142442	0	1
103011191893676285908	0	1
112617127041903537004	0	1
110602313084963920390	0	1
105802201449078024805	0	1
110577024089105340041	0	1
110619834133040146628	0	2
114238825882006954970	0	1
103765013042311928518	0	2
104912958756793332975	0	1
112732938301956933096	0	2
106729180530371732637	0	1
114722214456720786876	0	1
104962347070667053810	0	2
112063946124358686266	0	1
105215558081743373534	0	1
116515627288174691729	0	1
106189723444098348646	0	1
114719104604682870594	0	1
110319824968704301060	0	2
112974754531718138643	0	3
115603501102777898212	0	2
103716847685048716973	0	1
102308976050370597645	0	3
113211954743892121925	0	1
101059049290567215584	0	1
108865224681518296173	0	1
100977384100529563421	0	3
108527329601014444443	0	2
102227800261183349957	0	1
117014561447538241792	0	2
109830558164732334015	0	1
112930960401848447323	0	2
116982130536300362102	0	1
106467956464026331029	0	1
100262595546646927505	0	2
109051167482734565875	0	1
113237843446869063964	0	1
117283174365630308265	0	1
100464702037351657177	0	1
114246054906557387333	0	1
104481732831876735107	0	1
116312267920172123344	0	1
103579304160477212496	0	1
106506966828595242496	0	1
114894373995529057283	0	1
114153859732710523651	0	2
101629211371073711149	0	1
101490250519322292462	0	1
107195259403080639253	0	2
105228323457033543279	0	1
109193674823031718540	0	1
102604554618567108175	0	1
115994982948596334892	0	2
100593774889764346454	0	1
113544226688149802325	0	1
101029794840978105260	0	1
115851102218853095812	0	2
108853501738089315294	0	1
105665080337389619151	0	1
109086061077201076736	0	1
102524008019896509925	0	2
108643489696799455633	0	1
112408773440208776137	0	1
103161038350347589745	0	1
109534999868094473684	0	1
114016935534584412118	0	1
101936719958845623120	0	2
107305749784205200064	0	1
111973012122832065397	0	1
102743031116331395818	0	1
104450373734487439917	0	1
106394731925161545873	0	1
109414049565374366512	0	2
104328553869453938019	0	2
103592050042581381058	0	1
108281923609340751312	0	1
114951153220032017716	0	1
103864158830757222124	0	1
104944128365441598365	0	1
106078945425159812521	0	1
110950901747815231876	0	2
107587687879128613513	0	2
102227063224562153954	0	2
105040001333571511595	0	1
103269978311167939827	0	2
103684974087620751394	0	1
111051039748078110427	0	1
105336425684208963598	0	2
108694322269563399860	0	1
102682786084672155160	0	2
102559200804713337506	0	1
101886706065800845176	0	1
108119194013508077395	0	2
108539408842832063454	0	1
106938519841593324674	0	1
106209295280626219515	0	1
111236051760440036087	0	1
116631329713205553508	0	2
108099300904077351421	0	1
103043630316201926210	0	1
102307008290001893965	0	1
101660858886010338254	0	1
108439032486286528947	0	1
116469556577026921142	0	1
115363075807490261929	0	1
110442965899214904021	0	1
103566565105648833497	0	1
101404928335199641114	0	1
107751017716073434549	0	1
107057936041169873674	0	1
104750506281702127581	0	1
109931720898576608083	0	1
114228869493885222559	0	2
110348799841047401550	0	2
104859038709074556242	0	1
106713331971497474443	0	1
107756791277034290856	0	2
117579745953513363795	0	1
111164095920889813531	0	1
115961021629090154025	0	1
111101593428695421603	0	1
107863237205220284140	0	1
115132410139382911324	0	1
108551811075711499995	0	1
105506322952347788406	0	1
111935860955005881764	0	2
114578704341005811828	0	1
103897220774015362696	0	2
106639816695336343746	0	1
107516764672406708263	0	1
106702324621449002266	0	1
116303122205999176427	0	2
108544008482166257714	0	2
116442488988310246884	0	2
117255559113742613530	0	1
114717985894144923663	0	3
108071585757096529724	0	1
112999253285147253060	0	2
112745267972797458021	0	2
116202726148928256666	0	1
110219327643577705724	0	2
112049386783037912352	0	2
102660844836154438885	0	1
114308290265670479800	0	2
103899832003470061005	0	1
107234826207633309420	0	1
102251766629138634463	0	1
101606040925310416308	0	1
108924136210249299218	0	1
109380443971181362791	0	1
116764082219010092642	0	2
103022473393823710391	0	1
102873175118305865375	0	1
110417528574583983188	0	1
109813896768294978296	0	1
111055414016650329707	0	2
108576950625288563489	0	1
110255737428907780217	0	1
106133480923323663427	0	1
110136818693267034218	0	1
100289725759008758730	0	1
118220857055764418224	0	1
107429025521549453511	0	1
117524586515460188796	0	1
109063121480989219685	0	2
117564596582351536596	0	1
110230281306766498092	0	2
112036164749195069204	0	2
115507658258745024139	0	2
115981958593854463425	0	1
107982259028221552619	0	1
107501503793007677853	0	1
116438435746300356393	0	2
102755548808767411605	0	2
101516200312307914766	0	1
100188557028585168265	0	2
107982618909749811163	0	2
115366624923467413091	0	1
100013234150524277230	0	1
113120871704682540523	0	1
104223609134701300452	0	2
114125059648511830046	0	1
108953118069869484329	0	1
108617978682787798248	0	3
106561588036064106205	0	1
115076337182080225257	0	2
104304812570369572837	0	1
117608739020419875973	0	1
110681302259079979753	0	1
114536133164105123829	0	2
103287250917855913198	0	1
111376872709029407490	0	1
113627120086507876211	0	2
114424163811716070551	0	1
114229153869366841792	0	1
116544627668125966978	0	1
104478893233297648919	0	1
116464344073545994074	0	1
107494834634231938072	0	2
104045511944341391917	0	1
103200491340117663153	0	1
103061432975121007243	0	1
102549623343643093965	0	1
118100563367161251455	0	2
108077530448434441501	0	1
111267975895881595717	0	2
114952391973962435242	0	1
118367654269012020954	0	1
101130656339668533532	0	1
102456090968735240209	0	1
102409541521880756024	0	1
107742068186422614716	0	2
109930569573091077995	0	1
117804036587685325842	0	1
116572860966783582399	0	1
115805651877872032979	0	2
103549547505039791586	0	1
117251401224388113104	0	1
106070185530774164617	0	1
115826108575393488410	0	1
110816132992861649933	0	1
108803110695357870995	0	1
117462592692564691028	0	2
113048604335341521429	0	1
108494543072985022907	0	1
109905754411584610340	0	1
101288957316235385139	0	2
114318197127028344684	0	1
102796099799716663504	0	1
101506536312500371776	0	1
111815492406085048076	0	2
114927294217645926989	0	1
117940797281312243002	0	1
110357001884194145645	0	1
117538652293656395994	0	1
101145980349117737014	0	1
118390162100810480596	0	1
116255443880084369347	0	1
114214725920754177299	0	1
111269553014416120850	0	2
108007903544513887227	0	1
114993327346477823088	0	1
108018149137861213392	0	1
104647458187830360418	0	2
106359487807208915036	0	1
103471112824130268800	0	2
113042334587840968084	0	2
106499409180130178424	0	1
104220541664395498712	0	1
107365762256151852950	0	1
113480999336649398057	0	2
114204632895051288704	0	1
106835948809045250521	0	1
112498931976929630657	0	2
114482025871999897232	0	1
107203854645375598995	0	3
112311565408480976089	0	1
107808951807533655192	0	1
105494436244231709125	0	1
113531415437983740096	0	2
103318994205048878279	0	1
116211592086036388314	0	1
118320665823821681206	0	1
103012564142649561853	0	1
104384618198413714249	0	1
103899043917116388673	0	1
102395545499022312322	0	1
112260740074252813187	0	1
113472184832544483745	0	1
114954579537134392510	0	1
102239645172983099492	0	1
103481047858421470011	0	1
106567570642614609073	0	1
101480329036738484725	0	1
106714664476207329610	0	1
103902609940068041030	0	2
104192008501436536872	0	1
109028297701503507744	0	1
110280886606383204066	0	2
102124054450151160717	0	2
112787861052425659995	0	1
107289959482308190901	0	1
102123493230417393789	0	1
113736605298367671925	0	1
104522995890838839665	0	1
103601748254050166252	0	1
112614367259340988369	0	1
103095786308890475164	0	2
107924824205149859178	0	1
113007670073596198453	0	1
106802987341604892965	0	2
111993661472574004348	0	2
100454739783658783958	0	1
101856118924648953200	0	1
116172991099432347120	0	1
105897128095201539022	0	1
116969655906958227209	0	1
113096993341203159664	0	2
111361201906254029328	0	1
109841036316957363917	0	2
112752392655402564129	0	1
105248358908992136650	0	1
105161232143858721168	0	1
114422548352923775507	0	1
113621734687034433968	0	1
102225207181125422398	0	1
106539835304510344813	0	2
111445295534025858246	0	1
107478042154956538631	0	1
103673601952617127321	0	3
104282453580753584553	0	2
110367850779921090576	0	1
100232356803398062006	0	1
104642620571096733912	0	2
114586673819653292875	0	2
103895402092394980881	0	1
117033421772248657862	0	1
107562684952021749097	0	2
108720686020895552265	0	1
102583849990761016900	0	1
115078520436774133103	0	1
104644705068936006621	0	1
117884476143887009277	0	1
114665463364439889932	0	1
106896834505928192955	0	2
114757150657869974672	0	1
117163665721006562027	0	1
113092195609448236716	0	1
102920063140431683002	0	1
110647107907810818894	0	1
106176549839941509608	0	2
110780321199044076338	0	1
113654461547690050667	0	1
117473635424198878572	0	1
109911419351912426588	0	1
103114072608881385814	0	1
118318944461476383742	0	3
105390068635402583710	0	1
113078788648919261909	0	2
112981078865280389196	0	1
114767803040499829479	0	1
114564049699873622546	0	1
116616473522216111363	0	1
100202609332472891769	0	1
112006251137405152297	0	2
112472063587247013272	0	1
103244539980846881500	0	1
105994735550858019219	0	2
118433886964242604020	0	1
106681243710619131520	0	1
113127984001130852454	0	1
105279232337138340177	0	2
107355427797072846591	0	2
108096298177137829845	0	3
109782589378169226299	0	1
112541074199410704452	0	1
117944255792788034101	0	1
113391394505904411092	0	1
114878143550325918239	0	1
108719090649071657338	0	1
117036888556644526115	0	2
105422042637737933416	0	1
117186458716523937136	0	1
113250691524784561414	0	1
118423565063222887182	0	2
112328042971957271722	0	1
116759124436723606036	0	1
107016751874193361644	0	1
105423010364729238500	0	2
117903390586928401280	0	1
107981077806259133968	0	1
103855721758679327070	0	2
113218590431249449552	0	1
106722085589986143598	0	2
100494839232115012981	0	1
117000543327053459667	0	1
114773562628956235941	0	1
108825529487671543177	0	2
110201827593678115885	0	1
100686326493521453376	0	2
112918350277739893583	0	1
104591215278145338745	0	1
108269142873012461440	0	1
104440984153049592278	0	1
102649900861077325147	0	1
106700825827431997607	0	1
108956626965754553511	0	1
104708586006197525495	0	2
109599454747399536554	0	1
105379210704223074864	0	1
115745337686449637672	0	1
107119940474246316259	0	1
113010729939949185045	0	1
105403365081561344660	0	1
103041331166780764913	0	1
113956034040441194202	0	2
115427174005651655317	0	1
103091843552397054820	0	1
114303077675805674937	0	1
106126097738233766399	0	1
114338217792003600242	0	1
117125550255177987857	0	1
107442140332286168275	0	1
104316443417435189825	0	1
114610751804622117115	0	2
116995710336756123292	0	1
109322383637704271125	0	1
107966083689010962220	0	1
118075896681547272580	0	1
112015226400091846520	0	1
109466379342611092338	0	2
117411185093660650787	0	2
106402850684051126748	0	2
113541243319067259264	0	1
102087193593331908779	0	1
101653756479442099558	0	1
100795523049270560986	0	1
118112472205861065835	0	1
105451872353733732841	0	2
103802223092703561248	0	2
110517377307375225782	0	2
116281832988798575818	0	1
109266235545746938935	0	1
111089898631428640442	0	1
108226855236374517862	0	1
109601697177476920659	0	1
102580844448507012861	0	2
103533326117556337218	0	1
104244566720530687874	0	1
101501983016067636042	0	1
102780717617926152780	0	2
102107115405528832585	0	2
113420422244530728570	0	2
106779512870994415471	0	1
104576727759037345785	0	1
113177119816478703680	0	1
111083657677685307379	0	1
113215976889659570939	0	1
102963958708716011044	0	1
103894688271340376274	0	1
114908847203028092210	0	1
110736470473535126070	0	1
105519545381877232786	0	1
105040743005742824608	0	1
104250130116253463837	0	1
109820303818844696821	0	1
103096391434062438097	0	2
101183952538711982455	0	1
106908582141791358504	0	2
103293516438378653921	0	1
114772137807483901777	0	1
107307708524394964276	0	1
109185675918075142270	0	1
116126532050997853166	0	1
113464569897311842405	0	1
110973922736258542499	0	1
110615655265699868791	0	2
112158988113590372338	0	2
106056812477855110591	0	1
101010433515025028997	0	1
106216690102197645116	0	1
117651203344556480145	0	3
103177921147788753669	0	1
105589337544765461860	0	1
116584878230352070218	0	1
109370145109180715407	0	3
107899346809500297044	0	1
113071591042619237240	0	1
105557455807840102230	0	2
100997794204907913973	0	1
114406585566054388611	0	1
117670751990700012944	0	1
106522327209647995664	0	1
113130208273033156310	0	1
106410923972431790652	0	1
105332545467741226979	0	2
104860028119852498595	0	2
115924787547381310437	0	1
100584191303422011199	0	1
102107147806939041278	0	1
116498881168868635291	0	1
117837852833748735044	0	3
101634251876008188387	0	1
113729277367184919773	0	1
111346029664121783189	0	2
115066534284029624019	0	2
112819470720191826990	0	2
103341235804505564047	0	1
103805083614825291946	0	1
115390556051523508554	0	1
103486488315839819112	0	1
112042761169587640425	0	1
111609378898697201341	0	1
117429320390907645600	0	1
116763685285116131254	0	2
111130605506026189078	0	1
106203154156684846171	0	2
107591129378326850277	0	1
110021329682578184313	0	1
117989979368420104788	0	3
103532892835350039949	0	1
104368926854947907098	0	1
110869578714145824258	0	1
103082383054372887244	0	1
108702808435481356593	0	1
115111597123110946354	0	2
108102837284519006198	0	2
117713296107305485612	0	1
103620559297924855944	0	3
115167717892747402092	0	1
100263249117708870821	0	1
107641915840941054345	0	1
108405871748353755467	0	1
105528442272691468186	0	1
111157818759676159878	0	1
115277904128781908300	0	1
108412267385296997400	0	2
108529629000473215417	0	1
116730043489234951083	0	2
100382502425185475382	0	2
112770142454015377896	0	1
113077617428722440432	0	1
107966243161268207699	0	1
105846065931319960217	0	1
110858566556215922899	0	1
110092884195358014184	0	1
110137875491017271312	0	1
107400727833055897976	0	2
101484879124890158374	0	1
108227766059398780608	0	2
114433945563396965066	0	1
111119649076851223451	0	2
101653113390846615049	0	1
116984612302308681106	0	1
113225093589546526637	0	1
100800158387559935498	0	2
115937165109116494319	0	1
109874928161637579634	0	1
104029053652637906778	0	1
102462589928924773281	0	1
104131350986046279036	0	1
117919852642990147224	0	1
100536994357365794981	0	1
117112930930939317203	0	3
109100841129744305949	0	1
112410876802684834010	0	1
117857559588487920833	0	1
103185870819487425439	0	1
114155987718747029379	0	1
108812541366209503568	0	1
108783036112841424643	0	1
107837590503693990573	0	1
107210609451102173564	0	2
107841479239608385080	0	1
108062075979880389556	0	1
101710708367010857932	0	1
110067037191553927767	0	2
106344592463334387069	0	1
108317743302487893962	0	1
103826918549804081483	0	2
116170170261536040341	0	1
118357857877008485081	0	1
102912445915497885191	0	1
113139206672809795708	0	2
107387174531519730360	0	1
100619867474026133356	0	1
100117925970337251333	0	1
110490228668720918395	0	1
106194849331709987812	0	1
104554651079820818356	0	2
103030912384390279216	0	1
105697956504245792230	0	1
118375897080598240868	0	1
110398494822624962970	0	1
108480534955052545969	0	2
101763593176985089010	0	1
100230371328294653162	0	2
113544890215202498426	0	1
118107492974064108297	0	2
115695973144700222402	0	1
111060532138874852094	0	2
109465116306057898589	0	1
102710020360655102699	0	1
107511545720113612839	0	1
110853929448710252245	0	1
111978051551152108603	0	3
110222379614994450966	0	2
110906874090916136949	0	1
111518088807719120958	0	1
112896730122430863462	0	2
100494228799861930391	0	1
113473968545851626374	0	1
108232665790039162055	0	1
112120028813421009852	0	3
113165376908439457925	0	1
118446297469672800605	0	1
103551423223610626792	0	1
117668191249067865057	0	1
111766587138237390626	0	1
106457200213923630241	0	1
100099882805448775215	0	2
112149679630631773151	0	1
113930222818178989616	0	1
102111990160289496878	0	1
101039678168810843102	0	1
112809808611217600290	0	2
116662631621472692574	0	1
107198252333645276106	0	1
109668771542620903560	0	1
108772093596270397936	0	1
116595083963236962167	0	1
114869199037076023233	0	1
105345907646123437475	0	1
115611966403292649399	0	1
106884513470570830191	0	1
110861216062760817937	0	1
106407698376539569621	0	1
100653599710962473421	0	1
107346432927268169859	0	2
114577218617216416440	0	1
100765827185632795164	0	1
110680961252686716410	0	1
115136780330777327005	0	2
114694741125471169064	0	1
117006597120197469949	0	1
104336243114474051430	0	2
116865652664831633496	0	3
101657511878844253751	0	2
103729265970315886187	0	2
114813571187124139424	0	2
114438953892879387897	0	1
103662030520292018202	0	1
115898112539447951520	0	1
105787363183175221611	0	1
107980147717266919671	0	3
102196728266324887471	0	2
110052284219239461705	0	1
113654380873229439385	0	1
117222089921394830854	0	2
115415241633901418932	0	1
101143582099184223512	0	1
103859663603917841705	0	2
100143775917524528622	0	2
118413369000600998624	0	2
116141705588060653835	0	1
100293229009773936483	0	1
107398411316555631613	0	1
103196834659056772828	0	1
