#node_label	#score	#gender
116872576248355504859	1.0	1
103961050545011124941	1.0	1
115094610388248684184	1.0	1
116381176537835440497	1.0	1
110398919759279012596	1.0	1
116563026672897101109	1.0	1
112658025480645952237	1.0	1
118175515740251550869	1.0	1
111406933001277454718	1.0	1
104128976029972436170	1.0	1
116525969499682780878	1.0	1
103728150525823171675	1.0	1
114954579537134392510	1.0	1
100597262839329500815	1.0	1
111163557023441462482	1.0	1
117526059267925065689	1.0	1
114236566829995978427	1.0	1
116160093448953187140	1.0	2
116045452037907678384	1.0	1
102474632360749750704	1.0	2
114743604667243669292	1.0	1
106381962127334058921	1.0	1
100144297916250654971	1.0	1
106430589645124241220	1.0	2
114700910041670300765	1.0	1
106621934320235917617	0.5	1
108961465858012263140	0.5	1
102376229285694193069	0.5	2
111091089527727420853	0.3333333333333333	1
116374117927631468606	0.25	1
104405539079062799451	0.25	1
113757927151929258451	0.25	1
105902034553636163859	0.25	1
116756261398181508931	0.25	1
103171849011748425097	0.25	1
115739378269261680935	0.25	2
115109077044202722504	0.25	1
103002075844443596313	0.25	1
102449949858490990934	0.25	1
109923941665874520762	0.25	1
113463574054536730421	0.25	1
114274687956791581923	0.25	2
105970781858799199947	0.25	1
111538009015644508967	0.25	2
117388252776312694644	0.25	1
103861741370066605527	0.25	2
110321775511217120259	0.25	1
114236886827225212279	0.25	1
117768249628956879760	0.25	1
107753428759636856492	0.25	1
115459243651688775505	0.25	1
100300281975626912157	0.25	1
108156462932120603294	0.25	1
110944993173615692737	0.25	1
100294995440554808691	0.25	1
101377053267560854462	0.25	1
108981679893410895534	0.25	1
109594586014860541557	0.25	3
109938202835872364257	0.25	1
117765399423236008946	0.25	1
114692534205176174033	0.25	1
100512649718649402368	0.25	1
101035196437264488455	0.25	1
116040565882702717981	0.25	1
113309470814122509541	0.25	1
100472608497932134515	0.25	1
115204805503581947511	0.25	1
118120267701060187042	0.25	1
105973617351075601805	0.25	1
114010006237314988641	0.25	1
100741560621611999898	0.25	1
103139038719117626922	0.25	1
105207689891479566260	0.25	1
114347956162245735613	0.25	1
110976998658855886845	0.25	1
106867699281352191561	0.25	1
114928937512638769810	0.25	1
104668344982243426155	0.25	1
117377434815709898403	0.25	1
111989147144480209929	0.25	1
105817630423151737931	0.25	2
103226166584311556924	0.25	1
110404902994335579225	0.25	1
107198367758220837144	0.25	1
111050672546250921180	0.25	1
104649864336186721628	0.25	1
110226084017096916822	0.25	2
115328680248451416860	0.25	1
107379489464447013340	0.25	2
115347549485911941147	0.25	2
113115845799967580927	0.25	1
100178862812199164136	0.25	1
109495249240236056791	0.25	1
109410878385939067590	0.25	2
116799045993451756042	0.25	1
101069176603529970895	0.25	1
102226214045269179279	0.25	1
114487965928288927815	0.25	1
100338800222182203958	0.25	2
100817766199767691735	0.25	1
115755194763571615856	0.25	1
103008963082975341976	0.25	1
114936764159343594557	0.25	2
101849747879612982297	0.25	3
114892703028341590446	0.25	1
107899204703103704505	0.25	1
113339552992922631802	0.25	1
105487854388646525021	0.25	1
108300808035400198412	0.25	1
107552965844516484621	0.25	1
107833107845497630206	0.25	1
107868937218055010689	0.25	1
112726038360301567381	0.25	1
101342392255923866305	0.25	1
107196448111909018034	0.25	1
105248484118148978714	0.25	1
106631699076927387965	0.25	1
101377758515591192337	0.25	1
113716608947911727393	0.25	1
113310951210419907089	0.25	1
100989412375630744487	0.25	1
116420525701620762245	0.25	1
117220625678034723010	0.25	1
101456140906353431903	0.25	1
116807883656585676940	0.25	1
113102862520765968586	0.25	2
114476892281222708332	0.25	1
115595685535906979585	0.25	2
114056084994793924628	0.25	1
100397511207083609950	0.25	2
118339435114597706361	0.25	1
109504122343901736603	0.25	2
109710815417568411564	0.25	1
111719533163202900131	0.25	1
107590093667978669374	0.25	1
103911183408644149411	0.25	1
111255771376472899738	0.25	1
112707199408484711520	0.25	2
109182513536739786206	0.25	1
116337975768456202821	0.25	1
116416314233992548280	0.25	1
105901259206530390933	0.25	2
110351160992477343545	0.25	1
114077525644661833984	0.25	1
116992234810067730471	0.25	1
107130354111162483072	0.25	1
117808925288865527025	0.25	1
101111725148957537937	0.25	2
109987969444545716388	0.25	2
107889816939032412666	0.25	1
104862274180494719802	0.25	1
111654284395316165338	0.25	1
100361218254418836871	0.25	1
101448421982595335481	0.25	1
108883923090202244243	0.25	1
104215081746139431649	0.25	1
105237212888595777019	0.25	1
115478779964227301239	0.25	2
103984595971776502972	0.25	1
113523789277289125753	0.25	1
111969564856274190714	0.25	1
111280109764021690329	0.25	1
101904885321690716368	0.25	1
101579422741533419411	0.25	1
102654092988889151319	0.25	1
104219386206797402856	0.25	2
106920059607812615730	0.25	1
104967270984482672377	0.25	1
100968313568314999910	0.25	1
103815049398062160217	0.25	1
102944610657154936062	0.25	1
114088275319655825643	0.25	1
101307535045883163370	0.25	1
110593963566088558937	0.25	1
103628798844723879427	0.25	1
111273350318354404555	0.25	1
118207880179234484610	0.25	2
101775650289489736180	0.25	1
106735866716290499695	0.25	1
110499739765609011274	0.25	1
101793532287583914396	0.25	1
116548808341889329106	0.25	1
117110782635546264962	0.25	1
111215626086255858123	0.25	1
114124942936679476879	0.25	1
114519877662741226877	0.25	1
108189587050871927619	0.25	1
102128393200503837526	0.25	1
117691391504351341685	0.25	1
106944536119733342041	0.25	1
112643613234453381402	0.25	1
109177683659525760187	0.25	2
113881433443048137993	0.25	2
105629296494136640371	0.25	1
109173071291545107445	0.25	1
110815228753558444774	0.25	1
110329781365538654444	0.25	2
100580349003099136931	0.25	1
106918302229167707246	0.25	1
115855207434019427246	0.25	1
114089069528015035598	0.25	1
113364856660738963998	0.25	1
117386232350873428301	0.25	1
100834378485895409468	0.25	2
117818363829980497205	0.25	1
103683161748775017955	0.25	1
106289562822644692555	0.25	1
108721466183079531495	0.25	1
107040353898400532534	0.25	1
109323071486321851462	0.25	2
104484219049883711215	0.25	2
108082478497335384404	0.25	1
116032078717224039682	0.25	1
115565811010545226083	0.25	3
117840649766034848455	0.25	1
104143409315504439374	0.25	1
112379773520915801562	0.25	1
112609322932428633493	0.25	1
107519026002586025827	0.25	2
109742317120338281749	0.25	1
104147032621576433590	0.25	2
114202150062599138446	0.25	2
100258208745065110297	0.25	1
108584673169889423818	0.25	1
101269616518480136760	0.25	1
106724181552911298818	0.25	1
111873853137122484021	0.25	1
100320175239277283592	0.25	1
117421021456205115327	0.25	3
106393478695568433143	0.25	1
109975101214478735406	0.25	1
102600774742322762226	0.25	2
113116318008017777871	0.25	1
103541694080221120019	0.25	1
105246828264278441318	0.25	1
116706588382945742404	0.25	1
111310990991240556038	0.25	1
109330684746468207713	0.25	1
106119964731604142156	0.25	1
106517092226488584705	0.25	1
102195144388135237932	0.25	1
108872243576352630928	0.25	1
107217429537442593474	0.25	1
103636730127286929513	0.25	1
106661853323481089747	0.25	1
107950851093654625603	0.25	1
108618201393659007488	0.25	1
113164038788726940319	0.25	1
110349587692857642647	0.25	1
113799277735885972934	0.25	1
105910977869522122580	0.25	1
100093902492789669774	0.25	1
117864870325430163469	0.25	1
113166718268343560861	0.25	2
104250970445890717876	0.25	1
111524489840109711649	0.25	3
103389452828130864950	0.25	1
109847912981686925895	0.25	1
101080316492181821858	0.25	1
117378848700596735005	0.25	1
116812370384559434734	0.25	1
101261243957067319422	0.25	1
109342148209917802565	0.25	1
111142884289817620371	0.25	1
115793765515193253189	0.25	2
100974258168375166691	0.25	2
101962829696981365403	0.25	1
115916689903804116666	0.25	1
117997508248143467215	0.25	1
111433245253472835474	0.25	1
110103641077948436261	0.25	1
115989323496360706014	0.25	2
106043946923794621841	0.25	1
110899709105002539146	0.25	1
109876467727174291780	0.25	1
103697821787469756035	0.25	1
118048139271163842678	0.25	1
107155666869509300116	0.25	2
104987932455782713675	0.25	1
118112346708818508960	0.25	1
112437432871129430052	0.25	1
112724573277710080670	0.25	2
106532684826293540578	0.25	1
105922903554346477204	0.25	1
112286065502416641157	0.25	1
102261077460248688577	0.25	1
109469801209372203713	0.25	1
114893401725193022038	0.25	1
116059998563577101552	0.25	1
109583476697547998298	0.25	1
104683148932853617084	0.25	1
106009548138292190891	0.25	1
107808257391213832544	0.25	1
105072305864951447999	0.25	1
101486204454724257393	0.25	1
101183471597929879944	0.25	1
105076678694475690385	0.25	1
104380036950579300637	0.25	1
103864209986771135372	0.25	1
113340344488226387361	0.25	1
106991151617762959435	0.25	2
107459220492917008623	0.25	1
114301140286672625486	0.25	1
114516047414042281846	0.25	1
111802118519275235212	0.25	2
107951823638685687042	0.25	1
107656088609554509650	0.25	1
112056453080272511603	0.25	1
116465148028180352889	0.25	1
103688075806912719646	0.25	1
106702963465506867582	0.25	1
104939255652455358237	0.25	1
113506158551051150184	0.25	1
107386694103447865010	0.25	2
116131244044857846351	0.25	2
110671547565979047871	0.25	1
103688405513400260462	0.25	1
118418436905562612953	0.25	2
105854477836714634695	0.25	1
107746993777851440213	0.25	1
100105166562504132677	0.25	1
111742075541654959004	0.25	1
106533770217759328313	0.25	1
110329008021397401390	0.25	1
114163495703494102790	0.25	1
102958145054444947691	0.25	1
106854769490241988382	0.25	1
115669724698273845304	0.25	1
109735868860370294405	0.25	1
102518365620075109973	0.25	1
115470071077898720170	0.25	1
110607746692718215864	0.25	1
115767973963657880005	0.25	1
114738075629051960079	0.25	1
115360979797396777969	0.25	1
117666625199895400127	0.25	1
116103529679892546106	0.25	1
118089469685569390663	0.25	1
111274793006011871823	0.25	1
113316148669723868015	0.25	1
114671811822976355657	0.25	2
116696943168863559388	0.25	1
102034052532213921839	0.25	1
102545157386069758709	0.25	2
100180575185522802900	0.25	1
116247667398036716276	0.25	1
100771715351072186974	0.25	1
101697775213251991950	0.25	2
116594199576805510790	0.25	1
103150328351925153314	0.25	2
109098983561044225374	0.25	1
110819624687392857345	0.25	1
104577330866768309554	0.25	1
104176937291281778869	0.25	1
102450773470868282893	0.25	1
101582660282526108322	0.25	1
101262147826811866992	0.25	1
116473196700673168705	0.25	1
115829401999758500960	0.25	1
102294529256990121062	0.25	1
117087402937869787406	0.25	1
108999023031163492399	0.25	1
105925155137720165806	0.25	1
117227223410553236894	0.25	2
110385399973090519138	0.25	1
103152505287187486368	0.25	1
117143425882245613158	0.25	1
118170059441102440825	0.25	1
108159920487426481642	0.25	1
100500197140377336562	0.25	1
111207997503412775569	0.25	1
113184091727451211493	0.25	1
107362628080904735459	0.25	1
100882109537519124629	0.25	1
113834671844400323273	0.25	1
117528398613318925987	0.25	1
108373054660269328912	0.25	1
108413247499481325229	0.25	1
106169272307805990481	0.25	1
110258598415939907971	0.25	2
115967974074112189419	0.25	1
100070927167992422053	0.25	1
109140277806644720261	0.25	1
106366615678321494423	0.25	1
108797840083484244237	0.25	1
110571686519390324685	0.25	1
112336147904981294875	0.25	1
101612414397809382853	0.25	2
106355261544559696871	0.25	1
109599220524260072765	0.25	2
106439042524416914269	0.25	3
104428967104402641181	0.25	1
103589662732619576817	0.25	1
107595904309808697408	0.25	1
100281903174934656260	0.25	1
102105379199649140068	0.25	1
112526081195315983895	0.25	1
102551492162357281309	0.25	1
110431032867688572814	0.25	1
108191112950724576986	0.25	1
114149296801704936672	0.25	1
112931539494181042672	0.25	2
112754039763134630286	0.25	1
115409429955408963270	0.25	2
116663982997041117781	0.25	1
107540638333054762391	0.25	2
103859341877402500482	0.25	1
107330528562005281406	0.25	1
118146622799388835070	0.25	1
104044139007906525064	0.25	1
110243053391500821936	0.25	1
111732375221065535359	0.25	1
108048325630653551776	0.25	1
118075403816264954795	0.25	1
100442244077110203612	0.25	1
102082383403038732632	0.25	1
115780865240170367976	0.25	1
113806314825655138485	0.25	2
103399926392582289066	0.25	1
117826637077711958172	0.25	1
104006871901449234574	0.25	1
114500774046826192088	0.25	1
103986239754181585227	0.25	1
111714769899525603342	0.25	2
111633613550178789959	0.25	1
101690858054612129921	0.25	2
115622466243011136115	0.25	1
102607623014557175637	0.25	1
102552895604218641554	0.25	1
106979372492552141708	0.25	1
118303283951449952966	0.25	1
110476795010343867286	0.25	1
111585581956730395692	0.25	2
103811986080200855963	0.25	1
105918746253457933011	0.25	1
112276589013569458330	0.25	2
110260043240685719403	0.25	1
103112588675637065591	0.25	1
111303512319309495700	0.25	1
106074661575240448664	0.25	1
105772184918019707931	0.25	1
112153365286725889851	0.25	1
108491440629148278626	0.25	1
114629508960670409934	0.25	1
102254921263609226645	0.25	1
117026052320778734224	0.25	1
101961688795179955842	0.25	1
100775911845520172453	0.25	1
100535338638690515335	0.25	1
105551989431666449555	0.25	1
106645818249248423323	0.25	1
106597407209533990026	0.25	1
100612175927429294541	0.25	1
111831478459732211063	0.25	1
112376477101571611401	0.25	1
102298718421596692551	0.25	1
110143456285909533075	0.25	2
102778563580121606331	0.25	1
104867148520425189911	0.25	1
113326499478607390840	0.25	1
117285933601127273598	0.25	1
115849374796259856253	0.25	1
101174951617223562800	0.25	1
108867484337516790483	0.25	1
117752870486619693120	0.25	1
114334979365075139609	0.25	1
113409086302056667844	0.25	1
105374700688270765519	0.25	1
110306395917522351460	0.25	1
104686613429118727039	0.25	1
106773510080628336104	0.25	1
111441202982356954694	0.25	1
104972713938717882861	0.25	1
107152126985180431292	0.25	1
101246387263333071454	0.25	1
114171030667459290263	0.25	1
107383157816966336384	0.25	1
117052107038197839303	0.25	2
117599103108596130864	0.25	1
108952536790629690817	0.25	1
117929763938831762914	0.25	1
103207773865797007066	0.25	1
112460361944526645003	0.25	1
102648148748642147788	0.25	1
114233674199568482864	0.25	1
116335925064163512054	0.25	1
109807391150770809863	0.25	1
112710501221399450850	0.25	1
108510718533630990952	0.25	1
102898672602346817738	0.25	1
118002260181077148393	0.25	1
118202584935226563886	0.25	1
111537579273306903367	0.25	1
112339769006469685593	0.25	1
109320210849447243467	0.25	1
110532983418913074480	0.25	1
108998673146368660257	0.25	2
110492963926129353210	0.25	1
101505495157778834572	0.25	1
110734946218641679352	0.25	1
115311208118905089314	0.25	1
115895698533744396593	0.25	1
102615863344410467759	0.25	2
105824226350927378157	0.25	1
107875584177081127211	0.25	1
104621204832216628958	0.25	1
117739421851088727613	0.25	1
108953650503600659897	0.25	2
110701307803962595019	0.25	1
109496402362800113489	0.25	1
118395148094907709551	0.25	1
100226243464817203257	0.25	1
106665185918564754695	0.25	2
109174551750397653742	0.25	1
107534991451098430533	0.25	1
112471565622970159141	0.25	1
105256156026694816333	0.25	1
100075356758919993129	0.25	1
104624794554556530604	0.25	1
111000835266298743697	0.25	1
117152814213463502428	0.25	1
102475144187752042634	0.25	1
112296598942517405317	0.25	1
111818863627248751353	0.25	1
105821512081365629232	0.25	1
104075949870616365732	0.25	1
110548244043172681974	0.25	1
115177816143495522325	0.25	1
103814653718186136893	0.25	1
113290698547751890551	0.25	1
107943855504806730298	0.25	1
104458801156000551882	0.25	1
108240627919258010209	0.25	1
100382758901355515850	0.25	1
108443027359212340995	0.25	1
114294757055502483384	0.25	1
110242571917078285181	0.25	1
107381073695757434347	0.25	1
113329792100896065459	0.25	1
118216759969087724610	0.25	1
109092767134549982331	0.25	1
101635774737848489225	0.25	2
110077141419510454119	0.25	1
103140137391526341351	0.25	2
117757565120070816446	0.25	2
105179816987111146812	0.25	1
117426065076777816086	0.25	1
104227734437064715480	0.25	1
112650348159434958899	0.25	1
110307868833569283694	0.25	1
113220541195694388611	0.25	1
108254075827001913733	0.25	1
114489276586542400632	0.25	2
109291217061852736868	0.25	1
111966781135329370422	0.25	1
106515636986325493284	0.25	1
113761475390420605778	0.25	1
100518419853963396365	0.25	2
103354693083460731603	0.25	1
113698589973698283456	0.25	1
107546877391531381536	0.25	1
114989358912013434555	0.25	1
116564746836220811723	0.25	1
112949697584219445813	0.25	1
115860509317874352483	0.25	1
104417604089345244854	0.25	1
108223812814027910697	0.25	2
113941754758699330333	0.25	1
104727718422077227100	0.25	1
115530776534617554663	0.25	1
106422711035746240826	0.25	1
116180809349156681993	0.25	1
107323726887023845557	0.25	2
114092052797730247075	0.25	1
108334318341392054568	0.25	2
108059096144020001716	0.25	2
105662825015240716208	0.25	1
101305776875945822989	0.25	1
102718274791889610666	0.25	1
106318111152683661692	0.25	1
115053287304424638334	0.25	1
103164320712094936099	0.25	1
105964628633957244534	0.25	1
105256384500052506919	0.25	1
117743699429239435303	0.25	1
111152309905206361588	0.25	1
106008941849648772680	0.25	1
106312895983244085949	0.25	1
106273142422645495807	0.25	1
102399741657103137277	0.25	1
108986466058109956412	0.25	1
117697399358826098478	0.25	2
110945896776944314708	0.25	1
104612091113514802664	0.25	1
113217924531763968801	0.25	1
104753156470151028358	0.25	1
106357590680005749664	0.25	1
114853458007065354930	0.25	1
106130679598095630483	0.25	1
108240851375674070640	0.25	1
103486150650858067282	0.25	1
103286809672192101020	0.25	1
101641620295650841734	0.25	2
114407290472947588380	0.25	1
109747481588639022917	0.25	1
101288593495419475448	0.25	1
110778676399969079814	0.25	1
117490083650718194659	0.25	1
103564925875325149043	0.25	1
107968525907303243288	0.25	1
115582623750221438794	0.25	1
111775909611846609731	0.25	1
116313138295155714335	0.25	1
102311554030427331560	0.25	1
104995171878740162250	0.25	1
107896527414017792767	0.25	1
118357356982727825178	0.25	1
117033715264863371696	0.25	1
100878371004812042212	0.25	1
110741836870151771516	0.25	2
117884007449109471406	0.25	1
117162507282113102399	0.25	1
109923787771597789845	0.25	1
102972850447727031786	0.25	1
114126616500131370443	0.25	1
112758316561947149994	0.25	1
115407184179295920691	0.25	1
112510336374449688461	0.25	1
102095771607283515144	0.25	1
110734609083933405423	0.25	1
102774783758711593873	0.25	2
102216887206636463918	0.25	1
101934605512811498324	0.25	2
104986291293414058849	0.25	1
102865263115020893218	0.25	1
118122556596388698587	0.25	2
111293022852677971506	0.25	1
116826833538620347033	0.25	1
104577357381178665210	0.25	2
112002751904024593568	0.25	1
109447323719942836871	0.25	1
101749893068364068298	0.25	2
112374836634096795698	0.25	1
100324134371388101482	0.25	1
116962569222236871012	0.25	1
102497722463404815827	0.25	1
102476152658204495450	0.25	2
105212710488828657464	0.25	1
109328612626879131592	0.25	1
110604029302743317544	0.25	1
106369182367169177791	0.25	1
113268261330966580184	0.25	1
102066199522853845144	0.25	1
118026670849189183080	0.25	1
111093861808435159568	0.25	1
114151370744583208669	0.25	1
112696040957795558674	0.25	1
100518351865037458676	0.25	1
114307153172689842498	0.25	1
111937447827665620879	0.25	1
116918658686660566122	0.25	1
114244914082871792125	0.25	1
114716671631005124422	0.25	1
104306478653530878017	0.25	1
102871123574468799566	0.25	1
110394599356932147330	0.25	1
108226828521163158852	0.25	1
106479011389609622954	0.25	1
111707273404757375952	0.25	2
101867546374604054085	0.25	1
110623746254439487621	0.25	1
108542426628002931624	0.25	1
106954453752980411212	0.25	1
110378953230340021029	0.25	2
110929351399428170240	0.25	1
111208402422826092180	0.25	1
106562970534675765654	0.25	1
101904002149716558203	0.25	1
109348670667869925718	0.25	1
116570889542655364711	0.25	1
110563351377427897709	0.25	1
112515890676206330591	0.25	1
100646334382638139241	0.25	1
103907806627406122152	0.25	3
100361625055840396896	0.25	1
112108146349792378878	0.25	2
116805285176805120365	0.25	1
111524453377364342146	0.25	1
108622331358244378714	0.25	1
111333123856542807695	0.25	1
105719943141175185993	0.25	1
106065887396646553059	0.25	1
108587324540492658549	0.25	1
113516459185906517443	0.25	1
106775609116257959283	0.25	1
112177951351534704764	0.25	1
104770726494207178533	0.25	1
101720949843787442951	0.25	1
107469895927414342167	0.25	1
100940716892313727285	0.25	1
103216887847401478447	0.25	1
103284904553935115995	0.25	2
108705174211639807508	0.25	1
102373191596205712937	0.25	1
117378076401635777570	0.25	1
104961406012654314344	0.25	1
110585177119295723165	0.25	2
111181389036901378787	0.25	2
110351006045593232796	0.25	1
102090995491094543233	0.25	2
103188948341310400908	0.25	2
114394128653474707020	0.25	1
114229157887417365950	0.25	1
102896689791899460747	0.25	1
102156224561092001320	0.25	1
111881288823851774662	0.25	1
106501936839371135482	0.25	1
100151206178980470956	0.25	1
113053085239726972447	0.25	1
115623252983295760522	0.25	1
106831762557971378854	0.25	1
115078873843502210957	0.25	1
106448934307511106762	0.25	2
101916927210627984331	0.25	1
101835433272879715504	0.25	1
117603607686759718742	0.25	1
112039022986516057445	0.25	1
102826652809724883705	0.25	1
115673881208416151793	0.25	1
117259934788907243749	0.25	1
105390077271236874234	0.25	1
101057616370673656059	0.25	1
110106586947414476573	0.25	1
113937090818071827574	0.25	1
107391346918211701146	0.25	1
104906919451670502090	0.25	2
116164717430356367649	0.25	1
111803451496284973356	0.25	1
113744001004180832587	0.25	1
115226553867693461142	0.25	1
116802117190197146689	0.25	2
101280414895883801793	0.25	1
111542837335505797292	0.25	1
112870994374364427682	0.25	2
107353995057011504452	0.25	1
100264010813126229552	0.25	1
105216491640488683417	0.25	2
105978286830554664790	0.25	2
114419664855330371780	0.25	1
107095266020248547050	0.25	1
112711154374511525164	0.25	1
110410992998216920216	0.25	1
116919639809502748349	0.25	1
113721863729738910694	0.25	1
113057286764851383469	0.25	2
112860174577325685245	0.25	1
114800310452543164210	0.25	1
111666959095947698908	0.25	1
100521671383026672718	0.25	2
117523780312701271966	0.25	1
116545851237592991837	0.25	1
115449277740727840529	0.25	1
109920797224447152276	0.25	1
114185234346525608222	0.25	1
113062378683948939674	0.25	2
109809835379677001002	0.25	1
106745624912469757770	0.25	1
106300052762682460493	0.25	1
102017004509173451671	0.25	1
113988020346430909404	0.25	1
109098995683929464053	0.25	1
102302265080029708118	0.25	1
113027790166600260439	0.25	1
114964201643447496656	0.25	1
112879507105898686307	0.25	1
104801113765740328964	0.25	1
102171570226143152161	0.25	1
112433233162542061134	0.25	1
117058794763073546749	0.25	1
116336996587795568506	0.25	1
102554407414282880001	0.25	1
101828183984777718546	0.25	1
104013835962992611989	0.25	1
105435074544337918474	0.25	1
116076153894546776400	0.25	1
116204056226346238449	0.25	1
113567079117038816080	0.25	1
108255121787158995006	0.25	1
118329773780130823533	0.25	1
107132242120485271060	0.25	1
105459992973975823163	0.25	2
105637293618598027400	0.25	1
109711885816723467956	0.25	1
103155705221827663398	0.25	1
100520898200380872506	0.25	1
116388668762198604003	0.25	1
113801236315350503728	0.25	2
113910139807841637853	0.25	1
106463577650312558195	0.25	2
110553732079739447597	0.25	1
102683324817651914807	0.25	1
117139907586011263319	0.25	2
105545635323537037809	0.25	2
113537711651274258466	0.25	1
103251633033550231172	0.25	1
114753028665775786510	0.25	1
103591981774863558651	0.25	1
104557885419342982371	0.25	2
118026639398463272784	0.25	1
103625305650782852673	0.25	2
107870240225843632731	0.25	1
107427974268380977385	0.25	1
107606703558161507946	0.25	1
112658633592720298303	0.25	1
116665417191671711571	0.25	1
107140884077582692033	0.25	2
100715738096376666180	0.25	1
101581844093375905208	0.25	1
113581201724147813967	0.25	1
108832773152747423283	0.25	1
112707583697711905956	0.25	1
102496647196143813140	0.25	1
113475277239647026452	0.25	1
111189215947987309841	0.25	1
113949230518472826907	0.25	1
110229209171854501428	0.25	1
112678702228711889851	0.25	1
115422622153710387598	0.25	1
111491466248379228198	0.25	1
112842631531364722564	0.25	2
105828769753716345129	0.25	1
103605976954899443220	0.25	1
111262623885758297033	0.25	1
107829879943483235852	0.25	1
112304285606427842853	0.25	1
114024243471683897282	0.25	1
113599452138488526369	0.25	2
117500723574087130516	0.25	1
104376626976827590822	0.25	2
101739596885689185734	0.25	1
111524595925530011909	0.25	1
104602423740417750584	0.25	1
110399587675314039693	0.25	1
106792630639449031994	0.25	2
111737351880500948034	0.25	1
103248009078644651328	0.25	1
106269457887206277397	0.25	1
103100496883422151101	0.25	2
106572406110343342670	0.25	1
114463492667603144814	0.25	1
102755880045844773888	0.25	1
106802084872920510496	0.25	1
116910304844117268718	0.25	1
117613555281463081141	0.25	1
108629717769018996477	0.25	1
106971056029470050347	0.25	1
116568578395534463017	0.25	1
105209158850127365471	0.25	1
114579199262781052784	0.25	1
112590772890103140557	0.25	1
111026850364884949433	0.25	1
113660720728875392533	0.25	1
104566383115107033547	0.25	1
108261172458336520976	0.25	1
116214152295449083654	0.25	1
104010406247641853881	0.25	1
111292852688797062644	0.25	1
104425795831719336450	0.25	1
105459039689531835195	0.25	2
102050769345449529254	0.25	1
108269604150228165231	0.25	1
100095245926948995335	0.25	1
100838276097451809262	0.25	1
108002138812927763875	0.25	1
105900228578579810227	0.25	1
108832015752952066226	0.25	2
108750679568139936282	0.25	1
115902134079191609487	0.25	1
110691778826596363915	0.25	1
101954261955134304484	0.25	1
105383459578610650373	0.25	1
116482001661226769314	0.25	1
100275307499530023476	0.25	1
115314704721793037922	0.25	1
117207787193330201690	0.25	1
103207735010069268392	0.25	1
116382583917203110234	0.25	1
111164452041690496503	0.25	1
106993790975969476239	0.25	1
105469014582552539589	0.25	1
106808688302434879780	0.25	1
115133653231679625609	0.25	1
109258302185659233880	0.25	1
101141424784642471883	0.25	1
113171227622011939089	0.25	1
101930732356474123642	0.25	2
109721665438966619414	0.25	1
101235095970404720691	0.25	1
101253571626468140515	0.25	1
115625564993990145546	0.25	1
105343468977483636307	0.25	1
103825681530404900115	0.25	1
104605946488794124557	0.25	1
108470782772821648496	0.25	2
103493459351957813291	0.25	2
111262982046184002072	0.25	1
114754104484684187881	0.25	1
116986422495636163350	0.25	1
107198720927861774026	0.25	1
103577706924716446377	0.25	2
116897165866427007282	0.25	1
108186999795479387281	0.25	1
110563789211679581171	0.25	1
114826457457941066820	0.25	1
105355997250151938253	0.25	1
105347537964295352326	0.25	1
110807748106301476611	0.25	2
101097598357299353681	0.25	1
109524702084450613375	0.25	1
112049580228381686765	0.25	1
106770065801865229562	0.25	1
109448162492198686266	0.25	1
116491285067171323298	0.25	1
114193331318034165190	0.25	1
107742567767125793693	0.25	1
107142027547197288951	0.25	1
113474341770751326627	0.25	1
109326311596264502242	0.25	1
114860045023837730306	0.25	1
113190229460560085138	0.25	1
114549564725160709822	0.25	1
100280501907498761662	0.25	1
101494708632928300874	0.25	1
108987314661691926347	0.25	1
101746196094367799224	0.25	2
115521741651649419878	0.25	1
114579433151395834520	0.25	1
113513404940962262479	0.25	1
104845196021283889824	0.25	1
114133424228405038490	0.25	1
107460400955464713852	0.25	1
103156582871250188205	0.25	1
116353356965870702638	0.25	1
114820197384656908329	0.25	1
113418554594512897845	0.25	1
118165359624927120101	0.25	1
117122165783749287103	0.25	1
107059561399028745277	0.25	1
107858226132224039781	0.25	1
115775757680480988681	0.25	1
105507095357499885933	0.25	1
104444843852667570776	0.25	1
113632110751304399534	0.25	1
107304599129049310946	0.25	1
104211020927646148185	0.25	1
113276861370213912415	0.25	2
104386628680174613932	0.25	1
111640272568271242568	0.25	1
115838710538466135615	0.25	1
111694424168117997300	0.25	1
109022235269450532430	0.25	1
110013998306607033448	0.25	2
109445136842856929944	0.25	1
111599388141917224950	0.25	1
101377314432124184416	0.25	1
104110617315884833745	0.25	2
102766862318438263839	0.25	1
103201238410770468762	0.25	1
101146227293283270774	0.25	2
107532291158258676472	0.25	1
103970721692220852299	0.25	1
104026402905898059501	0.25	1
101237586735280711283	0.25	1
116365924376801557152	0.25	1
101634980625828210366	0.25	1
116887028470832922202	0.25	1
117004257332029851484	0.25	2
103128232230617819686	0.25	1
115096152472356120583	0.25	1
114290753525835355281	0.25	1
109269751449809658317	0.25	1
118353488536906108198	0.25	1
104120875155178024742	0.25	1
108737772845276198949	0.25	2
103325969492772452485	0.25	2
104201435229565617702	0.25	1
111960527250858280267	0.25	1
114195743662228623588	0.25	1
110196408714194982641	0.25	1
104087342276546176987	0.25	1
106181056127904857087	0.25	1
108894779805940659869	0.25	1
117892754744245905671	0.25	1
109591387819364984777	0.25	1
102514673722084798933	0.25	1
118251955202502774725	0.25	1
110193533410016731852	0.25	1
111916401300231612199	0.25	1
105393280870974796135	0.25	1
110543704257781122499	0.25	1
117034621445456148171	0.25	1
109550818599769670856	0.25	1
106834255444857094594	0.25	1
107602986645495622938	0.25	1
112263812916348440253	0.25	1
113341867424282932880	0.25	1
105828335594316527207	0.25	1
109046012710650953201	0.25	1
113266106424840524227	0.25	1
103637004042802406296	0.25	2
112754837375498057085	0.25	1
104038620313177595145	0.25	1
113455904335397584027	0.25	1
102403331307606219198	0.25	1
101035778759001494890	0.25	1
101500906458831444600	0.25	1
104474227941534479648	0.25	1
117239269999988989998	0.25	1
100998972239153732516	0.25	1
115194503479506541883	0.25	1
113012880306956864243	0.25	1
114071615943001313475	0.25	1
105780487374226393830	0.25	1
106430219639239080340	0.25	2
113945293805484848312	0.25	1
109588294336146429464	0.25	1
101646122693107667041	0.25	1
106122462724662012890	0.25	1
116671803269225998491	0.25	1
100213793430941376501	0.25	1
109194101143425071423	0.25	1
116815556908248220861	0.25	1
118180051454369171631	0.25	1
114543432119809717773	0.25	1
112557754128497428807	0.25	1
110160734992186857221	0.25	2
116140208161479945314	0.25	1
101149557297778845408	0.25	2
107349798667041454530	0.25	1
102239873698390845611	0.25	1
108610056059491923585	0.25	1
103766858133425472937	0.25	1
101657038397569061811	0.25	1
104314117405412659649	0.25	1
108284410156428722582	0.25	2
110389660500778173934	0.25	1
115414977082318263605	0.25	1
116304714605933006928	0.25	1
111296173569710723074	0.25	1
112869106010438626316	0.25	1
115699426100289857429	0.2	1
104751957560162245889	0.2	1
100124389520659251191	0.2	1
111567061469336027617	0.2	1
112254467169147545881	0.2	2
116294766145735058744	0.2	1
107863796156749531232	0.2	1
104674479120443498028	0.2	1
100533009597823768217	0.2	1
101401998440888498959	0.2	1
103233967921245494760	0.2	2
110901207126689748325	0.2	1
104827309390620087720	0.2	1
113364268861881787701	0.2	1
106952974709619007593	0.2	1
103697912043600385604	0.2	1
107491521724720198930	0.2	2
112862819756646023491	0.2	1
112106208511864515140	0.2	2
105822688186016123722	0.2	2
107714711613847705349	0.2	2
110809308822849680310	0.2	2
101380140646708604579	0.2	1
115489498904281734573	0.2	1
113097276181543898574	0.2	2
113401237897927726194	0.2	1
110895636974083932326	0.2	1
104261567553968048744	0.2	1
113998295683387625628	0.2	2
112550334078819814430	0.2	1
103348693812294029194	0.2	1
111499908439497508351	0.2	1
115658896387238242974	0.2	1
115906303634268939105	0.2	1
110184907694411486428	0.2	1
107032342359401904928	0.2	1
102817283354809142195	0.2	2
113612142759476883204	0.2	2
114142528070147926514	0.2	1
110817132422072935212	0.2	1
113939332173985992126	0.2	1
114765095157367281222	0.2	1
115212051037621986145	0.2	1
112844561713780016118	0.2	1
100854202666064752024	0.2	1
104814138589225659209	0.2	1
104819208193648646391	0.2	1
107629114013544384077	0.2	2
104833564316573420990	0.2	1
111326500706485286272	0.2	1
115576988435396060952	0.2	1
117310204075479717707	0.2	1
110046838960755410426	0.2	1
104604566656354218673	0.2	1
114369704013100203178	0.2	1
107033731246200681024	0.2	1
112936634323714765964	0.2	1
107781761552417614958	0.2	2
116630885363426185039	0.2	1
109581870574956225297	0.2	1
108890400948483542545	0.2	1
103612871313139094390	0.2	3
105827106756010407802	0.2	1
113686253941057080055	0.2	1
118284599396182669786	0.2	1
113758147814858568109	0.2	1
107931479269096290888	0.2	1
106376239368339615111	0.2	1
104810009905655772187	0.2	1
108394386766701954724	0.2	1
107396241442191327319	0.2	2
107337623998787517741	0.2	1
108504923335335370125	0.2	1
100971870367870906394	0.2	1
105705665708025552983	0.2	1
118057660089457605126	0.2	1
100193529331792590881	0.2	1
107027691386459283898	0.2	1
109213976373756733110	0.2	1
104192099372982491378	0.2	2
105090740865190654377	0.2	1
109247306373593947755	0.2	1
115017401467423642930	0.2	1
110077582113112922453	0.2	2
115275697997905403506	0.2	1
116719768397940189391	0.2	1
106941525654828634986	0.2	1
113185965726696368763	0.2	1
115895580795074569149	0.2	1
117628760048431112823	0.2	1
118297780429110098708	0.2	2
110097167949323324728	0.2	2
102976465024742837897	0.2	2
110655284823085763937	0.2	1
114718647057158569230	0.2	1
101049277732531107040	0.2	1
101335707221917520541	0.2	1
100355701161361592492	0.2	1
117055854349595804256	0.2	1
113489241287639165132	0.2	1
107797272029781254158	0.2	1
114362374755134054810	0.2	1
114484815067147880052	0.2	1
118249005460047214792	0.2	1
109467717400903653061	0.2	1
110318982509514011806	0.2	1
108613052316092493401	0.2	1
115982047784351676092	0.2	1
103969089185770936572	0.2	2
103452262811951857297	0.2	1
101793197741945493620	0.2	1
110058822708204114227	0.2	1
101299630822673140201	0.2	1
102359023001175373171	0.2	2
117425941598597496552	0.2	1
116452824309856782163	0.2	1
116680657021771561594	0.2	1
104782958436252677806	0.2	1
105332691637769400620	0.2	1
117424200973094377000	0.2	1
105945403054619746508	0.2	2
106730511805776754916	0.2	1
103111382143198287157	0.2	1
106570691022224926114	0.2	1
113025758348628700217	0.2	2
100532220295176374389	0.2	1
108112318495739623290	0.2	1
102653811646245712103	0.2	1
105047371315992982745	0.2	1
113455290791279442483	0.2	1
107047796519061210494	0.2	2
105006381068870463173	0.2	2
112756365208572318325	0.2	1
116275667532826937104	0.2	1
107658612548640920056	0.2	1
118113599195818712808	0.2	1
106739645662314600854	0.2	1
117297166811951011796	0.2	1
113127438179392830442	0.2	1
112796558204081666551	0.2	1
115047896996200277508	0.2	1
107808951807533655192	0.2	1
103251096729854405456	0.2	1
115656768876910409649	0.2	2
117210887112719798840	0.2	2
110742553099151224001	0.2	2
111042085517496880918	0.2	1
116875962463138221140	0.2	1
113133575601604762297	0.2	1
109619435534377577910	0.2	1
115573545440464933254	0.2	2
102903863405855704840	0.2	1
106528103954793102526	0.2	1
102766762874150493364	0.2	1
102420421725069396072	0.2	2
104551001409329971286	0.2	1
110971748294526698110	0.2	1
116394575739281318169	0.2	1
109967616069135434926	0.2	1
106051905361985612598	0.2	1
110964811059036490199	0.2	1
102131376052400669617	0.2	1
106300407679257154689	0.2	1
103691312271671214670	0.2	1
113607435918549143249	0.2	1
112961607570158342254	0.2	1
110981030061712822816	0.2	1
101976853382802098348	0.2	1
116626367309939192323	0.2	1
113884505627575479301	0.2	1
102563308073481655757	0.2	2
108913861400058319062	0.2	1
114727041619948419787	0.2	1
117550971892000156946	0.2	2
104162197579357666121	0.2	1
113882113745075873153	0.2	1
103364296998918440771	0.2	2
110014068761700118840	0.2	2
104461364885611490928	0.2	1
105943953541748782535	0.2	1
105951083208800607266	0.2	1
104550678234629742078	0.2	1
111282208725209005453	0.2	1
107760322959931160638	0.2	1
102747701705502038362	0.2	1
102991700177087923792	0.2	2
100157023303015979459	0.2	1
114824925744948885047	0.2	1
110801010428787263936	0.2	1
110168268276300857409	0.2	1
104537830466896364401	0.2	1
106334446313641943990	0.2	1
100962871525684315897	0.2	1
107410585863197912809	0.2	1
115360471097759949621	0.2	1
103072738433357468653	0.2	1
101185406398932804414	0.2	1
103216140957328843288	0.2	3
102626129336565123728	0.2	1
106353782123563383689	0.2	1
112451681343577317102	0.2	1
108601427100401548787	0.2	1
101584793125615146114	0.2	1
111668181745212870546	0.2	1
107230583555399484874	0.2	1
114021833189884671951	0.2	1
114359353929872751387	0.2	1
104067625658241594894	0.2	1
104914829730501706316	0.2	2
115472102224329221180	0.2	1
106434073353360803681	0.2	1
105712386542755523768	0.2	1
100623276740673202144	0.2	1
103048156144684721231	0.2	1
107082593606402385292	0.2	1
106240431838322976045	0.2	1
117096240828838962978	0.2	1
103966668353165830689	0.2	2
107999892063981136714	0.2	1
105545068944703206621	0.2	1
101436633503339641010	0.2	1
105976638534466032483	0.2	1
117523047521837823505	0.2	1
103262839833761688122	0.2	1
117847343308870603648	0.2	1
100559656799401441092	0.2	1
106481513046014059880	0.2	1
113809314791647681971	0.2	1
108255750659110762991	0.2	1
100809695376807608194	0.2	2
103554836697483357686	0.2	1
116975258821055004471	0.2	1
103409897945637512729	0.2	1
106837574755355833243	0.2	1
112576967051836737045	0.2	1
101408106920665237877	0.2	3
105106962406858998302	0.2	1
100244648746826491182	0.2	1
106829364795701933124	0.2	1
104849340488933629464	0.2	1
102722482248467575904	0.2	1
101386134866913345039	0.2	1
109027644713767623413	0.2	1
115788203615961124571	0.2	1
114891934677835796437	0.2	1
110249226992010407908	0.2	1
114884623237942654218	0.2	1
103850062796903816685	0.2	1
102880704819923280576	0.2	1
110004716237212403711	0.2	1
113656659660747456237	0.2	1
114790574178411061829	0.2	1
115395854124808916911	0.2	1
103261047438624958358	0.2	1
103765655241162838230	0.2	1
100647702320088380533	0.2	1
112413176119934100133	0.2	1
107212524310715402621	0.2	1
105877221054805825786	0.2	1
115696963482281203793	0.2	2
107395795129791787754	0.2	2
100404352969213892988	0.2	2
109610954243983229925	0.2	3
109325568794080123329	0.2	2
112661262066626464523	0.2	1
112987126128209041080	0.2	2
115988904877258576982	0.2	1
110673157444561534771	0.2	1
107438682907917399901	0.2	1
102352120060183298905	0.2	1
100576277923232811261	0.2	1
118344481609730757471	0.2	1
100488224785956829033	0.2	2
108536234968997542346	0.2	3
109940386703694524007	0.2	1
114247048849834611286	0.2	1
117498138737868731316	0.2	1
106967325646926628873	0.2	2
114055975301837030490	0.2	2
109289773334877225416	0.2	1
117110094515372104918	0.2	1
103022817021170264252	0.2	1
107255413931190531982	0.2	1
107484406070618164095	0.2	1
106533248943352121512	0.2	1
107471393302984843642	0.2	1
107589895345000267917	0.2	1
116839269130618415613	0.2	1
112716356719620674952	0.2	1
111326252849459841758	0.2	1
118114557675104381720	0.2	2
116861802215142073695	0.2	1
107602882044753150398	0.2	2
112172560861633437924	0.2	1
103583939320326217147	0.2	1
102725586441497001334	0.2	1
106141866246653944964	0.2	1
113495232224735828648	0.2	1
116924321492365561600	0.2	1
104591903036738260658	0.2	1
104401121686781166984	0.2	1
112353210404102902472	0.2	1
118334193458970958984	0.2	1
111169963967137030210	0.2	1
116312861051138180882	0.2	1
100605790658970634935	0.2	1
112024005652448252984	0.2	1
111727352700017457573	0.2	1
106458306010374392496	0.2	1
100442298741169641796	0.2	1
115399459187056221767	0.2	1
103082925588041284256	0.2	1
104288146358334285172	0.2	1
117619974246549097100	0.2	1
102443055443356357765	0.2	1
109057933021604550834	0.2	1
107146976449413788793	0.2	1
102158978401606333096	0.2	1
106954876531579994101	0.2	1
101744356052507285357	0.2	1
102854311912714900388	0.2	1
117794542369946365864	0.2	1
116848413236392828000	0.2	1
109410049853740963142	0.2	1
108011062942401164512	0.2	3
112215288642007559493	0.2	1
115315167921149712529	0.2	2
114398974543481397011	0.2	1
109427376016090521146	0.2	1
102048265612444661933	0.2	1
114142465534284108478	0.2	1
108444621893705023379	0.2	1
103657641753349471053	0.2	1
105077442444376687127	0.2	1
116674248736326873133	0.2	1
100481094548676430976	0.2	1
103622476548924677148	0.2	1
114418877093590796492	0.2	1
112735175063326258809	0.2	1
116909635609559926539	0.2	1
102026057783057469213	0.2	1
118282622766782284988	0.2	1
112857065682723532338	0.2	1
107743229589123592762	0.2	2
115024469653567316641	0.2	1
105931339239062225677	0.2	2
107571642956082107782	0.2	1
103900869685329245218	0.2	1
114837091941392020931	0.2	1
109508302357608335950	0.2	1
114116849506203073777	0.2	1
102921495870063367674	0.2	1
117344638334908469860	0.2	1
114592751246503219483	0.2	1
111185848672556379969	0.2	1
116758821429474866230	0.2	1
104579067165617823810	0.2	1
103030116155431184588	0.2	1
103819764017390742546	0.2	1
116265268357696117983	0.2	1
102850864044636061132	0.2	1
107432367571301493988	0.2	1
114588556481415684871	0.2	1
118336139840053353940	0.2	1
112261746221174025398	0.2	1
105157895563571606802	0.2	1
109074088606172390441	0.2	1
103802362181886387073	0.2	1
107054398730220626019	0.2	1
103005713657609680699	0.2	1
117765053522126253555	0.2	1
117595161205823619488	0.2	1
103063987439472530933	0.2	1
111099036917052429756	0.2	1
113602921103052246092	0.2	1
104619747503393735851	0.2	2
117920836752193813135	0.2	1
115669682222622000556	0.2	1
107303107611470093265	0.2	1
110993380381592315078	0.2	1
111294201325870406922	0.2	1
116946133443688981258	0.2	1
116060438179787966184	0.2	1
109630441088781707762	0.2	1
105977074985231949527	0.2	1
100254308726700420054	0.2	1
108171947541167736597	0.2	1
107209819311147886807	0.2	1
106001140952121359286	0.2	1
109546312374265402184	0.2	1
117998689569345314424	0.2	1
101038793101119748720	0.2	1
105962838622700789730	0.2	1
117876452096235489488	0.2	1
104961845171318028721	0.2	1
108821717261017099757	0.2	1
105282733681657775889	0.2	1
108840253750748459271	0.2	1
104873916420728609897	0.2	2
108558044534930581836	0.2	1
109413088567225314640	0.2	1
108654833827434771284	0.2	1
102863213160589296596	0.2	2
100566622327534003774	0.2	1
115779457312533147969	0.2	1
117877432795779055982	0.2	1
101036778970291988901	0.2	1
114749115289166087970	0.2	1
111885412259887629745	0.2	1
110377574376023356069	0.2	2
108449642532581973231	0.2	2
116768967108862685383	0.2	1
103172158448932010502	0.2	1
106111195718302652758	0.2	1
112730311517937020388	0.2	1
104950987080776411366	0.2	1
111811879893623631619	0.2	2
111003009624027617127	0.2	1
115589706410276687884	0.2	1
108234532142683217999	0.2	2
106903474363270082355	0.2	1
103046039519355433778	0.2	1
113560117489043766517	0.2	1
110067835153954222370	0.2	1
106363330703341474578	0.2	1
106372800511710859472	0.2	1
114725651137252000986	0.2	1
100258330325630692559	0.2	1
102626897837721795615	0.2	1
117935797319364093334	0.2	2
117202623485665431394	0.2	2
103266860731871773002	0.2	1
105741610296406100064	0.2	1
107550641629864976079	0.2	1
115863901704038587698	0.2	1
102472204830503422684	0.2	1
117613850459230972397	0.2	1
112690277629839121383	0.2	2
101929948348859805220	0.2	1
112013475634398538426	0.2	1
111502940353406919728	0.2	1
116572827675501376199	0.2	1
114163977627053244970	0.2	1
113159314465972753219	0.2	1
118119522401570540463	0.2	1
118109751794658508585	0.2	1
101163359829500311499	0.2	1
112417230564390141725	0.2	1
102392793828560076300	0.2	1
112550543063460051565	0.2	1
112356996706873234265	0.2	1
114953608475027310007	0.2	1
110303798738609197117	0.2	2
106797298008621737913	0.2	1
100031414437616577155	0.2	1
110788105777643761839	0.2	2
111996409013825587891	0.2	1
114585619602954560016	0.2	1
116032490611047283168	0.2	2
104959258308193038287	0.2	2
113359777710817483258	0.2	1
107918002962259107205	0.2	2
100637660947564674695	0.2	2
112878918236054024365	0.2	1
104174037294742207726	0.2	1
109846218374568466381	0.2	1
111569141043211899783	0.2	1
116424897893148688437	0.2	2
116568773932133159290	0.2	1
105321905387909645249	0.2	1
108834544234077411259	0.2	1
102400323197734441988	0.2	1
113660174638592427229	0.2	1
112487099551149077731	0.2	1
109545208257890158774	0.2	1
106903921823168822206	0.2	1
107736567309400968513	0.2	1
106358723131665675040	0.2	2
103951826558502729102	0.2	1
112970980012435940193	0.2	2
100664794686416535524	0.2	1
113356826625276503218	0.2	1
116951145888391044655	0.2	1
110677399908549124400	0.2	1
108772200278976934119	0.2	2
107262926088447726280	0.2	1
114206143698512482824	0.2	1
103870662967791938167	0.2	1
105798475046632120054	0.2	1
116605509802677907054	0.2	2
107378707924187920177	0.2	2
110440916341695481571	0.2	1
106840581685558577500	0.2	1
115782068149144901359	0.2	1
109544409989430150372	0.2	1
105492974704193057672	0.2	1
109881061612128946254	0.2	2
100016805543963204846	0.2	1
103483396955879438142	0.2	1
107069779648640643992	0.2	1
111408304754455411771	0.2	1
115050723733318865872	0.2	1
114718432768594055925	0.2	1
106352682674876344489	0.2	1
110906874090916136949	0.2	1
108020323251244750839	0.2	1
110008888647278021013	0.2	1
117675366262378164359	0.2	1
100972460481761964036	0.2	1
118108448857695041485	0.2	2
102159155440097684284	0.2	2
113376844448738423185	0.2	1
106141970002595541286	0.2	1
116514804440390566189	0.2	1
118406884548923206315	0.2	1
110787440343223809329	0.2	1
105836166407860145604	0.2	2
116014836340643816850	0.2	1
101695672212721511914	0.2	1
107875491905169329482	0.2	1
103859217787354138363	0.2	1
102854201931195437098	0.2	1
103038894198147403846	0.2	1
115728233950474712772	0.2	1
112028016644713318780	0.2	2
100611510945197700629	0.2	1
112048070794252585618	0.2	1
117543514727693171267	0.2	1
106340032216179507786	0.2	2
110990938051646210221	0.2	2
102114443131578283037	0.2	1
106082220701892529665	0.2	1
115502041324676527282	0.2	1
109147907684575406785	0.2	1
110348061852531109897	0.2	1
111227217066638878270	0.2	1
102046790904943863868	0.2	1
115726172805661351274	0.2	1
105719411841454462492	0.2	1
116913193172406353097	0.2	1
108857628755358382604	0.2	1
115086333456487976732	0.2	1
115562834527330595082	0.2	1
109078435392061340539	0.2	1
104088764297168844302	0.2	1
101581891172341216520	0.2	1
107643758622870240718	0.2	1
104498805425464169298	0.2	1
112947126519516273407	0.2	1
101734743415138919121	0.2	1
108498572722627343068	0.2	1
105731168529908350929	0.2	2
116906478881805641335	0.2	2
111931627441418090108	0.2	1
117862126899790026096	0.2	1
116831783688307503105	0.2	1
114884241758686610839	0.2	1
107094057904700088447	0.2	1
114220458932206524344	0.2	1
105182007479730182152	0.2	1
113691412762192421602	0.2	1
104061788385503883774	0.2	1
116525955568861791552	0.2	1
109148770005318320455	0.2	1
102908671235756574466	0.2	1
103303405160870265945	0.2	1
104712040823571473404	0.2	1
111146406732565623394	0.2	1
116521312443600925653	0.2	1
117344886427356841678	0.2	1
112725412830112621307	0.2	1
110213599363527666574	0.2	1
111200066984154923853	0.2	1
106771849086750142551	0.2	1
109288298923150663471	0.2	1
111208389205503578815	0.2	1
117453480025743569701	0.2	2
114249557919717960721	0.2	1
112885906178872765407	0.2	1
114556620103982476638	0.2	1
109700692102416554403	0.2	1
105467989466781943107	0.2	1
114103067980812134249	0.2	1
108087767703387366348	0.2	1
114789707068105890102	0.2	1
104468491360088211662	0.2	1
101794289135299320423	0.2	1
109301204619088143420	0.2	1
107264515902167457136	0.16666666666666666	1
114474252347218597235	0.16666666666666666	1
117891208395394989624	0.16666666666666666	1
114809488257853535663	0.16666666666666666	1
100542491279121610614	0.16666666666666666	1
115228867199508157193	0.16666666666666666	1
107765155354887834405	0.16666666666666666	1
100537991844787325512	0.16666666666666666	3
111532512297307007710	0.16666666666666666	1
116792953962445337353	0.16666666666666666	2
109159022568822965411	0.16666666666666666	1
101222125576635425546	0.16666666666666666	1
114128909453343413334	0.16666666666666666	1
103915300700369811053	0.16666666666666666	1
107940613488592745009	0.16666666666666666	1
112966941116896663612	0.16666666666666666	1
112147504775686453235	0.16666666666666666	1
100849476475092522282	0.16666666666666666	1
114544681401013828542	0.16666666666666666	2
103617443261375624134	0.16666666666666666	2
104819418345882467572	0.16666666666666666	1
118102862690539596548	0.16666666666666666	1
108783961843667317429	0.16666666666666666	1
110671664057266764417	0.16666666666666666	1
113602327320163521345	0.16666666666666666	2
111218335705568531385	0.16666666666666666	1
114142338899469124086	0.16666666666666666	2
108872262197826685044	0.16666666666666666	1
114396819930074055568	0.16666666666666666	1
105632705274410650331	0.16666666666666666	1
116256992251359463464	0.16666666666666666	1
113646467321645657750	0.16666666666666666	1
112458123886857017846	0.16666666666666666	2
107652538123802828039	0.16666666666666666	1
117365249176741374837	0.16666666666666666	1
104531251854349849858	0.16666666666666666	1
107970078129581613460	0.16666666666666666	1
106176205487029171425	0.16666666666666666	1
106784636196772540052	0.16666666666666666	2
107069131269370025591	0.16666666666666666	1
117275619461226570602	0.14285714285714285	1
117191685872961346682	0.14285714285714285	1
101765416973555767821	0	2
112413860260589530492	0	1
107117483540235115863	0	1
109412257237874861202	0	1
109351399938437494273	0	1
109817307856974317275	0	1
109220060006128553211	0	1
113210431006401244170	0	1
100605620026967730694	0	1
116464344073545994074	0	1
109161242786054443993	0	1
118254993345625377660	0	2
116927391465690022495	0	2
111111598146968769323	0	1
104233435224873922474	0	1
105841645449323318101	0	1
106189723444098348646	0	1
115695578304416858659	0	2
102025840065849549470	0	2
117230458394250799679	0	1
113104553286769158393	0	1
106100296973968329853	0	2
108527329601014444443	0	2
110105764762442631715	0	2
103782283994508546670	0	1
111962077049890418486	0	1
108694322269563399860	0	1
115825356079649831108	0	1
107784212140893392732	0	1
106336287464172898487	0	1
106167734331823180291	0	1
104560124403688998123	0	1
108159551615224338529	0	2
117186458716523937136	0	1
117892931137052744088	0	1
109813896768294978296	0	1
102307008290001893965	0	1
102377882249382281108	0	1
110286587261352351537	0	2
103716847685048716973	0	1
113899310637703974412	0	1
109830558164732334015	0	1
115404182941170857382	0	1
116412425491631154881	0	1
107234826207633309420	0	1
100262595546646927505	0	2
112063946124358686266	0	1
105496065140915063217	0	1
107982618909749811163	0	2
106717946845088683921	0	1
114153859732710523651	0	2
109584345417366469698	0	1
101169865857654555922	0	1
112395956093280877939	0	1
102150693225130002912	0	1
109045366876404424354	0	2
113186623583029971455	0	2
115613713332864456814	0	1
102330806782144582562	0	3
115514397255079403751	0	1
117381651485941996132	0	1
109074857816744029470	0	1
101062235821996561929	0	1
102533732658641069172	0	2
110979902030679184758	0	1
113295592665136557949	0	1
111935860955005881764	0	2
113922681403146970349	0	2
113199758401595297173	0	1
111180649041836321237	0	1
114848435876861502546	0	1
106506966828595242496	0	1
110749379267845817082	0	2
110951335838441291512	0	1
113924351242791258573	0	2
103395306698731049003	0	1
108384201920217141722	0	1
107044550151209703496	0	1
113648043941941745721	0	1
116204101984491980266	0	1
118022081663802896813	0	1
107118846473966400589	0	1
108576950625288563489	0	1
108586778317771300452	0	1
102452280382357513402	0	1
114579585661410116649	0	1
101773246949608471920	0	1
115130760540851771472	0	1
100126005702158448863	0	1
105037104815911535953	0	1
109922199462633401279	0	1
106749254706410187997	0	1
111263269271694146317	0	1
117861338670157326726	0	1
112302328634546793979	0	1
101649044529001019340	0	1
101336441946387245415	0	2
102678339976587419170	0	3
113247423264358423892	0	1
114424163811716070551	0	1
107145922837407520091	0	1
110634877589748180443	0	1
114231305708772868829	0	1
117453955773733801166	0	1
101059049290567215584	0	1
103533326117556337218	0	1
111499016778755078481	0	1
106176762220398854458	0	1
110607854570815877398	0	1
109531362806691064428	0	1
116740781876710122055	0	2
107538503004482952974	0	1
113469309872759209920	0	1
108176814619778619437	0	1
117350989957881101918	0	1
100319978263083496510	0	1
114536133164105123829	0	2
112614367259340988369	0	1
107456833293149787718	0	1
114467165722295112110	0	1
105051985738280261832	0	2
114220853146751120080	0	1
100736094401428282681	0	1
103097764320602190090	0	1
109187026428012507334	0	1
114332768622537369026	0	1
111164095920889813531	0	1
114979733565079457374	0	2
111813246023231760642	0	3
107956178389872094143	0	1
103618543375127073102	0	2
112599748506977857728	0	1
103228912231874416325	0	1
100025536618853941891	0	1
116212742289120186494	0	1
105273428597140573510	0	1
114338217792003600242	0	1
112324817510481880522	0	2
111923578555541250439	0	2
102646278174713579067	0	1
107013418740229269209	0	1
103012564142649561853	0	1
105336425684208963598	0	2
106086121009771648314	0	1
112506008651527773326	0	2
104304812570369572837	0	1
115777169768345614675	0	1
104481732831876735107	0	1
100063318895469818177	0	1
101704103161442695877	0	1
116969159384245484847	0	1
113641248237520845183	0	1
107968787521028284191	0	2
107026299993226528916	0	1
109051167482734565875	0	1
107342445128902420647	0	1
113984431400517644044	0	1
115527958903405980340	0	1
113143203855389025652	0	1
114858121388204731913	0	1
108249232416813189685	0	1
117108447922509773781	0	1
107989370857115020482	0	1
113027287369712034675	0	1
109599222336282643847	0	1
112352920206354603958	0	1
107429025521549453511	0	1
102409541521880756024	0	1
111832530347449196055	0	1
114951205049465295685	0	2
118320665823821681206	0	1
105030465637303791249	0	1
116568645918095855751	0	1
113868724708557157025	0	1
109031486518632696635	0	1
104105397862792081840	0	1
116418692031038827114	0	1
108770025895417156764	0	1
101884627777333948531	0	1
112588913919000013864	0	2
104522833443181754677	0	2
113089996646628106127	0	1
103046205364039460215	0	1
110727249496967897430	0	1
113751353481962008916	0	1
103044465329791387874	0	1
107494834634231938072	0	2
100949049107102931704	0	2
113941490892811952666	0	1
101124033896066033535	0	1
102572320061138442096	0	1
114512262688030479795	0	1
106495672613183710380	0	1
103429767916333774260	0	1
108316366145145424476	0	1
109599454747399536554	0	1
116008246625614132322	0	1
114572384791837115892	0	1
110330295203145835155	0	1
107941235164261478540	0	1
113117251731252114390	0	1
115049428938715274412	0	1
109709900240523274422	0	2
100784670873737717716	0	1
114480574919795916970	0	1
101353298620714815735	0	1
104856574696762938974	0	1
100712897463075952326	0	1
114228869493885222559	0	2
112855886072993423409	0	2
101989171644896834606	0	2
102604554618567108175	0	1
106720944939487995474	0	1
102812616443955722161	0	1
102583849990761016900	0	1
115675748062237570841	0	1
103011191893676285908	0	1
113544226688149802325	0	1
116727951144543307899	0	2
111674582448081531879	0	2
102178700954286324866	0	1
117310042965407401917	0	1
100523784851251213675	0	1
106567570642614609073	0	1
110581693083408452344	0	1
108439032486286528947	0	1
105674592743973562501	0	1
115863474911002159675	0	1
105354532715798223299	0	2
116369071500456395369	0	1
115740425396974668440	0	1
113683207338912869760	0	1
101010433515025028997	0	1
112617127041903537004	0	1
101542819146828378581	0	1
110124783887907916529	0	1
104390246098751387487	0	1
108551811075711499995	0	1
103761326311610249621	0	1
104950258468143128097	0	1
117895053585997781991	0	1
114668112706808870184	0	1
112332733042266989698	0	1
106915573590795484958	0	1
117362177282595168386	0	1
103282208979302705273	0	2
106493666402462241578	0	1
109895887909967698705	0	2
112017825175832531082	0	1
106073502505833617615	0	2
104482086818095930400	0	1
107106500560002041088	0	1
106497949182730964838	0	1
113097851206100618060	0	2
113417057124767990937	0	1
108202274299391625681	0	2
115113322964276305188	0	1
100219691404074384850	0	1
109960739367065180670	0	1
117889783117440513262	0	2
107420422968461975442	0	2
107590607834908463472	0	1
112057965648112067630	0	1
111297770695536134582	0	1
109325518935169286094	0	1
115017188374689068228	0	2
114571947302590181569	0	1
112595014862094467600	0	1
107876615810858105870	0	1
110712282995092828323	0	1
101332365181057783867	0	2
100398130402528526959	0	1
113026104107031516488	0	1
100132233764003563318	0	1
113007670073596198453	0	1
101816498461826411083	0	1
101629211371073711149	0	1
102378638461492833884	0	1
109905754411584610340	0	1
103002910761216386950	0	1
115744399689614835150	0	1
112957708071337353347	0	1
107589516274365657755	0	1
112477381832788364129	0	1
113301118005618556321	0	1
111818296250712690152	0	1
103735407912053721285	0	1
108865224681518296173	0	1
114618043230336563405	0	2
115552172695071755339	0	1
116038350716337582317	0	1
116484041261261475251	0	1
112750091316252656625	0	1
110209787594312878744	0	1
105224804026588644838	0	1
117549860764389783069	0	1
115984868678744352358	0	1
114927550142325929366	0	1
109931720898576608083	0	1
101684788160477518800	0	1
110376543339768154444	0	1
103897220774015362696	0	2
117283174365630308265	0	1
104284466618076664967	0	1
115621116779324073188	0	1
110933278795835298751	0	1
106166623138751182431	0	1
108152252385291870699	0	2
118378255952115707998	0	1
107985979269396032507	0	1
100273113599347326353	0	1
104186593565516256779	0	1
101697105550139257973	0	1
101988524032513457125	0	1
116126532050997853166	0	1
101886706065800845176	0	1
108893802363582988648	0	1
108124428632179421383	0	1
117904596907381647757	0	1
102452603552314336305	0	1
110288937428179170677	0	1
113209557206780066941	0	1
117673062930419636633	0	1
112543270340243460158	0	1
112981078865280389196	0	1
114723964985237592593	0	1
103618862132298404107	0	1
103341235804505564047	0	1
116973982059862474606	0	1
101365156049054444643	0	1
109193674823031718540	0	1
101088533848447816079	0	1
117940797281312243002	0	1
101968685409431735765	0	1
111126583871957458766	0	1
106209295280626219515	0	1
101892269165398528426	0	1
102766904556056700930	0	1
116474393793766888715	0	3
102467684150504816942	0	2
113562457419253741614	0	1
116375213592391711467	0	2
110295984969329522620	0	1
113477999922098854907	0	1
108920368855876462204	0	1
101606040925310416308	0	1
105291054385478560327	0	2
102259240553772717890	0	1
113681534576549611571	0	1
115602582060486074367	0	1
117070702094864821192	0	1
104820469240446287597	0	1
100021025784352405813	0	1
102013953482276183255	0	1
112457019034933541130	0	1
102871830398264157687	0	1
104703109675446407948	0	1
104677138924564186186	0	1
101055467974071257356	0	1
112355512917289235983	0	1
104382419077861101023	0	1
103929740436666277619	0	1
103108014711273100895	0	1
107958667107270024286	0	1
102873175118305865375	0	1
104319806339731336469	0	1
102235836543922327908	0	1
116426599319620195799	0	1
101483533411566453214	0	1
108115916250756840114	0	1
108181659789877318149	0	1
112564135762572403710	0	2
113758578851616206168	0	1
107578475734229635225	0	1
102668364885894493476	0	1
109322383637704271125	0	1
114807509636198517550	0	1
109147099159025717832	0	2
105022237091991065530	0	1
109298220114469642260	0	3
102219475968800204884	0	3
116448061329762108726	0	1
106133480923323663427	0	1
118391958784160529817	0	2
117281036949330216542	0	1
103604193838758665134	0	1
106391505795084010894	0	1
114792767042204879546	0	1
108873898153445472689	0	1
113702637309752822154	0	1
100541293230400861965	0	1
101145980349117737014	0	1
110535380100226954222	0	1
109022523720071680484	0	1
104199015136082090302	0	2
115335950996004437286	0	2
103875258484706784219	0	1
101730297493516353944	0	1
101590097065060947014	0	2
111285782175840598932	0	1
110221824207450443046	0	1
104828669749862517793	0	1
116738584284283239999	0	1
107968607985959415401	0	1
117501713975120009839	0	1
111687826518669415021	0	3
111361201906254029328	0	1
107399939660118023501	0	1
102285954355508747800	0	3
100217651363651256688	0	2
106110392408709376416	0	1
115105647022907007398	0	2
116185266372813827799	0	2
112774557312221756550	0	1
108233028875375016776	0	1
113115642206299816868	0	1
112393776166946876479	0	1
117888539284010547361	0	1
107663352552155463171	0	1
111775942615006547057	0	1
103797409565331693058	0	1
110818727964841722893	0	1
116232645119746385483	0	1
106653678649405633861	0	1
117617463050753227430	0	1
101127849472046131831	0	1
108986637383395556234	0	1
114277687548103339609	0	3
115471815788264818704	0	1
100128548317862731834	0	1
102893093768177858702	0	1
103047693135485372448	0	1
105741066779855110248	0	2
111736038656414351152	0	1
112642573356460292505	0	1
113782513336477748044	0	1
112930960401848447323	0	2
113346801688541032665	0	1
105436543523132908556	0	1
103322096164320811619	0	1
116916940622399669871	0	1
106245824841620354963	0	1
113156747246678129168	0	1
117690673854187012438	0	1
110296643744760932945	0	1
116893325733822534829	0	1
102023800980627758998	0	1
116062862517105973396	0	1
100258933461856349896	0	1
102195297286556985768	0	1
106835948809045250521	0	1
102048454347927962109	0	1
117146991527827534089	0	1
103200491340117663153	0	1
114524640852173748484	0	1
100359676551176658441	0	2
110317604568805674201	0	1
116296999841773505349	0	2
106813935104352730727	0	1
107810667476663183323	0	1
114522811866073303399	0	1
111258349379390009398	0	1
102943220293105257440	0	2
109948016492625971879	0	1
115556179283478493259	0	1
116202862570823884464	0	1
107117125552564825590	0	1
101935995649723391317	0	1
110255737428907780217	0	1
103117803975093534822	0	1
106103398781440294311	0	1
102222722824849858928	0	2
117420368760274729369	0	1
109166097589524855299	0	2
109381089725745119133	0	1
100272572056305744950	0	1
107890931033625636870	0	1
100959642594094195765	0	1
103504843448441161181	0	1
108953118069869484329	0	1
113687916808174552540	0	1
114944954033188500785	0	1
117713296107305485612	0	1
107285614117124678949	0	2
115743003961327538050	0	1
103129468876474677567	0	1
103035368214666982008	0	1
103804287082698760845	0	1
102016851383568561562	0	1
108232986967717796149	0	1
105422871059252962617	0	1
107114203174586748186	0	1
109688735436178937133	0	2
109139639454066616071	0	2
115262846091589432854	0	1
104565851523733195725	0	1
114057121210807129507	0	1
101707927568259704231	0	1
115115358612777809094	0	1
104200585645880013739	0	1
115425017959501168550	0	1
109817727257275224234	0	2
100692959267613406456	0	2
105786329165387175660	0	1
117810117702904644755	0	1
114650535663975026769	0	1
101162916953876296847	0	1
113622376705481070771	0	2
105000453341907617396	0	1
108120810168560162533	0	1
113625462103500841369	0	2
109406131217887439929	0	1
109524776128007978236	0	1
112604719502115782383	0	1
118013135869798179484	0	1
112775107600614538255	0	1
104600296217176278045	0	2
112239175214950363003	0	1
110416468275009384711	0	1
109089484355054206605	0	2
110653399332628411979	0	1
105872806106213007611	0	1
105761279104103278252	0	1
113464569897311842405	0	1
102287936716287745073	0	1
104806876594599533272	0	1
113895942978964425455	0	1
113181908357004459635	0	1
115712737637386262441	0	1
116135963476096063106	0	1
103199730253236302228	0	1
118067215460827738849	0	1
117091380454742934025	0	1
107325929013361579686	0	3
101027357120673263054	0	1
104613764878890600110	0	1
106177535035935196477	0	1
110830048777487140155	0	1
112775028869918641893	0	1
104196529167346661616	0	1
108522323743855731185	0	1
117088074081961375243	0	1
111104226976534206830	0	1
112071373526623040439	0	1
106820089809797819002	0	2
107441871912515221544	0	1
112004253446956844416	0	1
107219357249420222884	0	1
114617516732238057698	0	1
100581143875664237264	0	1
111489673540432326345	0	1
108727799034020160275	0	1
111262146038004038186	0	1
115020081348374234621	0	1
113413631123566181546	0	2
104236657038061247630	0	1
104588753688500897402	0	1
116517262330390477412	0	1
104478543607855159670	0	1
115968081131502531917	0	1
113523398407723786985	0	1
109499108418188468067	0	1
110295980903696451227	0	1
103751553217540452535	0	1
111934554813029658126	0	1
100324436248497823664	0	1
112646999948608559077	0	1
100173713267844645667	0	1
112593670312132159739	0	1
100663135211813370970	0	1
115547683951727699051	0	1
100937033560882515353	0	1
114166429081258799005	0	1
111193928957236302758	0	1
112174039767189541081	0	1
107410347542742785284	0	1
113268632661699232371	0	1
102747347622398739507	0	1
115971553634517134434	0	2
113740905109081801596	0	1
114754850111939107988	0	1
112928375454000700715	0	1
117239835968550626698	0	1
101604758566835021293	0	1
105267304503796017437	0	1
110793216962825384177	0	1
113988526451652063575	0	1
104990425207662620918	0	1
117705568573279934984	0	2
104404616667319908681	0	1
111245623450043909906	0	1
106448502258162613710	0	1
103904802963745029663	0	1
108301883980264364524	0	1
113550528325125425339	0	1
106990629754929211946	0	1
113736766752987331545	0	1
106740675385553738423	0	1
109682307937636380797	0	1
117228116537929432330	0	1
115044284068005796102	0	1
118177166106747864591	0	1
105636695715347097518	0	1
108470342607223018409	0	1
115686903235135444192	0	1
105261364123562223617	0	1
113916287395838412564	0	1
114754289415865880394	0	1
105061361821750358201	0	1
109361091415205934794	0	2
110957415578815408051	0	1
107542431097601607488	0	1
110507996978242488651	0	1
111083308375001753987	0	1
109216934655960242235	0	1
102720066861426936837	0	1
105025452481231203230	0	1
100500119744852055191	0	1
113479077943272344844	0	1
114052340926297758729	0	3
112087906318258267756	0	2
106738570823745562395	0	1
107304794162956058165	0	1
106753788811080494782	0	1
106233545612854034205	0	1
103043630316201926210	0	1
109950484604481023510	0	1
101760503521525950121	0	1
102353625495825869813	0	1
115207567016362184954	0	1
103905075714975484917	0	1
117559809510135885465	0	1
106503152358415650827	0	1
110342621855388158070	0	1
117681509158182764400	0	1
117165410469360800045	0	1
114642622308615236787	0	1
101444777907637482936	0	2
116706153803896610134	0	1
107815136047831663468	0	1
106900868025060410275	0	1
101102096251405670356	0	1
113897042853018922860	0	1
104763093957837579741	0	1
115190109789300274163	0	1
113756014567052941747	0	1
115831988003154421904	0	1
113709650908904311084	0	2
117141430095024613689	0	1
112239631064966225716	0	1
106883865333126245609	0	1
112558830650398635855	0	1
101485625137654001109	0	1
106345668319598452572	0	2
100057069861700562165	0	1
107191705111546340101	0	2
102349305007676725479	0	1
108392504208314197482	0	1
103421705949047853460	0	1
112562484748065887930	0	1
106488493390311836201	0	1
112755610849469431267	0	1
115339325753643283555	0	1
110625777586806023955	0	1
108563885785257287698	0	1
116863815199197314179	0	1
104589242023662081749	0	1
103662021018753873517	0	1
105076569159070683815	0	1
104159903058825015647	0	2
116521610682324260680	0	1
116005482359669327095	0	1
107719944936647560492	0	1
111138450917564938980	0	1
101939869375976465972	0	1
101060745256159032840	0	1
108250181993353688015	0	1
115478270416237257742	0	2
108028643813258312732	0	1
112954250556310186892	0	1
113877972545027162214	0	1
101735378602050657381	0	1
108264998570838621572	0	1
114661835725003646860	0	1
113530521408605236047	0	1
100057775427772782690	0	1
118415173488588252226	0	1
111542399960172391393	0	1
106035679184611874040	0	1
106576914990397121815	0	1
108795359036189709247	0	1
108257742736725504517	0	1
115100268443374821778	0	1
112635336346427595473	0	1
105149372658737789768	0	2
116502334168231001158	0	1
109442101003946846434	0	1
100523810376335283165	0	2
113217551291912946699	0	1
113051383597106550047	0	1
110425013245680191714	0	1
106644387552450040039	0	1
117580801177513950006	0	1
105947455012543495512	0	1
116812043050833464706	0	1
114580172421467353646	0	1
115750270177636397262	0	1
104843347600101507815	0	1
104730610615806671198	0	1
113867983775253167326	0	1
115396639452469509832	0	1
114831886283192953710	0	1
101775070007623759890	0	1
102493227317017550023	0	1
105212333358458620744	0	1
107905455800180378660	0	1
113659714367418996791	0	1
103400332414624329703	0	1
102110715788542150395	0	2
105313274183718645403	0	1
112841443043279222888	0	1
115040294246136983260	0	1
117341889278737682838	0	2
107767329115909126883	0	1
101557473097868970469	0	1
113815496175227038563	0	1
106132190902853507998	0	1
115698703671498895336	0	1
116160612483689327039	0	1
110541212907155052222	0	2
103978391252237179523	0	2
106987867003952294375	0	1
107481418781691155610	0	1
106923269810506063711	0	1
103980072079808863646	0	1
109875177453844275978	0	1
105436047900550413824	0	1
102422701129148587266	0	1
100249421923745567139	0	2
101805304833671120497	0	2
105339834637502066765	0	1
106578704499211286051	0	2
105727132127821749217	0	1
100061802999835721670	0	1
112481694418464019054	0	1
100748166973169246843	0	1
101813110309442962520	0	1
100192341430577627173	0	2
