#node_label	#score	#gender
113986030881129524535	1.0	1
111237569704183901657	1.0	1
106329061511796382764	1.0	1
101129885139465338811	1.0	1
115242065936434243042	1.0	2
110521411527012126691	1.0	2
111640564477961722177	1.0	1
108026547226375042654	1.0	1
110575794479102275849	1.0	1
101529354290546020943	1.0	2
116259190117192456767	1.0	1
110380725479132874525	1.0	2
102208194346832618965	1.0	1
111411398475543829709	1.0	2
110664456833022140407	1.0	2
101709300854190814747	1.0	3
105715302594326060760	1.0	1
108611349406364033827	0.5	2
117589037325029762480	0.3333333333333333	1
113184091727451211493	0.3333333333333333	1
107297378329620440295	0.3333333333333333	1
113028758029278367373	0.3333333333333333	1
112682502973212166227	0.3333333333333333	1
103519655975029093996	0.3333333333333333	1
117184181258526632678	0.3333333333333333	1
104277202662943073951	0.3333333333333333	1
114229157887417365950	0.3333333333333333	1
104265751273656254845	0.3333333333333333	1
111976179410500096190	0.3333333333333333	1
113789110566197571887	0.3333333333333333	2
108585083328587544525	0.3333333333333333	1
103776299476527190352	0.3333333333333333	1
102413014337601402272	0.3333333333333333	1
106246515271419815754	0.3333333333333333	1
113158814439512755352	0.3333333333333333	2
110745629854593813122	0.3333333333333333	1
108981679893410895534	0.3333333333333333	1
114972221948028006870	0.3333333333333333	1
115683362169779591399	0.3333333333333333	1
107829011166693569753	0.3333333333333333	1
104699920090529948458	0.3333333333333333	1
111873853137122484021	0.3333333333333333	1
106312035620164033349	0.3333333333333333	1
100472608497932134515	0.3333333333333333	1
116577269515221310405	0.3333333333333333	1
115204805503581947511	0.3333333333333333	1
106287665062204946341	0.3333333333333333	1
113636262834273277286	0.3333333333333333	1
101159644402693130590	0.3333333333333333	1
113258478883695264742	0.3333333333333333	1
113942924458800963659	0.3333333333333333	1
100597287560870112131	0.3333333333333333	2
113339552992922631802	0.3333333333333333	1
112447253390876285565	0.3333333333333333	1
117013793471454440245	0.3333333333333333	2
113770461910835900905	0.3333333333333333	1
106154822872746144978	0.3333333333333333	1
108705174211639807508	0.3333333333333333	1
104723167398398004122	0.3333333333333333	1
100552531898971306220	0.3333333333333333	1
115904636983755833973	0.3333333333333333	1
110548244043172681974	0.3333333333333333	1
110963442024440969489	0.3333333333333333	1
115006038926176343412	0.3333333333333333	1
116009632176436768157	0.3333333333333333	1
104216250754098287625	0.3333333333333333	2
116648978868970467664	0.3333333333333333	1
115058384974405026221	0.3333333333333333	1
114124121045669648448	0.3333333333333333	1
112027450030109652155	0.3333333333333333	1
115724883099396204735	0.3333333333333333	1
104187365031365479470	0.3333333333333333	1
107251403213840178570	0.3333333333333333	1
106679217619062767542	0.3333333333333333	1
103330774212148294339	0.3333333333333333	1
113626341655414044020	0.3333333333333333	2
114368476910973036126	0.3333333333333333	1
106787788124127706441	0.3333333333333333	2
116576359043485259939	0.3333333333333333	1
107722106662054044164	0.3333333333333333	1
104930422493673232502	0.3333333333333333	2
116668669488646834910	0.3333333333333333	1
107475835798405892541	0.3333333333333333	1
101962829696981365403	0.3333333333333333	1
104927293172660676732	0.3333333333333333	1
111835024921462866899	0.3333333333333333	1
109217461409629684011	0.3333333333333333	1
106170102981460245504	0.3333333333333333	1
112887471725868554772	0.3333333333333333	1
116501349542487986139	0.3333333333333333	1
104124592566867927546	0.3333333333333333	1
110008116244179984313	0.3333333333333333	2
107842546484533410331	0.3333333333333333	1
103650951579527262798	0.3333333333333333	3
105245284513836678533	0.3333333333333333	1
101035196437264488455	0.3333333333333333	1
104778353019043232500	0.3333333333333333	1
101248054507015265353	0.3333333333333333	1
103202760473534065366	0.3333333333333333	1
118418436905562612953	0.3333333333333333	2
115322949759672206250	0.3333333333333333	2
110918518132080106257	0.3333333333333333	1
116256894601669480810	0.3333333333333333	1
114743790103732451380	0.3333333333333333	2
108085998837511913226	0.3333333333333333	1
116077052144599127950	0.3333333333333333	1
109017403684079187930	0.3333333333333333	1
115127358006203006001	0.3333333333333333	1
102554407414282880001	0.3333333333333333	1
110329781365538654444	0.3333333333333333	2
115329441531316787896	0.3333333333333333	1
105785197801929483800	0.3333333333333333	2
104768621699284314998	0.3333333333333333	2
109122539496160679247	0.3333333333333333	2
108872036879266293791	0.3333333333333333	1
118116012134541220798	0.3333333333333333	1
106237174356318230057	0.3333333333333333	2
103929057358376044772	0.3333333333333333	1
109844533275135409759	0.3333333333333333	1
117657888417980998852	0.3333333333333333	1
107420755679696384063	0.3333333333333333	1
117491275366025525159	0.3333333333333333	2
109123727761757726835	0.3333333333333333	2
103486150650858067282	0.3333333333333333	1
114561549698767128587	0.3333333333333333	1
107362628080904735459	0.3333333333333333	1
115489093988888524022	0.3333333333333333	1
104155770298251438878	0.3333333333333333	1
110468751315939991216	0.3333333333333333	1
100002360555406652980	0.3333333333333333	1
107678541280998663446	0.3333333333333333	1
110463034805904797626	0.3333333333333333	1
101828183984777718546	0.3333333333333333	1
102233770004174020180	0.3333333333333333	1
117139337839412508538	0.3333333333333333	2
108234504729950216883	0.3333333333333333	1
113085220237270354658	0.3333333333333333	1
112212805593320830314	0.3333333333333333	1
115560798821543443948	0.3333333333333333	2
106909119051058200287	0.3333333333333333	1
114051322401103919567	0.3333333333333333	1
109787340448372368173	0.3333333333333333	1
111557988109638065224	0.3333333333333333	1
105120100085902599040	0.3333333333333333	1
107920154302568162488	0.3333333333333333	1
117144717681042935359	0.3333333333333333	1
115076389471719869628	0.3333333333333333	1
116318044389289937577	0.3333333333333333	2
113181621354351021235	0.3333333333333333	1
102691005290181713701	0.3333333333333333	1
108805430409141907975	0.3333333333333333	1
115836923922245203582	0.3333333333333333	1
116043947632177598920	0.3333333333333333	1
114394128653474707020	0.3333333333333333	1
104405539079062799451	0.3333333333333333	1
111500093521014695341	0.3333333333333333	1
116265180994399322519	0.3333333333333333	2
110166492526688067334	0.3333333333333333	1
100580349003099136931	0.3333333333333333	1
110200115381518276083	0.3333333333333333	1
111065108889012087599	0.3333333333333333	1
100148131753059528231	0.3333333333333333	1
113628787636315115995	0.3333333333333333	1
108838325803746121114	0.3333333333333333	1
101440966331878525796	0.3333333333333333	1
102397482698742388526	0.3333333333333333	1
109579042529957997981	0.3333333333333333	1
113722211762693166526	0.3333333333333333	1
105171767028377204960	0.3333333333333333	1
117534567438781655786	0.3333333333333333	1
116799045993451756042	0.3333333333333333	1
103489665286471645173	0.3333333333333333	1
107800601648398385670	0.3333333333333333	1
115354744309811187296	0.3333333333333333	2
117783113906561198831	0.3333333333333333	1
106739504288468559058	0.3333333333333333	1
114092052797730247075	0.3333333333333333	1
107214580322343838515	0.3333333333333333	1
116102868465635179928	0.3333333333333333	1
117726982845027243554	0.3333333333333333	1
116594199576805510790	0.3333333333333333	1
103752943025677384806	0.3333333333333333	1
104677750569490656995	0.3333333333333333	1
100816418778306854164	0.3333333333333333	1
104441058792937995285	0.3333333333333333	1
108406747376039576239	0.3333333333333333	1
106369182367169177791	0.3333333333333333	1
115595685535906979585	0.3333333333333333	2
117386232350873428301	0.3333333333333333	1
111584384391407513657	0.3333333333333333	1
108936076827281198490	0.3333333333333333	2
105471831889375930291	0.3333333333333333	1
109355455609643339993	0.3333333333333333	1
100609929356873885072	0.3333333333333333	1
112594607056304480509	0.3333333333333333	2
113809685075072670366	0.3333333333333333	1
116635061583722144944	0.3333333333333333	2
115065563322811017070	0.3333333333333333	1
116438093255495233247	0.3333333333333333	1
110258598415939907971	0.3333333333333333	2
114729740472671073461	0.3333333333333333	1
102755588888811318476	0.3333333333333333	2
109186360492975240106	0.3333333333333333	1
115517258510977043443	0.3333333333333333	1
103535946573442710526	0.3333333333333333	1
100586461319763000734	0.3333333333333333	1
111279980650930688521	0.3333333333333333	1
115258195721329444884	0.3333333333333333	1
118089892017613224774	0.3333333333333333	1
112968305388793808815	0.3333333333333333	1
114647617876281088506	0.3333333333333333	1
106785393644157011306	0.3333333333333333	1
100892612779426154375	0.3333333333333333	1
115275485457246100819	0.3333333333333333	1
114585365564249361309	0.3333333333333333	2
108108084972401378722	0.3333333333333333	1
106941100667308824506	0.3333333333333333	1
104987932455782713675	0.3333333333333333	1
101898471192875726315	0.3333333333333333	2
107219796444050900221	0.3333333333333333	1
106106381521872663631	0.3333333333333333	1
101205158768960115200	0.3333333333333333	1
113435321295173258137	0.3333333333333333	1
109660946159817383241	0.3333333333333333	1
106096361729029699575	0.3333333333333333	1
101114516910832196188	0.3333333333333333	2
111470477330412999293	0.3333333333333333	1
104576759851444232491	0.3333333333333333	1
113219234233002030280	0.3333333333333333	1
103009042022920905686	0.3333333333333333	1
110945896776944314708	0.3333333333333333	1
104660435529402812313	0.3333333333333333	1
112960723772418803264	0.3333333333333333	1
116431161234632497214	0.3333333333333333	1
112486405997992686080	0.3333333333333333	2
100349898651868274673	0.3333333333333333	1
113393119735348911805	0.3333333333333333	1
111100649643019214919	0.3333333333333333	2
117662787427358000188	0.3333333333333333	1
112005751432451380700	0.3333333333333333	1
118048139271163842678	0.3333333333333333	1
105640765558937706569	0.3333333333333333	1
106893785144116951996	0.3333333333333333	1
107710128509407135607	0.3333333333333333	1
105507255007244881280	0.3333333333333333	1
107861794963671398272	0.3333333333333333	1
114669587841751082928	0.3333333333333333	1
106228492415376358972	0.3333333333333333	2
112801448828869860546	0.3333333333333333	1
100499442287165315889	0.3333333333333333	1
112174656193323553225	0.3333333333333333	1
101377559299572490516	0.3333333333333333	1
100467247127009384190	0.3333333333333333	1
105173978068939050475	0.3333333333333333	1
115653522232867695783	0.3333333333333333	1
115605115857817552535	0.3333333333333333	2
113744908962375375964	0.3333333333333333	1
102600746400603542680	0.3333333333333333	1
114611456210780217094	0.3333333333333333	1
114835618008913240560	0.3333333333333333	1
116331515612347682749	0.3333333333333333	1
103218855410099498497	0.3333333333333333	2
105927290057910590380	0.3333333333333333	1
107667231360771923031	0.3333333333333333	1
105237212888595777019	0.3333333333333333	1
107861068043141962470	0.3333333333333333	1
102821864954909612411	0.3333333333333333	1
107040109683948542812	0.3333333333333333	2
100030967570283228843	0.3333333333333333	1
105656572281780568085	0.3333333333333333	1
112912266573852052346	0.3333333333333333	2
114937629945637321096	0.3333333333333333	2
105604492968547001946	0.3333333333333333	1
115550472568182135597	0.3333333333333333	1
100968313568314999910	0.3333333333333333	1
106563076987268237912	0.3333333333333333	1
110433465871086860393	0.3333333333333333	1
107867604773686247488	0.3333333333333333	2
101249926870736682397	0.3333333333333333	1
104920733213047887355	0.3333333333333333	1
114816797625623326773	0.3333333333333333	1
104767505807856693311	0.3333333333333333	1
115193931520436011967	0.3333333333333333	1
105742591547943280092	0.3333333333333333	1
111661968865062172232	0.3333333333333333	1
115530024341257565365	0.3333333333333333	2
108834613627264806974	0.3333333333333333	1
101094105348372997640	0.3333333333333333	2
105213636585253009224	0.3333333333333333	2
113944846007907559686	0.3333333333333333	1
100733334063966339322	0.3333333333333333	2
102903606767281565472	0.3333333333333333	2
101901232143740160078	0.3333333333333333	2
111151133269873073822	0.3333333333333333	1
113693413383528085139	0.3333333333333333	1
101373961279443806744	0.3333333333333333	1
116011252490222413570	0.3333333333333333	1
107747838010116449754	0.3333333333333333	1
103189315516134780632	0.3333333333333333	1
103216887847401478447	0.3333333333333333	1
107953487622985570781	0.3333333333333333	1
102715042925211875133	0.3333333333333333	2
108202989932786461870	0.3333333333333333	1
110172935315685333021	0.3333333333333333	1
102865263115020893218	0.3333333333333333	1
103915637244681826557	0.3333333333333333	2
110322659947542704620	0.3333333333333333	1
101793532287583914396	0.3333333333333333	1
105432999357543467752	0.3333333333333333	2
113409086302056667844	0.3333333333333333	1
111324012410917919847	0.3333333333333333	1
100169245463332350626	0.3333333333333333	1
106533383112258363963	0.3333333333333333	1
112987126128209041080	0.3333333333333333	2
105173130154829697850	0.3333333333333333	1
104051069913864446196	0.3333333333333333	1
102471833540021278727	0.3333333333333333	1
102983352577771866921	0.3333333333333333	1
116254230335894208317	0.3333333333333333	1
116680136952155952051	0.3333333333333333	1
115530776534617554663	0.3333333333333333	1
107743243961862129539	0.3333333333333333	1
117345174540134167439	0.3333333333333333	1
106289562822644692555	0.3333333333333333	1
114772370404010974598	0.3333333333333333	2
114789052294324286806	0.3333333333333333	1
109549484898750371360	0.3333333333333333	1
103080784632791833659	0.3333333333333333	1
116838010969062088250	0.3333333333333333	2
103290228265979018515	0.3333333333333333	1
118026639398463272784	0.3333333333333333	1
115188225931820970468	0.3333333333333333	2
100475561456657224558	0.3333333333333333	1
113704987612352192056	0.3333333333333333	1
103472141935496784565	0.3333333333333333	1
116562123344603523300	0.3333333333333333	1
102518365620075109973	0.3333333333333333	1
109867682146917322989	0.3333333333333333	1
110701303409251940504	0.3333333333333333	1
111994420797579856627	0.3333333333333333	1
111538684930665702515	0.3333333333333333	1
114056084994793924628	0.3333333333333333	1
115919766952475225499	0.3333333333333333	1
107074209387108838105	0.3333333333333333	1
114964897758539216957	0.3333333333333333	1
101756451740536524663	0.3333333333333333	2
110721805765889618087	0.3333333333333333	1
100811733418406054662	0.3333333333333333	1
109268388872941447574	0.3333333333333333	1
105390077271236874234	0.3333333333333333	1
111041348042293541079	0.3333333333333333	1
117055729266754416915	0.3333333333333333	1
102541295037745440355	0.3333333333333333	1
111514735588177976561	0.3333333333333333	1
110455526548551633166	0.3333333333333333	1
114750927985208119278	0.3333333333333333	1
117788543090716879004	0.3333333333333333	1
115391090911429381573	0.3333333333333333	2
115958398724943172938	0.3333333333333333	1
104412203787586407497	0.3333333333333333	1
100962871525684315897	0.3333333333333333	1
100112279295075843516	0.3333333333333333	1
101955218540476497502	0.3333333333333333	1
101295111559019219927	0.3333333333333333	1
111856427400498745265	0.3333333333333333	2
116915389609964980297	0.3333333333333333	1
105477094955923005317	0.3333333333333333	1
100621204114976031079	0.3333333333333333	1
110159306642698690348	0.3333333333333333	1
110656253137238747090	0.3333333333333333	2
111292005124261783238	0.3333333333333333	1
106196205791862866616	0.3333333333333333	1
106808060895318165506	0.3333333333333333	1
102280187460284438983	0.3333333333333333	1
115082977301557449995	0.3333333333333333	1
100570943621691880802	0.3333333333333333	1
105597865359019730782	0.3333333333333333	1
111182091459614831945	0.3333333333333333	1
115340120780257508791	0.3333333333333333	1
102195144388135237932	0.3333333333333333	1
115621321148305565411	0.3333333333333333	1
104380036950579300637	0.3333333333333333	1
115115161887111700191	0.3333333333333333	1
107489144252174167638	0.3333333333333333	1
117765072461117547929	0.3333333333333333	1
104540999868216683021	0.3333333333333333	1
104334993139856754317	0.3333333333333333	2
116511752882326311047	0.3333333333333333	2
100327836545033470159	0.3333333333333333	1
104182876112695525975	0.3333333333333333	1
117440562136163282023	0.3333333333333333	1
108106866986930288892	0.3333333333333333	1
115220228182866909424	0.3333333333333333	2
111836106784218154459	0.3333333333333333	1
115121190871606390348	0.3333333333333333	1
114528278590085046475	0.3333333333333333	2
113891828412719247078	0.3333333333333333	1
107308430964327858950	0.3333333333333333	1
105564428961976656838	0.3333333333333333	1
106658849511427440492	0.3333333333333333	1
105389364748387891649	0.3333333333333333	1
102143577107646910352	0.3333333333333333	2
116942300625368333154	0.3333333333333333	2
100502356247926903919	0.3333333333333333	1
108159037614909653565	0.3333333333333333	1
108470782772821648496	0.3333333333333333	2
106437903086277993928	0.3333333333333333	1
103197489440932684008	0.3333333333333333	1
116143938603101885158	0.3333333333333333	1
100741886359727995612	0.3333333333333333	1
111516234103873284674	0.3333333333333333	1
114671437598828999217	0.3333333333333333	1
109897370131343108161	0.3333333333333333	1
115129347558613683514	0.3333333333333333	1
103274398541354707265	0.3333333333333333	2
106775609116257959283	0.3333333333333333	1
115583644746174615556	0.3333333333333333	2
110534982800542813261	0.3333333333333333	1
116867368573175665922	0.3333333333333333	1
111192490533881933800	0.3333333333333333	1
115176978469314668398	0.3333333333333333	2
116119893029262153595	0.3333333333333333	1
107742567767125793693	0.3333333333333333	1
116470420056898689265	0.3333333333333333	1
112938759017605010116	0.3333333333333333	3
102958145054444947691	0.3333333333333333	1
105080829848875955741	0.3333333333333333	1
111323897579126907221	0.3333333333333333	2
101958328416568661251	0.3333333333333333	1
116706759796316956635	0.3333333333333333	2
111402735079180150346	0.3333333333333333	1
100330301340762919242	0.3333333333333333	1
116028914197710603107	0.3333333333333333	1
108689366441836852610	0.3333333333333333	1
117826637077711958172	0.3333333333333333	1
117757565120070816446	0.3333333333333333	2
113827150066985714068	0.3333333333333333	1
108581600383744157473	0.3333333333333333	2
100502566205982452982	0.3333333333333333	1
100619767619036001799	0.3333333333333333	1
116834031837893676609	0.3333333333333333	2
117819671466113107345	0.3333333333333333	1
106123026171763346651	0.3333333333333333	2
109290081130683690010	0.3333333333333333	1
101103242784230519197	0.3333333333333333	1
102003389753581890246	0.3333333333333333	1
111091089527727420853	0.3333333333333333	1
105974344028736728341	0.3333333333333333	1
116012316986422879496	0.3333333333333333	1
111284141301267844995	0.3333333333333333	1
111673151624151424655	0.3333333333333333	1
114846083476314868855	0.3333333333333333	2
103923700544970826249	0.3333333333333333	1
117595607415664751814	0.3333333333333333	1
102373191596205712937	0.3333333333333333	1
111073641048817393213	0.3333333333333333	1
117105039195451218708	0.3333333333333333	1
117334292632787816394	0.3333333333333333	2
105318217552727882571	0.3333333333333333	1
102455783612715414179	0.3333333333333333	2
115931169998956348695	0.3333333333333333	1
116286807521280121863	0.3333333333333333	1
106525937470885901204	0.3333333333333333	1
103400251789793470864	0.3333333333333333	2
115281424372604157481	0.3333333333333333	2
105778096264726449062	0.3333333333333333	1
114489504825638353488	0.3333333333333333	1
103449225731496343372	0.3333333333333333	1
110923883348443545048	0.3333333333333333	1
110502833538176908275	0.3333333333333333	1
117640248138077345065	0.3333333333333333	1
110168117080267015976	0.3333333333333333	1
100318284953757812785	0.3333333333333333	2
115370996311184482015	0.3333333333333333	1
104366717257953730813	0.3333333333333333	1
115485279788634983194	0.3333333333333333	1
118255645714452180374	0.3333333333333333	2
112459506337768997742	0.3333333333333333	1
115213992828326539397	0.3333333333333333	2
106633617085865801018	0.3333333333333333	1
101579422741533419411	0.3333333333333333	1
103011399220706328848	0.3333333333333333	1
111594953337092443126	0.3333333333333333	1
105952263509838815067	0.3333333333333333	1
106112196209337820239	0.3333333333333333	1
106393478695568433143	0.3333333333333333	1
116718690905901431015	0.3333333333333333	1
114519389971805078479	0.3333333333333333	1
108222875243001434722	0.3333333333333333	1
108834544234077411259	0.3333333333333333	1
102227359845636175866	0.3333333333333333	1
111333785328965484432	0.3333333333333333	1
110638812861573439913	0.3333333333333333	1
105426743019195604827	0.3333333333333333	1
100542372891417952741	0.3333333333333333	1
101740665881541051348	0.3333333333333333	1
117455582278970840221	0.3333333333333333	1
106749686166469577692	0.3333333333333333	1
109774951215877430341	0.3333333333333333	1
104151108805226937665	0.3333333333333333	2
112029775019798501663	0.3333333333333333	1
111682290634973925566	0.3333333333333333	1
116511985008199520245	0.3333333333333333	1
107609501158534562375	0.3333333333333333	1
117540539550319521998	0.3333333333333333	1
107404242080797040590	0.3333333333333333	2
116696943168863559388	0.3333333333333333	1
100740773272993108424	0.3333333333333333	1
115831773236070302803	0.3333333333333333	1
104249870978376314541	0.3333333333333333	1
101012773563786046252	0.3333333333333333	1
104867148520425189911	0.3333333333333333	1
101998970312240215724	0.3333333333333333	1
118269717526175136537	0.3333333333333333	2
109447323719942836871	0.3333333333333333	1
113686253941057080055	0.3333333333333333	1
108551108122376805989	0.3333333333333333	1
110747746419769300628	0.3333333333333333	1
108138660492125912093	0.3333333333333333	1
110142561668636219737	0.3333333333333333	2
116203063268554516602	0.3333333333333333	1
117058794763073546749	0.3333333333333333	1
105959055586673429437	0.3333333333333333	1
114942600285702701682	0.3333333333333333	2
102629646689678003489	0.3333333333333333	1
109261971356283437190	0.3333333333333333	1
115763820862294051342	0.3333333333333333	1
100937080232841223416	0.3333333333333333	1
116653509077374033362	0.3333333333333333	1
103992904627733162056	0.3333333333333333	1
102476152658204495450	0.3333333333333333	2
104482523701688869957	0.3333333333333333	1
107285981046059629192	0.3333333333333333	1
105379364953109830773	0.3333333333333333	1
100788586112030407587	0.3333333333333333	1
105800931235510181650	0.3333333333333333	1
104275334819612685031	0.3333333333333333	1
103306876714294066693	0.3333333333333333	1
114428750997696634020	0.3333333333333333	2
113887679885697887124	0.3333333333333333	2
105528122498893014595	0.3333333333333333	1
103236949470535942612	0.3333333333333333	1
115347824062413314605	0.3333333333333333	1
107432579405738142143	0.3333333333333333	1
107814010645733629321	0.3333333333333333	1
104121609875372820045	0.3333333333333333	1
101913623470973115315	0.3333333333333333	1
105661020346736383659	0.3333333333333333	2
108629717769018996477	0.3333333333333333	1
115242761961569258730	0.3333333333333333	1
106644585677637197494	0.3333333333333333	2
115380981948224185206	0.3333333333333333	1
113664406921737357882	0.3333333333333333	1
106622374443783996764	0.3333333333333333	1
117863322265515575855	0.3333333333333333	2
115147417795391515101	0.3333333333333333	1
112690790850775412968	0.3333333333333333	1
107769120530509223004	0.3333333333333333	2
111709710017308986916	0.3333333333333333	1
107786447018915166294	0.3333333333333333	1
102434883684551427351	0.3333333333333333	1
106168607919515774186	0.3333333333333333	1
112706867431024253970	0.3333333333333333	1
110109050164240978800	0.3333333333333333	2
111860166373307523958	0.3333333333333333	1
113497497600396915835	0.3333333333333333	1
109223276000402664879	0.3333333333333333	1
105684048774854418258	0.3333333333333333	1
110859635804619214661	0.3333333333333333	1
107054441882391722914	0.3333333333333333	2
102503459818674830626	0.3333333333333333	1
116383082805688088798	0.3333333333333333	1
114477973013769344881	0.3333333333333333	1
105072305864951447999	0.3333333333333333	1
107872453590280383097	0.3333333333333333	1
109046702500700099488	0.3333333333333333	1
116362933047536321637	0.3333333333333333	2
103926960180869387072	0.3333333333333333	1
101132005878591973844	0.3333333333333333	1
101234972977475021538	0.3333333333333333	1
118153590571996026494	0.3333333333333333	1
104833564316573420990	0.3333333333333333	1
113312804462990112705	0.3333333333333333	2
115999105574077328889	0.3333333333333333	1
105315257572454829888	0.3333333333333333	2
115087134455220854375	0.3333333333333333	2
106250324021947943878	0.3333333333333333	1
101785677595622411507	0.3333333333333333	2
100636618833419542499	0.3333333333333333	2
106324582128454068388	0.3333333333333333	2
103391757252321121210	0.3333333333333333	1
114701449949817420076	0.3333333333333333	1
109738929068234243981	0.3333333333333333	1
101790464138367096305	0.3333333333333333	1
115814989235744544376	0.3333333333333333	1
113748350283639867334	0.3333333333333333	1
106488284533523054088	0.3333333333333333	1
104954173124102012464	0.3333333333333333	1
110995682292696180799	0.3333333333333333	2
106329623209697686110	0.3333333333333333	1
105030080663137115674	0.3333333333333333	1
105345546675065855436	0.3333333333333333	1
101563480151464217010	0.3333333333333333	1
117427965408516165606	0.3333333333333333	2
113129025079192880790	0.3333333333333333	1
109733876730404017476	0.3333333333333333	1
114201873098203500175	0.3333333333333333	1
114504022490238986254	0.3333333333333333	1
116410900879804902915	0.3333333333333333	1
104370594274936446063	0.3333333333333333	1
108379931611829463113	0.3333333333333333	1
117928467831014463280	0.3333333333333333	1
109330684746468207713	0.3333333333333333	1
104390580572210438466	0.3333333333333333	1
100634914830957104659	0.3333333333333333	2
113257832247273491708	0.3333333333333333	1
112846741970860239916	0.3333333333333333	1
101418715115916934669	0.3333333333333333	2
112805147731031731631	0.3333333333333333	1
110000414893249299326	0.3333333333333333	1
110768948318957634667	0.3333333333333333	2
105710309787324452079	0.3333333333333333	1
108400851856947364586	0.3333333333333333	1
107431710886783872305	0.3333333333333333	1
104414006889440330710	0.3333333333333333	1
112201990577777311726	0.3333333333333333	2
105396609818194584786	0.3333333333333333	1
115440213129297896810	0.3333333333333333	1
105748801323975462511	0.3333333333333333	1
112715448698841190179	0.3333333333333333	1
116242922868315019562	0.3333333333333333	1
116059978552411945489	0.3333333333333333	1
113191905318463018774	0.3333333333333333	1
103216449684460779645	0.3333333333333333	1
112012194581262381547	0.3333333333333333	1
115999788474982335834	0.3333333333333333	1
113356364521839061717	0.3333333333333333	1
116969930454143715987	0.3333333333333333	2
115437881143074899830	0.3333333333333333	1
112811673193707452095	0.3333333333333333	2
100730931531762511307	0.3333333333333333	2
106283818635324119407	0.3333333333333333	1
114441530895423069530	0.3333333333333333	1
102406042148418309977	0.3333333333333333	1
105194284624774483616	0.3333333333333333	1
114217153012902253990	0.3333333333333333	1
113144483364526125189	0.3333333333333333	1
115507263758222797767	0.3333333333333333	1
105894942073754440199	0.3333333333333333	2
112507384994534077224	0.3333333333333333	2
105170249851602316454	0.3333333333333333	2
105861266774744242347	0.3333333333333333	1
118260919507777028608	0.3333333333333333	1
108450221981099507967	0.25	1
103453522098470167898	0.25	1
106233874544499059067	0.25	2
106846340899002453404	0.25	1
105943946099362806788	0.25	1
107004843925454095805	0.25	1
112726038360301567381	0.25	1
108960800301499913996	0.25	1
103574513507098255151	0.25	1
107958711860940415885	0.25	1
107714926112659632128	0.25	1
103206647793946151847	0.25	2
105503602075625430087	0.25	1
102871123574468799566	0.25	1
114046998698228319586	0.25	1
113748340218520316458	0.25	1
105584766690422580666	0.25	1
106783161387619131389	0.25	1
102102223169944561281	0.25	1
101543866482745788167	0.25	1
106869328657379778203	0.25	2
105865268001904567389	0.25	1
113354754383337363557	0.25	2
117769530772903921777	0.25	1
109746540495919889829	0.25	1
117467979182503050040	0.25	1
117171201152631567575	0.25	1
111136943830266615679	0.25	2
110053263559112570543	0.25	1
112661262066626464523	0.25	1
112552649874585266587	0.25	1
107042003858610915208	0.25	2
107550335129662216109	0.25	1
101609582118994470760	0.25	1
107701945493855915896	0.25	1
104506173414420325418	0.25	1
104197016660690472057	0.25	2
115978949584209885559	0.25	1
116247667398036716276	0.25	1
103697821787469756035	0.25	1
113795961594472514455	0.25	2
114369704013100203178	0.25	1
116497515893408415968	0.25	1
107654028127583265907	0.25	1
100283186286635609856	0.25	1
110327589967267150972	0.25	1
100095245926948995335	0.25	1
115128808368924712465	0.25	2
105256156026694816333	0.25	1
113455290791279442483	0.25	1
110025177084709634671	0.25	1
110619709566481201901	0.25	2
111199528975534463119	0.25	1
112092914830115850722	0.25	1
111903892788414265541	0.25	1
104285069235055991476	0.25	1
114492251226781812083	0.25	1
115582623750221438794	0.25	1
115389971856894286101	0.25	1
117154655541971772475	0.25	1
114044967620421598228	0.25	2
112522319325448399112	0.25	1
115571267671256018716	0.25	1
115360471097759949621	0.25	1
107391657957285250565	0.25	1
110188733874584417556	0.25	1
104635208492390994067	0.25	2
108902891369923975212	0.25	1
104519096412702496856	0.25	1
106664436792593816524	0.25	1
116772729918158930905	0.25	1
112015118555876715225	0.25	1
111890945016831896743	0.25	1
112423003619203285770	0.25	1
113278937129481000981	0.25	2
102152895867236952925	0.25	1
114786794106113206036	0.25	1
103678929192213568672	0.25	1
102485721261724622399	0.25	1
115212693003394146534	0.25	1
116570889542655364711	0.25	1
105284909171916066479	0.25	1
102770406108469881158	0.25	1
113205694097345006483	0.25	1
113617048283289056848	0.25	2
108274407914489166921	0.25	1
106952702971234308514	0.25	2
101248132798651706167	0.25	1
117841995755821586446	0.25	1
109359845078084061894	0.25	1
111105825355887723183	0.25	1
109299464770551724162	0.25	2
108909492433674629621	0.25	1
100854768458341712959	0.25	1
101957349312029873767	0.25	1
102587119330642204790	0.25	1
110594675471999148422	0.25	2
107543460658107759808	0.25	1
109182912256270355931	0.25	1
105734935003600818916	0.25	1
117940050686851600271	0.25	1
106612105393304503643	0.25	1
106563393217130947689	0.25	2
117681568987023143888	0.25	1
110727524106003793026	0.25	1
105575110775527575127	0.25	1
107979724997299395580	0.25	1
114452583189695653393	0.25	1
112492868331522062111	0.25	1
100918044514429497479	0.25	1
115644140961688148645	0.25	2
115950459566444630295	0.25	2
103496751658792048744	0.25	1
104175289386948474434	0.25	1
107079443427592479315	0.25	1
101337662271487138024	0.25	1
112538775834301543018	0.25	1
114823329938030546555	0.25	1
104401462206426890612	0.25	1
107221142875015274837	0.25	2
107399320161500679149	0.25	1
101476255392007698592	0.25	1
114628370068019603186	0.25	1
107469116397971673529	0.25	2
102699851535611089569	0.25	1
110492963926129353210	0.25	1
101101086295080736193	0.25	1
104236036126667853354	0.25	2
106091050631218132314	0.25	1
114795867366016359137	0.25	2
113986223585091569176	0.25	2
112091710922583407700	0.25	2
118274547296450170219	0.25	1
107648173437404073967	0.25	2
100535338638690515335	0.25	1
117262379926690293583	0.25	1
113031754286259898178	0.25	1
106859232167173674347	0.25	2
115778153772255747132	0.25	1
103059257411348767720	0.25	1
107459220492917008623	0.25	1
112691067691668390264	0.25	1
102943812247746543439	0.25	1
117173444820116260805	0.25	2
101389442397237522148	0.25	1
110653252938491780865	0.25	2
111540294549063928368	0.25	2
115298787940212532225	0.25	1
110389151422928706776	0.25	1
107990011288459133199	0.25	1
113116318008017777871	0.25	1
100645956983550164138	0.25	1
101882364101464230701	0.25	2
110040394374625468234	0.25	1
111952079789718547532	0.25	1
108809238871290369247	0.25	1
101454884647950620793	0.25	1
118077078280424493544	0.25	2
105938290704670238578	0.25	1
117222032834179784006	0.25	1
109782743775362085383	0.25	2
112912440438084031232	0.25	2
113619297753724860621	0.25	1
101021839321667803711	0.25	1
101019272204543660608	0.25	1
104407274461699776298	0.25	1
102983315574582279018	0.25	1
110565451469358079473	0.25	1
116635525707255595876	0.25	1
101162786440405412078	0.25	1
107374190871816586831	0.25	1
118058794383720702307	0.25	2
101303062064784572033	0.25	1
100258172642683423127	0.25	1
102843152201253929436	0.25	2
105160956312047610483	0.25	2
116041625966963072754	0.25	2
105369798586620807888	0.25	2
111518627657059019573	0.25	1
116805285176805120365	0.25	1
101396087935203987162	0.25	1
112731084750684256015	0.25	1
101608839534887443277	0.25	1
110237116023171204804	0.25	2
110802404857053543727	0.25	1
106206176330478768011	0.25	1
113883974401703134794	0.25	1
107809282827769343375	0.25	2
115710955898707487722	0.25	1
108455451306099346350	0.25	2
103615826724671298120	0.25	1
108177835910929170429	0.25	2
104935478024576728989	0.25	1
102765320251367142194	0.25	1
115980481138756364839	0.25	1
102252831992106606121	0.25	2
110015984683167645961	0.25	2
117943326930081521960	0.25	2
102730132525646173062	0.25	2
100490965950112173709	0.25	2
108722725944320001278	0.25	2
100121771572038665942	0.25	1
117968578376881155400	0.25	2
108319282403260526672	0.25	2
104968519195250427239	0.25	2
103942648270835028225	0.25	1
117581808221450747563	0.25	1
112374836634096795698	0.25	1
117278638672145962387	0.25	2
107107966604134599612	0.25	1
109626053182294516293	0.25	1
115092618674037171358	0.25	1
100678762408497098143	0.25	1
117047713892137676195	0.25	2
108154861848655524062	0.25	1
114639816627066066951	0.25	1
115088901772591504087	0.25	1
104195596535276000851	0.25	1
108661201939648683357	0.25	1
102792782688794235712	0.25	1
116560316166375750536	0.25	2
113284190506122996935	0.25	1
100936611936552412031	0.25	1
108595700991620014504	0.25	2
107952153284510688906	0.25	1
111149750807150802316	0.25	1
103389452828130864950	0.25	1
108746570134240045314	0.25	1
110414002328246477699	0.25	1
105876411269426233971	0.25	1
108888666212909653918	0.25	2
115349252562512098358	0.25	2
103131233834166863270	0.25	1
111403069523509898883	0.25	1
110485848831390002395	0.25	1
100338540289184060850	0.25	1
101721585951299540345	0.25	1
105290663275075554927	0.25	2
101085122701925759530	0.25	1
102221942940843100503	0.25	2
107960447712389929333	0.25	1
102450415382144556678	0.25	2
113299240525658515560	0.25	1
117549844224112607907	0.25	2
105865424561236837302	0.25	1
117009160769221869159	0.25	2
103646849727268048875	0.25	2
104673994637710156873	0.25	1
112889470949411680962	0.25	1
117252772151029627228	0.25	1
106594741903694904203	0.25	1
116238851512710426014	0.25	1
111146843200554533328	0.25	3
116267924975670552510	0.25	2
117279735008693340920	0.25	2
105050802451212660138	0.25	1
100244352763302463699	0.25	1
108737419214044817918	0.25	1
109372713462481358007	0.25	2
118360113083093708779	0.25	1
101928220831375355212	0.25	1
114831380621495675732	0.25	1
109581870574956225297	0.25	1
106955403390191015634	0.25	2
113551550745963353275	0.25	1
112932169654405821127	0.25	2
117490083650718194659	0.25	1
111637308014267178068	0.25	1
103946955386081802278	0.25	1
104770726494207178533	0.25	1
112549073008203480549	0.25	1
100861105105962757394	0.25	1
106511914451504608735	0.25	2
109264882872360122444	0.25	1
107053138924452452601	0.25	2
113411855212257825936	0.25	1
101078033360767312476	0.25	1
110543757125367015126	0.25	1
101147157576507592317	0.25	1
115574083306608866492	0.25	2
116710319032887727562	0.25	1
112190671470475871857	0.2	1
107123881422743156914	0.2	1
105039935615495466615	0.2	1
104838378598997361493	0.2	2
106711299320074972410	0.2	1
118298622133571863521	0.2	2
117860386411463323543	0.2	2
117693415411676715849	0.2	2
108306093963172812513	0.2	1
112360562381019106592	0.2	1
107328949221172543768	0.2	1
103569296238584586932	0.2	1
100028416253389683756	0.2	2
105978147330973913324	0.2	2
110576102545101740055	0.2	1
118050750550645231612	0.2	2
102176681597746495007	0.2	1
117368959201928800022	0.2	3
108640761441547934918	0.2	1
116649926363634451743	0.2	1
108962468711880795452	0.2	2
107053912832607802949	0.2	1
117195285604523069466	0.2	1
113444735945365992505	0.2	1
102735705704099244314	0.2	1
107720181451875581845	0	1
117075503202449801357	0	1
101241183982769454084	0	1
109220060006128553211	0	1
115427304117818042693	0	2
107194675161962012437	0	1
112957708071337353347	0	1
102312649610103790540	0	2
105547060999578080024	0	2
116369071500456395369	0	1
101035537131610855906	0	2
100286617611388612584	0	1
105248358908992136650	0	1
110624703529341220926	0	1
112617127041903537004	0	1
106672805204073898765	0	1
116078574755774460214	0	1
108965164133793342297	0	1
111124838372075709293	0	2
106115198697251921957	0	2
108527329601014444443	0	2
104154510648876236073	0	1
107408720924877751027	0	2
117000139571713536948	0	1
111789696120701217069	0	1
104178909261627021161	0	1
102920063140431683002	0	1
106255898978966943774	0	1
103856102573349408385	0	2
117429320390907645600	0	1
107537735181542999866	0	1
114231305708772868829	0	1
106359487807208915036	0	1
116008246625614132322	0	1
118299842605616890384	0	1
111262146038004038186	0	1
106382393460970517823	0	2
108531255239680225213	0	1
112548541403272545854	0	1
108630174113578548767	0	1
117489510592286827393	0	1
107119940474246316259	0	1
106153116783187109034	0	2
104660118116124484869	0	1
102377882249382281108	0	1
107494834634231938072	0	2
114288572990229558524	0	1
100003761748305295041	0	1
115143234371607892983	0	1
105875140491203787369	0	1
104112700502285331526	0	2
115428993145818153559	0	1
101145980349117737014	0	1
107806725871782261910	0	1
113434799782645457166	0	1
104605541194704556978	0	2
111201934838908103704	0	1
102409541521880756024	0	1
113119045494513107248	0	1
117251401224388113104	0	1
111109359761281857990	0	1
101605862925483116123	0	2
116610527104514904972	0	2
113727991676405667484	0	1
116217341136297387119	0	1
102691870114217256740	0	1
102640428740489674973	0	1
113975560527406579248	0	1
110738915553380541803	0	2
100377493270775536948	0	1
101854596522140504619	0	1
109601009311059762503	0	1
103333192131344312115	0	1
114919237270116699496	0	1
109031486518632696635	0	1
110287894893102510451	0	1
107028157462218372820	0	1
107605944290220575509	0	1
108189481625587435470	0	1
105228323457033543279	0	1
105741621063381208474	0	2
114045800510530461940	0	2
103200491340117663153	0	1
115105647022907007398	0	2
107825558563631314330	0	1
105406005201153162179	0	1
102635797694471437314	0	1
109835482071178401344	0	2
104238885448152096772	0	1
114527718402660307427	0	1
103761326311610249621	0	1
114025996339678208608	0	1
107737566084290697605	0	1
107013418740229269209	0	1
111095045247360522931	0	1
109985257871985876951	0	1
103561651335947774764	0	1
114242552432938641752	0	1
113998560017368402452	0	2
102397182323602489761	0	1
104134235154012246276	0	1
100081010984768669358	0	2
111413155182039517335	0	1
112022983294967948367	0	1
106539835304510344813	0	2
113756723130417023993	0	1
113097851206100618060	0	2
104522833443181754677	0	2
115961021629090154025	0	1
103875028402395166562	0	1
103805156272873540355	0	2
110864864429137192173	0	1
111985591431123292661	0	1
112236344213897425331	0	1
112734042438000693691	0	1
106711803105103787711	0	1
116197193480724162859	0	1
102172459606691373445	0	2
109507653225799908921	0	1
102349305007676725479	0	1
100374471858201089068	0	1
106488755491766193480	0	1
101062426971907362935	0	1
112045048999529949908	0	1
116790754553761013184	0	2
112971045758474660173	0	2
112750091316252656625	0	1
109584101159595963470	0	1
118029848541356213863	0	1
105336425684208963598	0	2
103997551385961498986	0	1
111437132356319061774	0	2
107785713244634743795	0	1
102111864713703441653	0	2
109131753620535843656	0	1
103869730629941619882	0	1
117366535583630685099	0	1
100261608777541555164	0	1
114536133164105123829	0	2
113847951893881070422	0	2
111141944938744219805	0	2
105273088408721255415	0	1
110398697467826924588	0	1
104042965789095032304	0	1
114023941350334024054	0	1
107018066359183517628	0	1
100903238217033771636	0	1
113625462103500841369	0	2
114634469290344215480	0	1
111747381273060022672	0	2
110523817332929215970	0	1
116362607135656263968	0	1
118224776879738188902	0	1
108997691220733289568	0	1
111295228715250231205	0	1
104394453888455887285	0	2
112299693545555076607	0	1
111267975895881595717	0	2
111026681950760455611	0	1
104874997657269526439	0	2
113117251731252114390	0	1
107294599714929177575	0	1
111939322609604100460	0	1
104109881446393419681	0	1
117513232055994920961	0	1
110691689747754400838	0	1
103878892760050193072	0	2
112507990251148189537	0	2
103899043917116388673	0	1
117692038325045546044	0	1
110973272040036458313	0	1
101981930959576633793	0	1
116235714265664045436	0	2
115396639452469509832	0	1
118337792374870658609	0	1
115249860954021772424	0	2
118369314436085435945	0	2
103586615087663445665	0	1
107978729551226072066	0	1
104548627795526843775	0	1
111172342770839497715	0	1
108281923609340751312	0	1
107528636311068687610	0	2
115614791007645952267	0	2
106533767817816079660	0	1
100932195479763784248	0	1
110600546748211156466	0	2
116161263828563383494	0	1
115571998474046088312	0	2
105779560824580764120	0	1
102616149286682191474	0	1
113111731715139693250	0	1
106713331971497474443	0	1
102096458761857893084	0	1
101062806117760486151	0	2
107542632252660344559	0	1
101006001190131292549	0	1
100377699627522621612	0	2
106785948819210053183	0	1
106896834505928192955	0	2
100043456183199763494	0	2
102087193593331908779	0	1
109833374118865667426	0	2
103559556464197015838	0	1
116792628143105662851	0	2
101515926890318976783	0	1
111240230493422963077	0	2
108853648066653779461	0	1
117937415022745482256	0	1
102078720430899008777	0	2
113494962922424755867	0	2
105716329127556664968	0	2
110045719557033340644	0	1
108427318264122359549	0	1
105640725776036778682	0	1
117887536163494414839	0	1
112063946124358686266	0	1
111112809838472063992	0	1
118115477841953945747	0	1
118052274403257065432	0	2
107028249541618642358	0	2
105630059876120763094	0	1
114247253917905334162	0	1
107726978714433266399	0	1
110052889787728339761	0	2
101544196292485071205	0	1
104669716112267128123	0	1
105694930790909515613	0	2
116692727200561572062	0	1
104443233326110989260	0	2
105617739924219446165	0	2
110584481927562150689	0	1
104716752339457472100	0	1
106567570642614609073	0	1
111410116928320191362	0	2
115770994163143043771	0	2
113497790689187078920	0	1
102582707229183806914	0	2
111962077049890418486	0	1
104129971305612636060	0	1
104474447295810389390	0	1
107591005438840138933	0	2
115590741447197562412	0	2
103875258484706784219	0	1
116938786028977707651	0	1
104635901512085953672	0	1
118020706658509952016	0	1
103115473754659376168	0	1
109187026428012507334	0	1
108492526126263806887	0	1
113012020626169688172	0	2
103424506779075759623	0	1
103975090628208208677	0	2
103395808487293387810	0	1
106854137834491114206	0	1
116735464253027483932	0	1
105344239387382002272	0	1
104382523699313838384	0	1
105378243157831245462	0	1
112401605196934673030	0	1
117039260735952140259	0	1
112369916221417513808	0	1
109664094232735810352	0	1
114368038757570758124	0	1
110035777189974883061	0	1
105149372392469422435	0	1
115622097589128800580	0	1
112365942617557707985	0	1
100458658122301138710	0	1
103045179479756335714	0	1
109876318275533969777	0	2
102873175118305865375	0	1
100145601428253638854	0	2
104790934536707210764	0	1
102445489004362587184	0	1
106264880718777779181	0	1
100989405473280437703	0	1
104957819454738884673	0	1
113553990186994535872	0	1
111099167983195290084	0	2
105183557565567267279	0	2
101059049290567215584	0	1
112939231215211265529	0	1
103350987584807205409	0	1
114280882242349357711	0	2
107880232783950416756	0	1
114146479114949843175	0	1
108114873577703698048	0	1
110282411828135622364	0	1
101242211630677785896	0	1
106558088014026151931	0	1
106758488395906535821	0	2
115812142561345421421	0	2
102038873356126294715	0	1
109079753818826549254	0	1
102431865595565091587	0	1
108105990957250238326	0	1
111600227905619035566	0	3
112151654477376481691	0	1
113317784690313904082	0	1
109895887909967698705	0	2
113104944605785201866	0	1
112645924914212721803	0	1
105482021437464314848	0	2
110573017971856600642	0	1
107055343031769974747	0	1
115891954805140100338	0	2
114082637963876028667	0	1
106526737947007406923	0	1
108834177132383073756	0	2
108508807541059473197	0	1
118220857055764418224	0	1
100352514828668707250	0	1
113464569897311842405	0	1
118391323892426354857	0	1
103293516438378653921	0	1
113185342325707060461	0	2
112133321375398608722	0	2
116498566742928218794	0	2
112711737669601902933	0	1
108429932601221933723	0	2
111942434484944613215	0	1
111919768120748204416	0	1
106106460780023910130	0	2
116042504805817667580	0	1
105756745201162965731	0	1
108144370368209190546	0	1
113986763566355778208	0	1
116356914028810962343	0	2
109788364985180710349	0	1
105485669729443905039	0	1
103827504605604316647	0	2
106598766546160743907	0	1
110150568217057141750	0	1
109931431043097541877	0	2
117485739798796938084	0	1
107838709243155596404	0	2
109237980065112201404	0	1
115876313538796651168	0	1
116286873545653281906	0	1
101741915079610283748	0	1
118021675828732821545	0	1
104732025335363641376	0	2
109876915588291208505	0	1
104465201344901732682	0	2
113102854369709041551	0	1
105974667002613140845	0	1
108380092207130051717	0	1
102837097678487480685	0	1
111135877829919203501	0	1
116907947538320278622	0	1
112909430894304899898	0	1
103990290144825312054	0	2
112798516308771746920	0	1
100543926403936709353	0	1
114682714977718338586	0	2
104371038387535921311	0	2
108195942879356572530	0	1
102007559132620091852	0	1
117365547848388781549	0	1
113627164841587386021	0	1
116581429893946123299	0	1
108721099680966433821	0	2
100915540970866628562	0	1
103896020270046143315	0	1
118197341263476239819	0	1
115683348724599782363	0	2
100519245975462538531	0	2
114415866845355805783	0	2
100848808457944134208	0	2
115495788777770020849	0	1
104195221079928918210	0	1
108384201920217141722	0	1
112349945212268771829	0	1
109179635788030826036	0	1
111470625047998358502	0	2
103024620959092195627	0	2
100780747777175000850	0	2
108907550081619807043	0	1
110200257727905864868	0	2
107185271908509011656	0	1
117939436980939541352	0	2
100212806422158954977	0	1
115397975174915356748	0	1
101275621836851688597	0	1
109824447107773849855	0	1
117727396191242280520	0	1
103384778637897970170	0	1
110420753345282336153	0	2
102387975506634955885	0	1
109336262136253662455	0	1
113143203855389025652	0	1
117734822558943142123	0	2
112567254452276123160	0	1
112862168120139772477	0	1
106009870155634334044	0	1
111013406192967066640	0	1
115451464212929292835	0	1
106939919304100725845	0	1
103219210668216873522	0	1
110786217620925031744	0	2
101936719958845623120	0	2
112786527053466874529	0	1
115020097315913155433	0	2
105471005522417570192	0	1
114007775526741276156	0	2
115140604121773569956	0	1
108584805279585306962	0	2
104077899500353002963	0	2
102183994329015251092	0	1
109519245486339667893	0	1
105538163951494300054	0	1
100565437335936094929	0	1
106853748225068183571	0	1
101082092468629957675	0	1
104242903203632688340	0	1
115200235755880484786	0	1
109729544427968653839	0	2
104426583720927826075	0	2
113118140338643969384	0	1
108308515670710640484	0	2
100268278075762951968	0	1
117670636409478368206	0	1
106728655873756157998	0	1
111935860955005881764	0	2
107916414350172441283	0	1
107679155994462457130	0	1
102021728679348571278	0	1
117283865784833518427	0	1
113419867023103747878	0	2
116254597254686010852	0	1
113312854563757825890	0	1
107494766284004847149	0	2
114555959398443655098	0	1
112195309289441069553	0	2
105176728468934181702	0	1
100322256610515857927	0	1
105478686259508551243	0	1
108265133300972172624	0	2
101861072147456518696	0	1
103463612052622033385	0	1
114866372255759075276	0	2
110388317806835339249	0	1
108503863278222377906	0	2
100657597337413875709	0	1
112550017586766005887	0	1
117286129892471389479	0	2
108592424872804641666	0	2
104984435436047170457	0	2
101558393721012039482	0	1
113410681589864088162	0	1
115613112382240705076	0	1
108588751727024372704	0	1
111003556598334391541	0	1
109519561451988889732	0	1
102515687040740861312	0	1
118075544171756968205	0	1
106806392711606330340	0	1
105526623998056634974	0	1
111166754965732673684	0	1
112686843091136170762	0	1
112838502596906088209	0	1
108786723242251619523	0	1
106339266326518533471	0	1
100255003482301325788	0	1
117856339128517887550	0	1
102698509649989002591	0	1
107595767396471656780	0	1
100800994848125046328	0	1
117114878402268347462	0	1
