#node_label	#score	#gender
107054321638555210469	1.0	1
104520811572029249010	1.0	1
102716388127870897058	1.0	2
103948723845752555481	1.0	1
113378007425140451412	0.3333333333333333	1
103038287804535196503	0.3333333333333333	2
112131480808552164740	0.3333333333333333	1
108702243956983861993	0.3333333333333333	1
109596373340495798827	0.3333333333333333	1
111048918866742956374	0.3333333333333333	1
116805285176805120365	0.3333333333333333	1
106471529425184452230	0.3333333333333333	1
118146622799388835070	0.3333333333333333	1
117596712775912423303	0.3333333333333333	1
104656452630415095782	0.3333333333333333	2
100565385083793662565	0.3333333333333333	1
114092052797730247075	0.3333333333333333	1
105489064367742025310	0.3333333333333333	2
101861996949895074943	0.3333333333333333	1
116524803477452213903	0.3333333333333333	1
100974258168375166691	0.3333333333333333	2
115121555137256496805	0.3333333333333333	1
114813729942739673295	0.3333333333333333	1
104857406109954440836	0.3333333333333333	1
107346107194264868065	0.3333333333333333	2
101259445219481496562	0.3333333333333333	1
106176824286911921122	0.3333333333333333	1
110106586947414476573	0.3333333333333333	1
102002299339025067376	0.3333333333333333	2
104369934272293891974	0.3333333333333333	1
109876467727174291780	0.3333333333333333	1
117382011486018942265	0.3333333333333333	2
111091089527727420853	0.3333333333333333	1
113930222475275223350	0.3333333333333333	2
102173349122411290580	0.3333333333333333	2
114122960748905067938	0.3333333333333333	1
113312804462990112705	0.3333333333333333	2
106012471647090911983	0.3333333333333333	1
106215718640234782825	0.3333333333333333	2
116286807521280121863	0.3333333333333333	1
115831773236070302803	0.3333333333333333	1
106709392619461204733	0.3333333333333333	2
115957092291818573863	0.3333333333333333	1
115670311195469449491	0.3333333333333333	1
112903919681703164454	0.3333333333333333	2
118335302974104408634	0.3333333333333333	1
103739434091749997009	0.3333333333333333	2
100822674460181863531	0.3333333333333333	1
110484413619969864191	0.3333333333333333	1
102462853374754572299	0.3333333333333333	3
101269616518480136760	0.25	1
101057616370673656059	0.25	1
105275638908165446414	0.25	1
108077086504877995438	0.25	1
105324761189549512199	0.25	2
115829854934725647908	0.25	1
107023968066182778968	0.25	1
101494804320126833381	0.25	2
102615863344410467759	0.25	2
103958441795544241153	0.25	1
105421360534824524100	0.25	1
113116318008017777871	0.25	1
113166718268343560861	0.25	2
113797508378819391794	0.25	1
108541235642523883716	0.25	1
115702306533209355625	0.25	1
108270712126515524163	0.25	2
106310418483081420621	0.25	2
116973390574320264137	0.25	1
111215626086255858123	0.25	1
109255183145564237493	0.25	2
101261243957067319422	0.25	1
116382583917203110234	0.25	1
117388252776312694644	0.25	1
116220525110856958463	0.25	1
106075758531242552855	0.25	1
107296660002634487593	0.25	1
112237116051768932507	0.25	1
108172009599607363531	0.25	1
103333429938529668020	0.25	1
108998673146368660257	0.25	2
113698589973698283456	0.25	1
102813831043289740662	0.25	1
108913146943579525206	0.25	1
108381946171530737687	0.25	1
117849865784260259648	0.25	2
102898672602346817738	0.25	1
108797840083484244237	0.25	1
100415345527134852246	0.25	1
114893639780295986798	0.25	2
107475311944047979978	0.25	1
117654727056982264425	0.25	1
117843617175570491498	0.25	1
110459577947404556221	0.25	1
112995526873937214223	0.25	2
113647321147743262220	0.25	1
100962871525684315897	0.25	1
107434498986931444930	0.25	2
104177624626230339382	0.25	2
104219386206797402856	0.25	2
105400736676917752271	0.25	1
107534991451098430533	0.25	1
101465854435804471513	0.25	1
107323726887023845557	0.25	2
116909590449750618084	0.25	2
107779107277926120562	0.25	1
106772544387169323774	0.25	1
108894779805940659869	0.25	1
100425119632011475995	0.25	1
101541366390218456366	0.25	1
107656088609554509650	0.25	1
110899709105002539146	0.25	1
110735228167430300745	0.25	1
113881433443048137993	0.25	2
103519655975029093996	0.25	1
109174551750397653742	0.25	1
103399926392582289066	0.25	1
112645687732726255348	0.25	1
106036588985851683922	0.25	1
103068825327398983563	0.25	1
105574566053602019710	0.25	1
103321866318624837746	0.25	2
105692638750259943307	0.25	2
115384468116506981355	0.25	1
113619286206637523955	0.25	1
113471153944297038699	0.25	1
102819791782605527884	0.25	1
102797953003564182378	0.25	1
116544087389809130831	0.25	1
106318111152683661692	0.25	1
117131320813354732027	0.25	1
114109358033475557095	0.25	1
116890407093456889987	0.25	2
101946159124570139670	0.25	1
105216491640488683417	0.25	2
109734221326849566494	0.25	1
110379434263550065795	0.25	1
104973761519912571719	0.25	2
114853458007065354930	0.25	1
101390634499212890400	0.25	2
107271494288463441112	0.25	1
111274793006011871823	0.25	1
100889945475960007655	0.25	1
105445338044186927815	0.25	1
110701307803962595019	0.25	1
110891307255905847602	0.25	1
118252980575617065782	0.25	2
117161825248312977002	0.25	1
109060858971449443782	0.25	2
110025177084709634671	0.25	1
105666898900995457449	0.25	2
111538009015644508967	0.25	2
113801236315350503728	0.25	2
106123026171763346651	0.25	2
114233674199568482864	0.25	1
100512649718649402368	0.25	1
117344786984788205452	0.25	1
116785581294120406864	0.25	1
102600774742322762226	0.25	2
114143258118639233629	0.25	1
107379489464447013340	0.25	2
107797841320768724118	0.25	1
103989456549587984018	0.25	1
100383526805651207186	0.25	1
107125656733807816445	0.25	1
109596170915348219992	0.25	1
107977599862212556523	0.25	1
117783113906561198831	0.25	1
111873853137122484021	0.25	1
104672614700283598130	0.25	2
113718343049546470841	0.25	2
113896907556049130248	0.25	2
104106591514117095418	0.25	2
106526452034734966566	0.25	1
115433517041416103157	0.25	1
100348624348633155177	0.25	2
110345156976813195439	0.25	2
103493459351957813291	0.25	2
118245559326500322262	0.25	1
111427232323640771136	0.25	1
110432694389891497315	0.25	1
102218502614021519543	0.25	1
115470071077898720170	0.25	1
112548999069402829035	0.25	1
102671508041800408592	0.25	2
114089069528015035598	0.25	1
115524614561398821346	0.25	1
103430354793980131606	0.25	1
105851423593223682568	0.25	2
116214152295449083654	0.25	1
113028930940007165058	0.25	1
112135727624940296832	0.25	1
104533077532962855796	0.25	1
104156719397280448257	0.25	1
112750865229910173029	0.25	1
100071403328735908465	0.25	1
100254540977147179100	0.25	1
104314192726025938964	0.25	1
113989994225911747111	0.25	1
108452231675410421591	0.25	2
103171849011748425097	0.25	1
118309335059215853130	0.25	1
110850864210187814958	0.25	1
115230695084310626614	0.25	1
117378076401635777570	0.25	1
110236707457506677404	0.25	2
113868223889604820900	0.25	2
111859777951689556904	0.25	1
114455591105641967678	0.25	1
108373054660269328912	0.25	1
117807373507435100906	0.25	1
104577477189250223067	0.25	1
100258208745065110297	0.25	1
116388668762198604003	0.25	1
110519684104194512717	0.25	1
116337470434095717442	0.25	2
100410202515978983347	0.25	2
113882113745075873153	0.25	1
110193533410016731852	0.25	1
114190131702195864447	0.25	1
114701420583282435406	0.25	1
115855207434019427246	0.25	1
110892014084964045585	0.25	1
114462881413457081964	0.25	1
111084214529236373664	0.25	1
115376804135318461031	0.25	1
109046012710650953201	0.25	1
108951561718961426210	0.25	1
100300281975626912157	0.25	1
115045409965027013717	0.25	2
114241688322712655466	0.25	2
115703917640913850498	0.25	1
118100898483063383963	0.25	1
102083403729841612140	0.25	1
108314259245584185142	0.25	1
113639919662287102368	0.25	1
103522804084140047509	0.25	2
111160737535765886764	0.25	1
115150834179663036977	0.2	1
104191514233385365427	0.2	1
116394575739281318169	0.2	1
102976465024742837897	0.2	2
113612142759476883204	0.2	2
103233967921245494760	0.2	2
109581870574956225297	0.2	1
113402608391165594923	0.2	1
103159555629815965457	0.2	1
112811650518962267774	0.2	1
102420421725069396072	0.2	2
114695334124582719710	0.2	1
102088173699409175139	0.2	1
106879194845001761220	0.2	1
104038699355103594931	0.2	1
112353210404102902472	0.2	1
103691312271671214670	0.2	1
117876452096235489488	0.2	1
110311761486247143551	0.2	1
107699711897781234810	0.2	1
115788203615961124571	0.2	1
100120811686666130149	0.2	1
101796490131624322941	0.2	1
106575276876674290385	0.2	1
100306044844136349193	0.2	1
116792953962445337353	0.16666666666666666	2
113774929879562589040	0.16666666666666666	1
102668364885894493476	0	1
114468593663912084118	0	1
113097851206100618060	0	2
102222722824849858928	0	2
114954712448394413847	0	2
102314486331710415915	0	2
109895887909967698705	0	2
109440206780255757543	0	2
102533732658641069172	0	2
107252020925742571252	0	1
115360504592641443999	0	1
108152252385291870699	0	2
104511933936275853523	0	1
102708650413674009100	0	1
116354326277822099288	0	1
107117483540235115863	0	1
115471815788264818704	0	1
117059593834355077199	0	1
113687916808174552540	0	1
112009945208508693556	0	1
102538905206519918173	0	1
109345865429707844168	0	1
107982618909749811163	0	2
110255709702147736441	0	1
110607703709700799337	0	1
113247423264358423892	0	1
117198237302447279931	0	1
100523784851251213675	0	1
108187577207608337534	0	1
108588076582379537686	0	2
115085828077786850700	0	1
116640923223897011110	0	2
102545931374877663876	0	2
117847265991358523564	0	1
104233435224873922474	0	1
104061697717408696407	0	1
117673062930419636633	0	1
113089996646628106127	0	1
116293310171313567533	0	2
109351399938437494273	0	1
106407963814165910213	0	2
102190493246946072611	0	1
108551811075711499995	0	1
116979537911597592349	0	1
113115642206299816868	0	1
107066609145001672622	0	2
113764396326940917667	0	2
110981030061712822816	0	1
109216934655960242235	0	1
101765416973555767821	0	2
114579585661410116649	0	1
106749254706410187997	0	1
114979733565079457374	0	2
113468937158877720503	0	1
100651621769656849775	0	2
117283174365630308265	0	1
114424163811716070551	0	1
118320665823821681206	0	1
101127986898473915473	0	1
108842492591796792953	0	1
108514823424774616867	0	1
115670551051910544677	0	2
116971095029701257834	0	2
112005390393978914665	0	2
105037104815911535953	0	1
112652642866960214917	0	1
103263667465005102085	0	1
100188557028585168265	0	2
117231658988287858700	0	2
113096993341203159664	0	2
104757485423766041549	0	1
107707592416977920764	0	1
102991707254553758918	0	2
106098286123499266853	0	2
104104126393959482852	0	1
101432770709896418691	0	2
102365188638805021921	0	1
100454410388149159869	0	2
112133321375398608722	0	2
102315706662673946809	0	1
113381483153888636532	0	2
112869004210157355587	0	1
116638958379604473194	0	1
108176814619778619437	0	1
106176762220398854458	0	1
117603418437094018321	0	1
104109276791574356880	0	1
113117251731252114390	0	1
103311768943033199199	0	1
102543948831967474502	0	2
110765037159669773691	0	1
102178700954286324866	0	1
114848435876861502546	0	1
114214914400880572406	0	3
103684974087620751394	0	1
109960739367065180670	0	1
111172562319644899134	0	1
117372819208023962159	0	1
113544226688149802325	0	1
110531791144266584660	0	2
114368106061706726515	0	1
117316850201733763208	0	1
108384201920217141722	0	1
100021025784352405813	0	1
111737932039524866299	0	1
109519561451988889732	0	1
104857187449120013195	0	2
106811565349655732470	0	2
115020920324331583957	0	2
118337959785760721399	0	1
112567117703230042072	0	1
103349500671075907258	0	1
115759821747220395406	0	1
106102881391735500840	0	1
110421807101712244643	0	2
100192309543043196568	0	1
105775628132710237206	0	2
116916940622399669871	0	1
102130162677679828120	0	1
103077697604541281766	0	2
117381651485941996132	0	1
117919852642990147224	0	1
117078264534583185021	0	1
112448795483591020843	0	1
111935860955005881764	0	2
103108014711273100895	0	1
109172813571934524948	0	1
100128548317862731834	0	1
114242552432938641752	0	1
110933278795835298751	0	1
101253318559331538139	0	1
112062111838186908696	0	2
107840978289262359823	0	1
106619154533758300805	0	1
108770025895417156764	0	1
118390716977984534480	0	1
104018805003766750720	0	2
107676463685366770978	0	1
100349743543849719885	0	1
118004598455842573859	0	1
102712302351237374309	0	1
101856118924648953200	0	1
110391902515718223800	0	1
117362037987288216670	0	1
115980471287554790307	0	2
111895120966094156464	0	1
111400959842258953309	0	1
116708037648384852257	0	1
117769183950879842645	0	2
100774518305015384670	0	1
103879449866823740478	0	1
116994020689123766958	0	1
106286885010724221758	0	1
101404928335199641114	0	1
103226907226789753873	0	1
109809644783665410178	0	1
102031891584065252757	0	2
101437751032945528477	0	1
105196825912716326473	0	1
