#node_label	#score	#gender
108108273511881005173	1.0	1
110749374618545821811	1.0	2
105919775115092463007	1.0	1
113938701979627676239	1.0	1
112113821054515020437	1.0	1
102816969166814185578	0.5	2
103403824431405645263	0.3333333333333333	2
115403856867272859027	0.3333333333333333	1
111048918866742956374	0.3333333333333333	1
105530150992480344995	0.3333333333333333	2
113597802181761710033	0.3333333333333333	1
106772544387169323774	0.25	1
115585398292418640701	0.25	1
116601386475273901307	0.25	2
108998673146368660257	0.25	2
106395534898532460760	0.25	1
104743018975943257212	0.25	1
105248484118148978714	0.25	1
104073909730453830293	0.25	2
117179342925500217069	0.25	1
117596712775912423303	0.25	1
113506158551051150184	0.25	1
106382433884876652170	0.25	1
114302252107350810618	0.25	1
114122960748905067938	0.25	1
110899709105002539146	0.25	1
105683277396811922238	0.25	1
104424338679069151673	0.25	1
100974258168375166691	0.25	2
104700232011142585515	0.25	1
100625154003876231979	0.25	1
100423032669546945388	0.25	1
116278579087001151548	0.25	1
102953679072375185491	0.25	1
111091089527727420853	0.25	1
116346950063884191843	0.25	2
103793893237496493216	0.25	1
113388583425316146503	0.25	2
107519330729825296482	0.25	1
110106586947414476573	0.25	1
116805285176805120365	0.25	1
107323726887023845557	0.25	2
104857406109954440836	0.25	1
109432498811971933342	0.25	1
108541235642523883716	0.25	1
115702306533209355625	0.25	1
107296660002634487593	0.25	1
100264010813126229552	0.25	1
106149203748300183386	0.25	1
117344786984788205452	0.25	1
110701307803962595019	0.25	1
114503806689722509896	0.25	1
115689205614496684546	0.25	1
105216491640488683417	0.25	2
101946159124570139670	0.25	1
115121555137256496805	0.25	1
102170431816592344972	0.25	1
104234493106498742164	0.25	1
118110561818028324903	0.25	2
110809308822849680310	0.25	2
103958441795544241153	0.25	1
105421360534824524100	0.25	1
100324134371388101482	0.25	1
105275638908165446414	0.25	1
105489064367742025310	0.25	2
110231337981082929021	0.25	1
107375322906605680039	0.25	2
111802118519275235212	0.25	2
100982727274057536112	0.25	1
117131320813354732027	0.25	1
105917620863291289830	0.25	2
104672614700283598130	0.25	2
118297780429110098708	0.25	2
114722508362900147006	0.25	1
105891451458672395837	0.25	2
100512649718649402368	0.25	1
103038287804535196503	0.25	2
108381946171530737687	0.25	1
109684629211703881554	0.25	1
100602218584280378074	0.25	1
106667729510464379826	0.25	1
106036588985851683922	0.25	1
103984595971776502972	0.25	1
105400736676917752271	0.25	1
100969232856312001330	0.25	3
100227019745071160416	0.25	2
117735306257513131672	0.25	1
104955937302820973351	0.25	1
116014074279634235211	0.25	1
116744187653237602040	0.25	1
112801448828869860546	0.25	1
114150127569758432741	0.25	2
108165610406198760190	0.2	3
110941567158643374914	0.2	1
113180375618328351247	0.2	2
109717575157128771241	0.2	1
111920139548361968279	0.2	1
101015964088772576261	0.2	1
114658585870221721859	0.2	1
111760848883991243199	0.2	2
106370779670141929823	0.2	1
108738108429898922962	0.2	1
105390077271236874234	0.2	1
101465854435804471513	0.2	1
117877432795779055982	0.2	1
108952536790629690817	0.2	1
116214152295449083654	0.2	1
109027288459519863918	0.2	1
100570943621691880802	0.2	1
106952974709619007593	0.2	1
101011204400412245271	0.2	1
103379222305889707100	0.2	3
116992234810067730471	0.2	1
114250946512808775436	0.2	1
113367609333589754250	0.2	1
103090889232468301451	0.2	1
105716885556944781893	0.2	1
103262839833761688122	0.2	1
105550104552066790954	0.2	2
102218502614021519543	0.2	1
109036978092446954908	0.2	2
111632821507430778453	0.2	1
112353210404102902472	0.2	1
114566811805471785692	0.2	1
108316670838828910396	0.2	2
115686712405727979216	0.2	2
106678872102963822212	0.2	2
104058124842486191904	0.2	2
105574566053602019710	0.2	1
105130868495263765810	0.2	1
114163977627053244970	0.2	1
102078098288357515431	0.2	3
108749041516784525981	0.2	1
111257212321180028563	0.2	3
108470782772821648496	0.2	2
104240868810978979763	0.2	1
105329245585862825504	0.2	1
117433763550794584617	0.2	1
107588913389869807388	0.2	1
109596170915348219992	0.2	1
108487783243149848473	0.2	1
104973761519912571719	0.2	2
105237212888595777019	0.2	1
107318169263608653171	0.2	1
116973390574320264137	0.2	1
113695733742291780759	0.2	1
115182741546942495442	0.2	2
114216839124482338426	0.2	2
116092338664607879184	0.2	1
115701858978533297883	0.2	1
114011702308500830643	0.2	2
112016573893269448710	0.2	1
110659154322241123901	0.2	1
116143340835822342380	0.2	1
110423266679141614542	0.2	1
107506273308188359195	0.2	1
117316671086514429511	0.2	1
115717892107037523817	0.2	1
115025069581824107738	0.2	2
100718702129752371721	0.2	1
117256338921056963789	0.2	1
101051871774222870351	0.2	1
104075949870616365732	0.2	1
100555391510262533605	0.2	1
101849747879612982297	0.2	3
118265897954929480050	0.2	1
107251663111083327808	0.2	1
114018232303831249060	0.2	1
112098178418351012596	0.2	1
101704468660382332987	0.2	1
102615863344410467759	0.2	2
108597456520944074143	0.2	2
109117683049682245427	0.2	2
104769979456726750411	0.2	1
104314192726025938964	0.2	1
107586096651212130469	0.2	1
101429865783875016809	0.2	2
116663430787629521743	0.2	2
100520148877423056661	0.2	2
112868150649835514847	0.2	1
103483946223213592002	0.2	1
102420421725069396072	0.2	2
104831990617989161922	0.2	1
114660408134804144305	0.2	2
105741105528282352699	0.2	1
113996160533676160868	0.2	1
110348471133216488663	0.2	2
105216062428077398176	0.2	1
108821717261017099757	0.2	1
116707810109348808796	0.2	1
115532922561530991836	0.2	1
116785407406864187468	0.2	1
100332939419755487935	0.2	2
113234958408070147943	0.2	2
108409800623900093461	0.2	1
100304352681897837766	0.16666666666666666	3
113638812581109312072	0.16666666666666666	1
117690506885757577518	0.16666666666666666	1
102600088268197126924	0.16666666666666666	1
110695916157676073715	0.16666666666666666	1
111733630851124188182	0.16666666666666666	3
102016851383568561562	0	1
110795448131493204817	0	1
111361201906254029328	0	1
115994982948596334892	0	2
113687916808174552540	0	1
102533732658641069172	0	2
113531415437983740096	0	2
102538905206519918173	0	1
109794669788083578017	0	1
113186623583029971455	0	2
116354326277822099288	0	1
100889510556913995048	0	1
108152252385291870699	0	2
117454821884107956226	0	2
109886901283528651599	0	2
101604758566835021293	0	1
106542726714965514632	0	2
104250130116253463837	0	1
102604554618567108175	0	1
108588076582379537686	0	2
112366735963271550830	0	2
110911916608524574152	0	2
104408971224491390678	0	1
109870972371295881074	0	1
114579585661410116649	0	1
107707592416977920764	0	1
109895887909967698705	0	2
113117251731252114390	0	1
106407963814165910213	0	2
114834647370494857382	0	1
113089996646628106127	0	1
103200491340117663153	0	1
103845440930206299628	0	1
113215976889659570939	0	1
107234826207633309420	0	1
103545771675553354924	0	1
108176814619778619437	0	1
106717946845088683921	0	1
106026775257935396273	0	1
109732393861737158427	0	1
111257156574198767770	0	2
112652642866960214917	0	1
117461079608992951470	0	1
115471815788264818704	0	1
113196433462155151308	0	1
107982618909749811163	0	2
104346763979228774298	0	1
110255709702147736441	0	1
102842357356449945664	0	1
105489065160959389675	0	1
112063946124358686266	0	1
114228869493885222559	0	2
105839398017105551950	0	1
112054114748064862347	0	1
112011605270017123101	0	2
109723709937833717563	0	2
108707834181725260796	0	2
117423428306382994757	0	1
112864436623638352603	0	1
103765013042311928518	0	2
106176762220398854458	0	1
117603418437094018321	0	1
113815496175227038563	0	1
101302643018559111382	0	1
113553904589228964277	0	2
103618862132298404107	0	1
114583862192593121266	0	1
101888413529208817404	0	1
116640923223897011110	0	2
103684974087620751394	0	1
100651621769656849775	0	2
101765416973555767821	0	2
115831514397226473247	0	2
111944666587413593676	0	1
101338315685071627342	0	2
115085828077786850700	0	1
101333593083741950617	0	2
104109276791574356880	0	1
114096099683887759200	0	2
116706153803896610134	0	1
102366797371689263551	0	2
117765595841465067194	0	1
116638958379604473194	0	1
109345865429707844168	0	1
115143234371607892983	0	1
103077697604541281766	0	2
101202318501102741614	0	1
114242552432938641752	0	1
107784212140893392732	0	1
105520427462751456186	0	1
102043085355425659178	0	1
109623388287093562386	0	1
115425017959501168550	0	1
103742198992659530090	0	1
110292711527889111689	0	2
103395306698731049003	0	1
110784133188528582710	0	1
101142218053948675877	0	2
110984931205999155046	0	1
116029269102895861742	0	2
103235415015490284753	0	1
117746540268358307354	0	1
101738868612347658051	0	2
100983961005740067304	0	1
110622062674922514853	0	1
