#node_label	#score	#gender
116265553832178509768	1.0	1
101994363144373671664	1.0	1
111406933001277454718	1.0	1
101222125576635425546	1.0	1
106772544387169323774	0.3333333333333333	1
111953283109838401320	0.3333333333333333	1
108038480183975078835	0.3333333333333333	1
107742059751171695340	0.3333333333333333	2
109602109099036550366	0.3333333333333333	1
114030999894118601477	0.3333333333333333	1
111576141144699622061	0.3333333333333333	1
109710318485682657052	0.3333333333333333	1
109036978092446954908	0.3333333333333333	2
107587767610354254576	0.3333333333333333	2
114274687956791581923	0.3333333333333333	2
111723545767173542935	0.3333333333333333	1
103186550328868019697	0.3333333333333333	2
113850935463309951154	0.3333333333333333	1
101261243957067319422	0.3333333333333333	1
103226166584311556924	0.3333333333333333	1
116313138295155714335	0.3333333333333333	1
113166718268343560861	0.3333333333333333	2
112088443759787333798	0.3333333333333333	2
116076186919541013139	0.3333333333333333	1
106944536119733342041	0.3333333333333333	1
108346637271615594833	0.3333333333333333	1
110240143550654748022	0.3333333333333333	2
117328732331103841331	0.3333333333333333	2
103673673442691110018	0.3333333333333333	2
109080723668547114837	0.3333333333333333	1
110464871801965858778	0.3333333333333333	1
118411705395466565668	0.3333333333333333	1
103984595971776502972	0.3333333333333333	1
113165147467813592377	0.3333333333333333	1
102618047349606277909	0.3333333333333333	1
109393701948351875892	0.3333333333333333	1
101446950128598043868	0.3333333333333333	2
105713497706843136406	0.3333333333333333	1
115686712405727979216	0.3333333333333333	2
106393478695568433143	0.3333333333333333	1
106382433884876652170	0.3333333333333333	1
116825083494890429556	0.3333333333333333	1
110075254641670883556	0.3333333333333333	1
108316670838828910396	0.3333333333333333	2
110012545983559094076	0.3333333333333333	1
110442590930631703783	0.3333333333333333	2
112374836634096795698	0.3333333333333333	1
109596373340495798827	0.3333333333333333	1
108034523839257798935	0.3333333333333333	1
110464200573564226043	0.3333333333333333	1
109398421611492546729	0.3333333333333333	1
106455585595469424333	0.3333333333333333	2
104810568712102362000	0.3333333333333333	1
106952974709619007593	0.3333333333333333	1
107697270156490152958	0.3333333333333333	2
114893401725193022038	0.3333333333333333	1
118015436149244712749	0.3333333333333333	2
100974258168375166691	0.3333333333333333	2
109678189789435119043	0.3333333333333333	2
107155666869509300116	0.3333333333333333	2
107014499721205083179	0.3333333333333333	2
116127033078839124702	0.3333333333333333	2
104914829730501706316	0.3333333333333333	2
116807883656585676940	0.3333333333333333	1
109027288459519863918	0.3333333333333333	1
100216074673268203873	0.3333333333333333	1
107323726887023845557	0.3333333333333333	2
115932838014733798588	0.3333333333333333	2
108983794324695703724	0.3333333333333333	1
100084893009690449685	0.3333333333333333	1
107126665887970596868	0.3333333333333333	2
106395534898532460760	0.3333333333333333	1
111159671558660040486	0.3333333333333333	1
117070169690219390442	0.3333333333333333	1
116315897040732668413	0.3333333333333333	1
108120283126178283940	0.3333333333333333	1
112740165303235183270	0.3333333333333333	1
110245751704905428576	0.3333333333333333	1
112963105635376422421	0.3333333333333333	1
113506158551051150184	0.3333333333333333	1
116665417191671711571	0.3333333333333333	1
107471076116163680138	0.3333333333333333	2
117338985231428873684	0.3333333333333333	1
104147032621576433590	0.3333333333333333	2
108092398927794216860	0.3333333333333333	1
113180375618328351247	0.3333333333333333	2
109088229817689076273	0.3333333333333333	1
108314259245584185142	0.3333333333333333	1
108998673146368660257	0.3333333333333333	2
103697774730216910679	0.3333333333333333	2
114244914082871792125	0.3333333333333333	1
103833728526170663335	0.3333333333333333	1
104102133012628271860	0.3333333333333333	1
114122960748905067938	0.3333333333333333	1
115274420552571826637	0.3333333333333333	1
117344786984788205452	0.3333333333333333	1
116805285176805120365	0.3333333333333333	1
109092767134549982331	0.3333333333333333	1
100521671383026672718	0.3333333333333333	2
102817283354809142195	0.3333333333333333	2
101113831609569228929	0.3333333333333333	1
115850015072126033610	0.3333333333333333	1
107413067341871105647	0.3333333333333333	2
103490014051577974992	0.3333333333333333	1
112068096053627970202	0.3333333333333333	1
104577357381178665210	0.3333333333333333	2
102563035692347750787	0.3333333333333333	2
115508351532350603485	0.3333333333333333	1
108871877301789098084	0.3333333333333333	1
105489064367742025310	0.3333333333333333	2
107071332326571881653	0.3333333333333333	1
107991184034868817056	0.3333333333333333	1
103481817473765921278	0.3333333333333333	1
100093902492789669774	0.3333333333333333	1
117663015413546257905	0.3333333333333333	1
114607043207014058571	0.3333333333333333	1
107051665537162034944	0.3333333333333333	2
105059362788808645801	0.3333333333333333	1
111048918866742956374	0.3333333333333333	1
106477525564841896867	0.3333333333333333	1
107125656733807816445	0.3333333333333333	1
113785320591441846925	0.3333333333333333	2
105510708763837902389	0.3333333333333333	1
106793409736995197316	0.3333333333333333	1
115121555137256496805	0.3333333333333333	1
108487783243149848473	0.3333333333333333	1
116017061364727182937	0.3333333333333333	2
103839604733587411268	0.3333333333333333	1
114503806689722509896	0.3333333333333333	1
112254467169147545881	0.3333333333333333	2
116408591218531050393	0.3333333333333333	1
116594877350823996927	0.3333333333333333	2
109818165262898740875	0.3333333333333333	2
117179342925500217069	0.3333333333333333	1
114162698572145803131	0.3333333333333333	1
105216491640488683417	0.3333333333333333	2
110614416163543421878	0.3333333333333333	1
111058843129764709244	0.3333333333333333	1
112974446717580477987	0.3333333333333333	2
105410160078895778656	0.3333333333333333	1
111480826847505329010	0.3333333333333333	1
102615863344410467759	0.3333333333333333	2
106727811555281104992	0.3333333333333333	2
114018232303831249060	0.3333333333333333	1
116374117927631468606	0.25	1
100741560621611999898	0.25	1
107753428759636856492	0.25	1
110441797803247642088	0.25	1
114836091191904667858	0.25	1
113998127376703212360	0.25	1
101779073533012735439	0.25	1
113057286764851383469	0.25	2
109721367307563395695	0.25	1
112353210404102902472	0.25	1
101069176603529970895	0.25	1
108378060444638319597	0.25	1
107304599129049310946	0.25	1
117840649766034848455	0.25	1
115244822505211094728	0.25	1
112253631173744101346	0.25	2
113581201724147813967	0.25	1
113309470814122509541	0.25	1
105207689891479566260	0.25	1
105902716863305090394	0.25	1
104490445002708527032	0.25	1
106802084872920510496	0.25	1
107896527414017792767	0.25	1
107519026002586025827	0.25	2
118323646137524216927	0.25	1
117034807403884912887	0.25	2
107379489464447013340	0.25	2
101213330446618923166	0.25	1
102600088268197126924	0.25	1
107868937218055010689	0.25	1
112433233162542061134	0.25	1
109927484147791985788	0.25	2
114046998698228319586	0.25	1
106008941849648772680	0.25	1
104961406012654314344	0.25	1
106526452034734966566	0.25	1
100498091085142703743	0.25	1
112276589013569458330	0.25	2
111433245253472835474	0.25	1
113326499478607390840	0.25	1
116713623305011680836	0.25	1
115622466243011136115	0.25	1
105822688186016123722	0.25	2
117474473270416055253	0.25	1
107656088609554509650	0.25	1
110615203095633370838	0.25	1
113758147814858568109	0.25	1
101984790166572778922	0.25	1
113695733742291780759	0.25	1
104888463925532836465	0.25	2
118418436905562612953	0.25	2
107006059340452534782	0.25	1
103907915631843308004	0.25	2
108652640482631482795	0.25	1
113116318008017777871	0.25	1
109496402362800113489	0.25	1
105712632219024636878	0.25	1
110490452130731370594	0.25	1
111719533163202900131	0.25	1
105890906575573863227	0.25	2
114149296801704936672	0.25	1
101879656850551340719	0.25	1
117177689300294532641	0.25	1
107833107845497630206	0.25	1
106954742823872170302	0.25	1
106220600090297128338	0.25	1
103399926392582289066	0.25	1
105910977869522122580	0.25	1
107205168267515108946	0.25	1
115019886746892568919	0.25	1
118310914222652213732	0.25	1
102216887206636463918	0.25	1
111091089527727420853	0.25	1
112206783593388775049	0.25	2
109174551750397653742	0.25	1
105616606109443088514	0.25	1
117523047521837823505	0.25	1
104834129907874592944	0.25	1
117197505764492438174	0.25	1
102498481444985188022	0.25	1
114840173700805743995	0.25	1
109268440076100174636	0.25	1
101835433272879715504	0.25	1
103347174328293237566	0.25	1
107130354111162483072	0.25	1
106532684826293540578	0.25	1
113898425766485520077	0.25	1
105237212888595777019	0.25	1
115478779964227301239	0.25	2
113523789277289125753	0.25	1
107797841320768724118	0.25	1
115497329510512199057	0.25	1
102025628931490661645	0.25	1
103493459351957813291	0.25	2
100042105400303837110	0.25	1
113447931380687480753	0.25	1
107951823638685687042	0.25	1
113920721823301219308	0.25	1
104458801156000551882	0.25	1
113872580988824095186	0.25	2
107945426404682361496	0.25	1
102034052532213921839	0.25	1
103911183408644149411	0.25	1
103628798844723879427	0.25	1
117574554323772486921	0.25	1
112039022986516057445	0.25	1
101174951617223562800	0.25	1
108894779805940659869	0.25	1
112364132652438722780	0.25	1
111273350318354404555	0.25	1
112435942355572461782	0.25	1
102737788855280055354	0.25	1
115855207434019427246	0.25	1
106034574686951028486	0.25	2
114049181704701025985	0.25	1
110349587692857642647	0.25	1
100834378485895409468	0.25	2
108972509678555833657	0.25	1
116564746836220811723	0.25	1
117414240941443846478	0.25	1
117378848700596735005	0.25	1
114089069528015035598	0.25	1
114978923741790486508	0.25	1
110899709105002539146	0.25	1
115360979797396777969	0.25	1
102864603075591269997	0.25	1
104774309513755344292	0.25	2
116671803269225998491	0.25	1
106812827761443711533	0.25	1
101094824843371233898	0.25	2
108413247499481325229	0.25	1
102476152658204495450	0.25	2
100940716892313727285	0.25	1
102896689791899460747	0.25	1
108883923090202244243	0.25	1
109397804382663028308	0.25	2
117421021456205115327	0.25	3
111695056247795680420	0.25	2
108731496152002108553	0.25	2
106831762557971378854	0.25	1
117033715264863371696	0.25	1
117373186752666867801	0.25	1
108929403611931887447	0.25	1
113686253941057080055	0.25	1
106620873921373880165	0.25	1
100258208745065110297	0.25	1
115459243651688775505	0.25	1
107468650619111216833	0.25	1
111666959095947698908	0.25	1
112707199408484711520	0.25	2
100320175239277283592	0.25	1
104557885419342982371	0.25	2
110547037687446134145	0.25	2
103171849011748425097	0.25	1
112339769006469685593	0.25	1
114334109274969436200	0.25	2
110582671305643479452	0.25	1
113882113745075873153	0.25	1
106318111152683661692	0.25	1
115947571425501492839	0.25	1
107863796156749531232	0.25	1
101377053267560854462	0.25	1
112741876592615487453	0.25	1
109451599267710862785	0.25	1
117377434815709898403	0.25	1
112726038360301567381	0.25	1
100789590127918881516	0.25	1
101146227293283270774	0.25	2
110388170249552452202	0.25	1
111514894162324549099	0.25	2
100280501907498761662	0.25	1
105912966310368032981	0.25	2
100421655488973884511	0.25	1
107391346918211701146	0.25	1
112844561713780016118	0.25	1
103135699585421857716	0.25	2
103861741370066605527	0.25	2
102897222569577118558	0.25	1
105998246897528884201	0.25	1
114291965269165524866	0.25	2
104973761519912571719	0.25	2
117997508248143467215	0.25	1
107781761552417614958	0.25	2
103100496883422151101	0.25	2
118265897954929480050	0.25	1
101402083546718842256	0.25	1
109876467727174291780	0.25	1
104987932455782713675	0.25	1
110510753021643719970	0.25	2
116992234810067730471	0.25	1
114619623685989006732	0.25	1
105415132823244013603	0.25	1
110538901086027880345	0.25	1
100512649718649402368	0.25	1
106355261544559696871	0.25	1
100689610725567995570	0.25	1
115608553892438743738	0.25	1
115369062315673853712	0.25	1
106416716945076707395	0.25	1
100100614753096661746	0.25	1
113673756354863552294	0.25	1
107438682907917399901	0.25	1
107101208158314368393	0.25	1
112226108704688540728	0.25	2
110351160992477343545	0.25	1
116583912742289922674	0.25	1
109409183697005229195	0.25	1
102934220817987641543	0.25	1
110836322558502335897	0.25	1
116214152295449083654	0.25	1
116180809349156681993	0.25	1
110593963566088558937	0.25	1
103140137391526341351	0.25	2
103207773865797007066	0.25	1
115527632958457358109	0.25	2
109106843297496158611	0.25	2
112870994374364427682	0.25	2
110671547565979047871	0.25	1
112403562981201111940	0.25	1
102552895604218641554	0.25	1
101720949843787442951	0.25	1
109471523030159349342	0.25	2
111714769899525603342	0.25	2
108622331358244378714	0.25	1
113351703941294630458	0.25	1
109116438871355814958	0.25	1
101752320499567895627	0.25	1
117220625678034723010	0.25	1
104663839368668178204	0.25	1
115570939558790629700	0.25	1
100084737546039360199	0.25	1
100971870367870906394	0.25	1
108510261342123234892	0.25	1
117490083650718194659	0.25	1
100071403328735908465	0.25	1
113612142759476883204	0.25	2
106312895983244085949	0.25	1
114776957810329544997	0.25	1
103907806627406122152	0.25	3
115662766052052605858	0.25	1
106075758531242552855	0.25	1
111585581956730395692	0.25	2
104431173322552031662	0.25	1
108223812814027910697	0.25	2
106390731465696039987	0.25	1
106434073353360803681	0.25	1
109140277806644720261	0.25	1
116730839169823838592	0.25	2
115959122085580299826	0.25	1
108059096144020001716	0.25	2
105473622219622697310	0.25	2
111656128497597907356	0.25	1
100915344973649959428	0.25	1
112829005077127347210	0.25	1
105421989284418308161	0.25	1
107459724193454016289	0.25	1
109779057532625231365	0.25	1
115793765515193253189	0.25	2
104612091113514802664	0.25	1
108334318341392054568	0.25	2
109304903996729396661	0.25	1
102197284839293503038	0.25	1
106876108861840284155	0.25	1
117298410055998935548	0.25	2
114790424055754975707	0.25	1
117892288416322141592	0.25	1
105076678694475690385	0.25	1
116842514278390616129	0.25	1
101850423275744383613	0.25	1
110623746254439487621	0.25	1
113619286206637523955	0.25	1
117834470724154925643	0.25	1
104637347385347586768	0.25	1
105545635323537037809	0.25	2
115177816143495522325	0.25	1
112820512550939559523	0.25	1
113364856660738963998	0.25	1
113171346721591078756	0.25	2
100441642353694045036	0.25	1
100304352681897837766	0.25	3
110318982509514011806	0.25	1
105006381068870463173	0.25	2
114487965928288927815	0.25	1
109919679182093139567	0.25	1
107054398730220626019	0.25	1
102512310412972518336	0.25	1
111090889118700110346	0.25	1
103436150731639349099	0.25	1
104281401034115714032	0.25	1
117954342266917774594	0.25	2
101573046878061458576	0.25	1
115780865240170367976	0.25	1
107460400955464713852	0.25	1
105343468977483636307	0.25	1
114917776781939549995	0.25	1
111640272568271242568	0.25	1
116889019895385244422	0.25	1
101465854435804471513	0.25	1
111538009015644508967	0.25	2
106515636986325493284	0.25	1
108186999795479387281	0.25	1
104323674441008487802	0.25	1
116897165866427007282	0.25	1
100535338638690515335	0.25	1
115989323496360706014	0.25	2
109338042770256545236	0.25	2
106821713045844451624	0.25	2
102463809205898225329	0.25	1
109581870574956225297	0.25	1
111159258917060066001	0.25	1
105704128932845103537	0.25	2
111288574156818690676	0.25	1
108541235642523883716	0.25	1
111707273404757375952	0.25	2
108880714002171992138	0.25	1
108952536790629690817	0.25	1
100274617726048487544	0.25	1
114101573134699407039	0.25	1
114202150062599138446	0.25	2
108864551904819486190	0.25	1
112460361944526645003	0.25	1
103564230838018928961	0.25	1
111758470838288232643	0.25	1
104279244238026533071	0.25	1
117596712775912423303	0.25	1
113312618768961578323	0.25	1
105073221672682346129	0.25	2
104174037294742207726	0.25	1
109747481588639022917	0.25	1
117691391504351341685	0.25	1
108172009599607363531	0.25	1
100367144709105316901	0.25	2
103541694080221120019	0.25	1
110754163217982167702	0.25	1
111674060767832848917	0.25	1
111501187421350616642	0.25	1
102311554030427331560	0.25	1
114520811053457424775	0.25	1
110034313284073203847	0.25	1
103965582964444715563	0.25	1
116816110847604342806	0.25	1
113348004406036331946	0.25	1
101020620594555471899	0.25	1
115468408499695328714	0.25	2
116621986644249676039	0.25	1
104591903036738260658	0.25	1
103016521073558596116	0.25	1
114188765352122748745	0.25	1
108797840083484244237	0.25	1
115825648832635471354	0.25	1
113217924531763968801	0.25	1
118122556596388698587	0.25	2
103803759415221345211	0.25	1
115314704721793037922	0.25	1
105256156026694816333	0.25	1
101703900497034523246	0.25	2
100492431527288250143	0.25	1
111445952873225621673	0.25	1
108473613890726215442	0.25	2
114886348310358897265	0.25	2
108082478497335384404	0.25	1
105421360534824524100	0.25	1
105459039689531835195	0.25	2
115047896996200277508	0.25	1
112650348159434958899	0.25	1
106233689102051378781	0.25	1
110691778826596363915	0.25	1
117316671086514429511	0.25	1
106228704831672899058	0.25	1
114891934677835796437	0.25	1
102887292457967781591	0.25	1
109410049853740963142	0.25	1
114265855614929269568	0.25	1
105108471251733473504	0.25	1
107296660002634487593	0.25	1
113941754758699330333	0.25	1
115302451851587317396	0.25	1
106120978621025253392	0.25	1
102998696062504667685	0.25	1
112710501221399450850	0.25	1
111215626086255858123	0.25	1
110519684104194512717	0.25	1
109964383582532868438	0.25	1
103101121348859087349	0.25	1
114096599366011465749	0.25	1
103406325424673077647	0.25	1
115976612934744106451	0.25	2
106491041438173023736	0.25	2
117743699429239435303	0.25	1
104706828888809003618	0.25	2
116394575739281318169	0.25	1
113015718416261368227	0.25	1
111293022852677971506	0.25	1
101015964088772576261	0.25	1
114738075629051960079	0.25	1
105256361353595519025	0.25	1
114549564725160709822	0.25	1
102088173699409175139	0.25	1
112711154374511525164	0.25	1
112683594831655174485	0.25	1
111861580511300702231	0.25	2
104234913145807815024	0.25	1
103560944371498447988	0.25	1
111310990991240556038	0.25	1
109536929126322188570	0.25	1
116470022031391579601	0.25	1
106562040211983246504	0.25	1
113234126401294172677	0.25	1
102944610657154936062	0.25	1
103263839307540915364	0.25	1
108002138812927763875	0.25	1
107191542129310486499	0.25	1
115552999294763744109	0.25	1
101432073546896267558	0.25	1
102797953003564182378	0.25	1
101841421780149979246	0.25	1
113565031517839416248	0.25	1
105522945817655566478	0.25	1
107323905795551087366	0.25	1
115723497250720724489	0.25	2
107982737400457212709	0.25	1
104215081746139431649	0.25	1
100612175927429294541	0.25	1
112915508949553064969	0.25	1
117884007449109471406	0.25	1
111730961093385337631	0.25	1
107889308834020041514	0.25	1
111003376540003743015	0.25	2
103773811230107801448	0.25	2
115765876851831310364	0.25	1
116205349749133086640	0.25	1
110734609083933405423	0.25	1
116138847860169360224	0.25	1
106111195718302652758	0.25	1
103522841430099843089	0.25	1
101984328356169025984	0.25	1
104227734437064715480	0.25	1
103946955386081802278	0.25	1
104472729472455589214	0.25	1
108189587050871927619	0.25	1
100075356758919993129	0.25	1
116986422495636163350	0.25	1
101690858054612129921	0.25	2
100518419853963396365	0.25	2
107980702132412632948	0.25	1
110951533543637767358	0.25	1
107017707552617864674	0.25	2
107410585863197912809	0.25	1
109988658141933240590	0.25	1
114151370744583208669	0.25	1
110215372857969443518	0.25	1
105545068944703206621	0.25	1
103668412054887723210	0.25	1
117075311027610918011	0.25	1
102147343461272423807	0.25	2
103660543175586203250	0.25	1
100882724450254120951	0.25	2
101634980625828210366	0.25	1
100361336950800861595	0.25	1
106631699076927387965	0.25	1
108703512926406528929	0.25	1
111654284395316165338	0.25	1
106829364795701933124	0.25	1
106478271434987235213	0.25	1
101776230590766727790	0.25	1
117324905176396235130	0.25	1
107588913389869807388	0.25	1
104201441411804496708	0.25	1
111770459801993602257	0.25	1
117139907586011263319	0.25	2
117483306494990479133	0.25	2
105642695144101051932	0.25	1
117114202722218150209	0.25	1
103958441795544241153	0.25	1
101030696951976805353	0.25	1
101436633503339641010	0.25	1
102518365620075109973	0.25	1
101183471597929879944	0.25	1
111164228693257897305	0.25	2
104130498407390053503	0.25	1
110232479818136355682	0.25	2
101849747879612982297	0.25	3
102199777787314348675	0.25	1
103625305650782852673	0.25	2
109143384193766932670	0.25	1
111895635103211133148	0.25	2
116491285067171323298	0.25	1
114199219545463600767	0.25	2
108064815750032267545	0.25	2
108325036468578880406	0.25	1
111003533336553674230	0.25	1
116416314233992548280	0.25	1
109737898442105024111	0.25	1
105769508324436137332	0.25	1
110467702883125654398	0.25	1
102881052914977050318	0.25	1
118403137608921810081	0.25	1
102937884157580148617	0.25	1
115012093592676187890	0.25	1
114716671631005124422	0.25	1
116802117190197146689	0.25	2
106787150560860988413	0.25	1
115916689903804116666	0.25	1
115839767455233623600	0.25	1
112565301103246592411	0.25	2
107133948555394893679	0.25	2
104272489764674226009	0.25	1
103887646945247867113	0.25	1
104706762420578115324	0.25	1
102298718421596692551	0.25	1
116768967108862685383	0.25	1
113025758348628700217	0.25	2
101475873089004686144	0.25	1
105901182261884628679	0.25	2
112177951351534704764	0.25	1
105600646698942288797	0.25	1
114330105919999753826	0.25	2
107875584177081127211	0.25	1
112394100434168448134	0.25	1
111622406550647096590	0.25	1
104487667381992067425	0.25	1
107858226132224039781	0.25	1
117550971892000156946	0.25	2
114188216603728208646	0.25	1
110761100167727655953	0.25	1
108782947972421325733	0.25	3
113001073761536909453	0.25	3
104956293623550863730	0.25	2
115565435780133582298	0.25	1
114173056809926465824	0.25	1
113220541195694388611	0.25	1
109469801209372203713	0.25	1
109247306373593947755	0.25	1
118326452310645730031	0.25	1
108896556048763968559	0.25	1
109262616794768311251	0.25	1
100269980559891536109	0.25	1
102814019596965765116	0.25	1
115109077044202722504	0.25	1
106998895742283999404	0.25	2
109606334218437330745	0.25	3
115739378269261680935	0.25	2
113227252986293896064	0.25	1
111181389036901378787	0.25	2
112298668148732310497	0.25	1
101508761974943939560	0.25	1
103173073620061914688	0.25	1
100197702301955819597	0.25	1
111128778940913280838	0.25	3
104550678234629742078	0.25	1
108832773152747423283	0.25	1
115315431627023710714	0.25	1
116395764837475316383	0.25	2
115017401467423642930	0.25	1
104474227941534479648	0.25	1
105693760650527951874	0.25	1
115982989172889057014	0.25	1
104577330866768309554	0.25	1
103098855986676641514	0.25	1
107332622748446972466	0.25	1
118018621153265389754	0.25	1
109819399320527487347	0.25	1
109389725894205065198	0.25	2
110874778461943365830	0.25	1
103918544362469330603	0.25	1
103164003989913651658	0.25	1
115190779287944617426	0.25	1
102353129798808531979	0.25	1
100616152580105910025	0.25	1
102015465605153310048	0.25	1
103188948341310400908	0.25	2
100732602720556154243	0.25	1
104243053732122719340	0.25	1
115056011540871202403	0.25	1
109191289222453878220	0.25	1
116076322210792421152	0.25	1
104542524024401372520	0.25	2
107176073754977513315	0.25	1
116150967947854273802	0.25	1
107746993777851440213	0.25	1
108261172458336520976	0.25	1
116248544606811591422	0.25	1
100250719688614433914	0.25	1
104191514233385365427	0.25	1
110810656222494553450	0.25	1
116656988837287701584	0.25	1
113512364761904452911	0.25	1
109967616069135434926	0.25	1
103891019007059903331	0.25	1
110321775511217120259	0.25	1
113232917237154594681	0.25	2
107905086010096344772	0.25	2
117769401199094282992	0.25	1
104462490827635217620	0.25	1
116113014152499702246	0.25	1
113169713749496726739	0.25	1
101111269969899151919	0.25	1
110193533410016731852	0.25	1
112344184964857951934	0.25	1
113698589973698283456	0.25	1
112463289092605381664	0.25	1
101014185338097728734	0.25	1
116319627715742877481	0.25	1
101930732356474123642	0.25	2
112868140462470357784	0.25	2
110279873454260970861	0.25	1
114133424228405038490	0.25	1
111500053552799598950	0.25	1
101160779705572880332	0.25	1
107691215066783437198	0.25	1
113801236315350503728	0.25	2
111615838627979101055	0.25	1
115813168898450727785	0.25	1
102172471534334518172	0.25	1
111479647230213565874	0.25	1
111061467082516364992	0.25	1
106143876839173486558	0.25	2
104014323550176363481	0.25	1
117767202978917125041	0.25	1
107261842714883148826	0.25	1
100024071984779702071	0.25	1
117528398613318925987	0.25	1
101795242593145198740	0.25	1
103000428814326899358	0.25	1
107660875906928406568	0.25	2
109989083758422847178	0.25	2
108967323530519754654	0.25	1
104906919451670502090	0.25	2
114745374612821245424	0.25	2
115445433074419719117	0.25	1
110474123650910140199	0.25	1
106702963465506867582	0.25	1
101185406398932804414	0.25	1
115739112096228507174	0.25	1
110695916157676073715	0.25	1
115473744607929446722	0.25	1
106981109992478346191	0.25	1
105347537964295352326	0.25	1
113143913742943987551	0.25	1
105435074544337918474	0.25	1
113949230518472826907	0.25	1
102834614007561141183	0.25	1
101245252933670436488	0.25	1
106831531882211011527	0.25	1
111171416539633276676	0.25	1
109550818599769670856	0.25	1
100905810561722892983	0.25	2
101891715056742297073	0.25	2
101051871774222870351	0.25	1
104748620959403241968	0.25	1
114018839888172293747	0.25	2
107174603951133855584	0.25	1
103044522173130382644	0.25	1
109445136842856929944	0.25	1
113602098789392301953	0.25	1
103040852335353963428	0.25	1
114664307180734299077	0.25	1
102483923645994576813	0.25	2
115524852692828190898	0.25	1
114936764159343594557	0.25	2
110258938177402516745	0.25	1
113678234815944346418	0.25	2
105970713987864506361	0.25	2
101927826925353835962	0.25	1
115392876317176762477	0.25	1
116092192729387706642	0.25	2
103626856183430984767	0.25	2
112794502503234312526	0.25	1
116675628399793386012	0.25	1
101735325402794400573	0.25	1
101885926862979557060	0.25	1
100266471059676971176	0.25	1
115512736218498769502	0.25	1
115498565434757112643	0.25	1
101543350465102852132	0.25	1
105416475244874554281	0.25	1
103874881715461436613	0.25	1
103233967921245494760	0.2	2
109476454652491443123	0.2	1
113475277239647026452	0.2	1
111326500706485286272	0.2	1
118207880179234484610	0.2	2
100159937686553564234	0.2	1
115565811010545226083	0.2	3
108772200278976934119	0.2	2
104461364885611490928	0.2	1
110929351399428170240	0.2	1
108152786201218528136	0.2	1
115422622153710387598	0.2	1
116568578395534463017	0.2	1
102399741657103137277	0.2	1
106692901703082428393	0.2	1
101262147826811866992	0.2	1
100854202666064752024	0.2	1
102976465024742837897	0.2	2
103512734226243667908	0.2	1
103111382143198287157	0.2	1
112444182697680730473	0.2	1
100300281975626912157	0.2	1
110794809430947751597	0.2	2
103765655241162838230	0.2	1
118370558112016910785	0.2	1
102636432758735249186	0.2	1
117818363829980497205	0.2	1
107276141498259738178	0.2	1
112353571951662353120	0.2	1
117693415411676715849	0.2	2
114060794355764571920	0.2	2
113171227622011939089	0.2	1
115788203615961124571	0.2	1
102839963139173448834	0.2	1
101288593495419475448	0.2	1
107531155995244310236	0.2	2
106366615678321494423	0.2	1
118446147598193798536	0.2	3
106141970002595541286	0.2	1
118043626338533733685	0.2	1
101935010073334602731	0.2	1
107446823309341386448	0.2	1
103325969492772452485	0.2	2
113391812624898456365	0.2	2
117344752225183656923	0.2	2
101792420885438335154	0.2	1
106979372492552141708	0.2	1
114235594503919622485	0.2	1
103112588675637065591	0.2	1
108108273511881005173	0.2	1
107033731246200681024	0.2	1
105310573695573985234	0.2	1
102471679529933157374	0.2	1
101305776875945822989	0.2	1
112550116279721943627	0.2	2
103657641753349471053	0.2	1
118395148094907709551	0.2	1
116388668762198604003	0.2	1
114668932913459899449	0.2	2
103672424840268250022	0.2	1
112756365208572318325	0.2	1
106792630639449031994	0.2	2
104844817047555881215	0.2	1
109448162492198686266	0.2	1
106909838723139103413	0.2	1
116719768397940189391	0.2	1
117690506885757577518	0.2	1
101641620295650841734	0.2	2
108424801450438618205	0.2	1
116312861051138180882	0.2	1
102287025037700425605	0.2	1
118357356982727825178	0.2	1
102907221000300969164	0.2	2
113593501038935994355	0.2	1
113857713997823886995	0.2	1
102048265612444661933	0.2	1
112961607570158342254	0.2	1
104675979541400287552	0.2	1
105240469625818678725	0.2	1
109108273123284204690	0.2	1
115775757680480988681	0.2	1
116541152567955767643	0.2	1
110836650556449892392	0.2	1
112141931042568948106	0.2	1
106967325646926628873	0.2	2
107606703558161507946	0.2	1
115658896387238242974	0.2	1
107082593606402385292	0.2	1
108255121787158995006	0.2	1
105093051874046621921	0.2	1
102014620469584519426	0.2	2
108255750659110762991	0.2	1
106789372009913695700	0.2	1
107808951807533655192	0.2	1
100709366424987372595	0.2	1
103577706924716446377	0.2	2
100057071538809202180	0.2	1
105837038257788206659	0.2	1
104052724814079219066	0.2	1
117498138737868731316	0.2	1
116269625715795017464	0.2	2
100580057424662460288	0.2	1
110704492453692501997	0.2	1
103385763780839177438	0.2	1
100335496845020065289	0.2	1
112783904517647178343	0.2	1
117626851040477437361	0.2	1
112536035689556132969	0.2	1
111030915700039774280	0.2	1
105951083208800607266	0.2	1
100537991844787325512	0.2	3
116990785988571593877	0.2	2
108754297498548563397	0.2	1
103060500509332918638	0.2	1
107743229589123592762	0.2	2
100268819871789028907	0.2	1
116873605619141481480	0.2	1
111294201325870406922	0.2	1
103608420611766012608	0.2	1
101082336726756052114	0.2	2
108603838345390534026	0.2	1
105674332362858502941	0.2	2
111169893172161086239	0.2	1
111185848672556379969	0.2	1
107222163924838615114	0.2	2
105176460251303787958	0.2	1
108729927392113951912	0.2	1
102102223756314820419	0.2	1
110041229530806694608	0.2	1
100193529331792590881	0.2	1
103239655111676058756	0.2	1
116492394921952587453	0.2	1
105780487374226393830	0.2	1
109342995284180071035	0.2	1
111960527250858280267	0.2	1
117804314976992722918	0.2	2
102368034923277047383	0.2	1
114573060328510500521	0.2	1
118225519006643983311	0.2	1
102221205611883843517	0.2	1
110808332396199370089	0.2	1
103981048997223735960	0.2	1
116313642078196142578	0.2	1
104318823080318747316	0.2	1
111903828152194013937	0.2	1
104531609977012265422	0.2	1
109787442687265243637	0.2	1
104746789746807928020	0.2	3
109645778535362171008	0.2	1
113557760548500186260	0.2	1
109838958029720050470	0.2	1
107552965844516484621	0.2	1
100151206178980470956	0.2	1
100289725759008758730	0.2	1
102717586677070253951	0.2	1
105017513712037820155	0.2	1
106975707959313051828	0.2	1
107486584458506792643	0.2	1
101951294740286010890	0.2	1
112570907507551076282	0.2	2
100087135803933194646	0.2	1
104924126539446479361	0.16666666666666666	1
106506966828595242496	0.16666666666666666	1
101765416973555767821	0	2
100784670873737717716	0	1
107010847993254556683	0	1
113010729939949185045	0	1
109412257237874861202	0	1
113210431006401244170	0	1
116927391465690022495	0	2
117861338670157326726	0	1
111510419822971040815	0	1
105167657448375010036	0	1
112063946124358686266	0	1
109898123753716458023	0	1
100274756805842908075	0	1
112614367259340988369	0	1
102604554618567108175	0	1
113544226688149802325	0	1
103322096164320811619	0	1
101888659095617389472	0	1
106717946845088683921	0	1
107898163387836028563	0	1
102583849990761016900	0	1
110858566556215922899	0	1
111164095920889813531	0	1
110765037159669773691	0	1
108794547410659924647	0	2
101169865857654555922	0	1
112609956355138553458	0	2
102150693225130002912	0	1
109662269900869013381	0	1
114994216108606649534	0	1
110978315648533764743	0	1
103482597835543369404	0	1
104570540770975204467	0	1
101407403057127698020	0	1
114783963660941257693	0	1
110513304172301520239	0	1
101629211371073711149	0	1
101886706065800845176	0	1
100959642594094195765	0	1
116872576248355504859	0	1
102395595309152991665	0	1
109380443971181362791	0	1
109895887909967698705	0	2
100593774889764346454	0	1
110209787594312878744	0	1
105888615414982242080	0	1
112416140262327925559	0	2
109345865429707844168	0	1
116321314375336897090	0	1
111088960949686598611	0	2
102370347732140106252	0	1
101027357120673263054	0	1
106176762220398854458	0	1
102222722824849858928	0	2
108233028875375016776	0	1
106720944939487995474	0	1
103579304160477212496	0	1
109723709937833717563	0	2
105839398017105551950	0	1
110727249496967897430	0	1
108178180066149902997	0	1
118391958784160529817	0	2
103650341704465638860	0	1
112036164749195069204	0	2
100295373702562394797	0	1
106497949182730964838	0	1
104284466618076664967	0	1
104150339468674665683	0	2
114723964985237592593	0	1
107117483540235115863	0	1
111203177111013925515	0	1
114139598854780441790	0	1
107982618909749811163	0	2
115764703235974885109	0	1
109813896768294978296	0	1
115664435152899158263	0	1
102307008290001893965	0	1
105273428597140573510	0	1
110286587261352351537	0	2
106802987341604892965	0	2
116375213592391711467	0	2
105847419267701979492	0	1
115404182941170857382	0	1
113247423264358423892	0	1
114979733565079457374	0	2
109311740276018716556	0	1
101483533411566453214	0	1
106189723444098348646	0	1
117792189310959289113	0	2
107420422968461975442	0	2
113930222818178989616	0	1
107429025521549453511	0	1
107308976571078250231	0	1
114338217792003600242	0	1
115863474911002159675	0	1
112669442975277292500	0	2
102646278174713579067	0	1
102985952030252222176	0	2
108694322269563399860	0	1
103716847685048716973	0	1
101704103161442695877	0	1
101606040925310416308	0	1
103760237079742609335	0	2
106078945425159812521	0	1
112011605270017123101	0	2
117603418437094018321	0	1
113271696737383211339	0	1
107968787521028284191	0	2
107989370857115020482	0	1
108770025895417156764	0	1
114053103699743693198	0	1
118320665823821681206	0	1
108648718072351487172	0	1
114350634124383031730	0	2
108139015191701664219	0	2
106990629754929211946	0	1
100262595546646927505	0	2
108865224681518296173	0	1
105577936062564395707	0	1
110981030061712822816	0	1
108176814619778619437	0	1
104600296217176278045	0	2
111223345442355298240	0	1
107707592416977920764	0	1
108792139184701213826	0	1
110661387351953042303	0	1
117940797281312243002	0	1
111815222087196377960	0	1
118055335891923950494	0	1
100313449630224835004	0	2
111285782175840598932	0	1
116640923223897011110	0	2
113091098413029716098	0	1
111601729473858041964	0	2
110040001084209829686	0	2
116916940622399669871	0	1
109922076073734754844	0	1
105722278908183791027	0	1
113204619907190737614	0	1
109017328710054242431	0	2
109193674823031718540	0	1
104304812570369572837	0	1
109074857816744029470	0	1
114228869493885222559	0	2
116935304621714844901	0	3
100873628951632372330	0	1
106738570823745562395	0	1
110357001884194145645	0	1
114003666864266270686	0	1
101127849472046131831	0	1
108152252385291870699	0	2
108267657361246882904	0	1
106740675385553738423	0	1
114524640852173748484	0	1
109667384864782087641	0	1
111005666466297482380	0	1
109794669788083578017	0	1
107195785390523141157	0	3
116062862517105973396	0	1
112366735963271550830	0	2
107656134628768818535	0	1
113117251731252114390	0	1
114459654738061491522	0	2
102178700954286324866	0	1
116212742289120186494	0	1
103012564142649561853	0	1
107590607834908463472	0	1
117564596582351536596	0	1
106792232466175283642	0	2
114134834346472219368	0	1
115675748062237570841	0	1
108855200241623204226	0	2
101490250519322292462	0	1
115744399689614835150	0	1
116797487334542171632	0	1
102948679177783493401	0	1
100279438294886290330	0	1
104131145417492243218	0	1
113186623583029971455	0	2
112850950254504072129	0	1
100934380959521245889	0	2
108486058508775411585	0	1
103567675444540504278	0	1
104408971224491390678	0	1
115785601687445616629	0	1
101062235821996561929	0	1
115858612877723984178	0	1
114424163811716070551	0	1
102152774305529158166	0	1
100125012078853567494	0	1
109119015681237256468	0	1
106336287464172898487	0	1
116464344073545994074	0	1
102075502307857613322	0	1
100377536816925183802	0	1
102668364885894493476	0	1
110135934714655831184	0	1
118299105562868232997	0	1
100041310890249910592	0	1
110531791144266584660	0	2
117617463050753227430	0	1
102572320061138442096	0	1
112827453273405701734	0	1
117171737258103261935	0	1
117198237302447279931	0	1
113346801688541032665	0	1
107234826207633309420	0	1
108920368855876462204	0	1
107665939201638457855	0	1
106938519841593324674	0	1
107553987488096350949	0	1
106100296973968329853	0	2
109381089725745119133	0	1
105568760052131786383	0	2
103637153024917466425	0	1
113295592665136557949	0	1
107408720924877751027	0	2
106407963814165910213	0	2
108601020727554262784	0	1
116248523622526229178	0	1
103929740436666277619	0	1
114499032537341401608	0	1
117420368760274729369	0	1
115740425396974668440	0	1
117673062930419636633	0	1
116426599319620195799	0	1
104934675720274942789	0	1
106056812477855110591	0	1
107399939660118023501	0	1
115066534284029624019	0	2
100412924688231832713	0	1
109555919001321700626	0	1
104801768486806000734	0	1
101010433515025028997	0	1
117759233139756138291	0	1
100651621769656849775	0	2
111269553014416120850	0	2
115169704078744705450	0	1
104329051199279597788	0	1
103125735241726262518	0	1
107066609145001672622	0	2
100188557028585168265	0	2
111385154527879695329	0	1
104199015136082090302	0	2
104168966138475388803	0	1
117395266163640325993	0	1
107899346809500297044	0	1
115425017959501168550	0	1
109993735355691141353	0	1
103864158830757222124	0	1
112810965074632510524	0	1
106829982251244280155	0	1
107909926350520444591	0	1
105887798538435693558	0	1
110095183018033797368	0	2
101432770709896418691	0	2
111257156574198767770	0	2
111797789494011250472	0	1
102148902002906233170	0	1
117958363368979774542	0	2
103789015979029553217	0	1
114910561715997013667	0	1
104861455140173164919	0	1
115777169768345614675	0	1
102493891906301577447	0	1
116413044354741091056	0	2
105140389465525161529	0	2
115335950996004437286	0	2
113891423043364949268	0	2
116515627288174691729	0	1
100025536618853941891	0	1
112477381832788364129	0	1
108119194013508077395	0	2
104441415299714065572	0	1
107349300571630381772	0	1
100622502206917250723	0	1
102651830215238007185	0	1
109043804130056015419	0	1
108645589277926899961	0	1
112324817510481880522	0	2
114146479114949843175	0	1
110923967234619920955	0	1
106505577291311813232	0	1
104757485423766041549	0	1
109668771542620903560	0	1
107035720198214616001	0	1
116160612483689327039	0	1
113153259991756394165	0	1
108028643813258312732	0	1
118112472205861065835	0	1
110315521977553596228	0	1
103020087355939742123	0	1
113217646903708244617	0	1
112055336169088405498	0	1
101514107857336767747	0	2
106166434029666510237	0	1
116595083963236962167	0	1
115304232819929344853	0	1
117363884853969096109	0	1
102649900861077325147	0	1
104313782265210957801	0	1
112239927651888558051	0	1
106129703344859067339	0	1
107666903391422351877	0	1
