#node_label	#score	#gender
100994959835228500824	1.0	1
105228570573271854821	1.0	1
106904611441605440459	1.0	1
113107830643862819754	1.0	3
100880675781026264715	1.0	1
104429235482399317006	1.0	1
114722052491677585823	1.0	1
111756027721290565685	1.0	2
115623538065133478117	0.5	2
100750517753263541467	0.5	1
114516047414042281846	0.25	1
107950565829945941142	0.25	2
106002545837976723927	0.25	2
104806679869975916327	0.25	1
100397511207083609950	0.2	2
107345301833335315063	0.2	1
105111274687152087953	0.2	2
116342937492510737097	0.2	3
102142568169419275811	0.2	1
114407290472947588380	0.2	1
110262635231675893592	0.2	2
113881433443048137993	0.2	2
106867699281352191561	0.2	1
109928491957846113803	0.2	1
117352254268069170353	0.2	1
111091089527727420853	0.2	1
116946353365741486225	0.2	2
101652129785704213464	0.2	1
109122539496160679247	0.2	2
111975224012018194892	0.2	2
109177683659525760187	0.2	2
110615203095633370838	0.2	1
100771715351072186974	0.2	1
109904616233131659643	0.2	1
102618047349606277909	0.2	1
106032617394663510746	0.2	1
114147483140782280818	0.2	1
102191075747262958777	0.2	2
113158586769399217075	0.2	1
103957402175604659608	0.2	2
105740657860778555476	0.2	1
108223812814027910697	0.2	2
114476892281222708332	0.2	1
105237212888595777019	0.2	1
106883640512515214820	0.2	1
100518419853963396365	0.2	2
104405539079062799451	0.2	1
118249005460047214792	0.2	1
101035196437264488455	0.2	1
103775848486386704264	0.2	1
118112346708818508960	0.2	1
101500135264222614722	0.2	1
102247033951178937283	0.2	1
102826652809724883705	0.2	1
106426202053867191814	0.2	1
115103513800246528527	0.2	1
111453662028603431666	0.2	1
104495868343034960513	0.2	1
114559845119114226260	0.2	1
100982727274057536112	0.2	1
116761784986758593534	0.2	2
106992323093389636048	0.2	1
105001226804902733960	0.2	2
104577357381178665210	0.2	2
102744038083306590292	0.2	1
117691391504351341685	0.2	1
115253927511928365244	0.2	1
103616329388535190775	0.2	1
103333429938529668020	0.2	1
106712775403538194380	0.2	2
115121555137256496805	0.2	1
107126665887970596868	0.2	2
105595823502776413734	0.2	1
105160956312047610483	0.2	2
110108003269282467898	0.2	2
118301801570268856235	0.2	1
105454063295212872036	0.2	2
111716948575577959969	0.2	1
116071275946594200077	0.2	2
103069435655954575455	0.2	1
106880480181714471065	0.2	1
110538901086027880345	0.2	1
104147032621576433590	0.2	2
105128764521029021821	0.2	1
102673084573832231705	0.2	2
115403856867272859027	0.2	1
115833799947346136909	0.2	1
105357665976343004846	0.2	1
113395557724528060936	0.2	1
113903017147723374854	0.2	1
114512690910662161820	0.2	1
111171416539633276676	0.2	1
108937624422029951341	0.2	2
108131446424328262298	0.2	2
103251633033550231172	0.2	1
102991058418888569432	0.2	1
113586047787146326161	0.2	1
101443464480972432094	0.2	2
110777890106789558675	0.2	2
116636556960325303203	0.2	1
103294541718242116541	0.2	1
107753428759636856492	0.16666666666666666	1
105248484118148978714	0.16666666666666666	1
110369551942437806053	0.16666666666666666	1
113902149468886573673	0.16666666666666666	1
101256198205956792432	0.16666666666666666	1
115655034901162574758	0.16666666666666666	2
112710501221399450850	0.16666666666666666	1
112844561713780016118	0.16666666666666666	1
108059282362217955561	0.16666666666666666	1
102384669117825357195	0.16666666666666666	2
107586850351692018634	0.16666666666666666	2
104364058018116761460	0.16666666666666666	1
115115161887111700191	0.16666666666666666	1
115890818529847454494	0.16666666666666666	1
109392880897796325929	0.16666666666666666	1
111480413428119678209	0.16666666666666666	1
101404034093270732540	0.16666666666666666	1
117287523098373414196	0.16666666666666666	2
103691312271671214670	0.16666666666666666	1
115459243651688775505	0.16666666666666666	1
115053975672650597157	0.16666666666666666	2
101962036544079997902	0.16666666666666666	2
113148105928081994405	0.16666666666666666	2
105076678694475690385	0.16666666666666666	1
116579818487316777944	0.16666666666666666	2
100612175927429294541	0.16666666666666666	1
101261243957067319422	0.16666666666666666	1
111299594167177765377	0.16666666666666666	1
100834378485895409468	0.16666666666666666	2
115919766952475225499	0.16666666666666666	1
103885278007648446386	0.16666666666666666	1
114092052797730247075	0.16666666666666666	1
105845861210914905032	0.16666666666666666	1
109240518087311726880	0.16666666666666666	1
114202150062599138446	0.16666666666666666	2
116609148838132571735	0.16666666666666666	2
101115270922615903536	0.16666666666666666	1
110782237476873083485	0.16666666666666666	1
110318982509514011806	0.16666666666666666	1
113116318008017777871	0.16666666666666666	1
113364856660738963998	0.16666666666666666	1
117807373507435100906	0.16666666666666666	1
100969654146149509388	0.16666666666666666	2
115109077044202722504	0.16666666666666666	1
106096957694385885466	0.16666666666666666	1
113612142759476883204	0.16666666666666666	2
106495343516846514417	0.16666666666666666	2
103008963082975341976	0.16666666666666666	1
109938202835872364257	0.16666666666666666	1
103171849011748425097	0.16666666666666666	1
117421021456205115327	0.16666666666666666	3
116594199576805510790	0.16666666666666666	1
108215644829092784557	0.16666666666666666	1
109899289749426927448	0.16666666666666666	1
114882176689398353065	0.16666666666666666	2
110556772494804817339	0.16666666666666666	1
112374836634096795698	0.16666666666666666	1
105216491640488683417	0.16666666666666666	2
117840649766034848455	0.16666666666666666	1
105692217042145120252	0.16666666666666666	2
108542426628002931624	0.16666666666666666	1
101164950431127107614	0.16666666666666666	1
109046012710650953201	0.16666666666666666	1
111189191413904586130	0.16666666666666666	2
117236733857432356685	0.16666666666666666	2
118193701667841337088	0.16666666666666666	1
101536949336909305178	0.16666666666666666	1
113330053950020592701	0.16666666666666666	1
105373589191095322547	0.16666666666666666	2
104794733870058284465	0.16666666666666666	1
116683008762589784507	0.16666666666666666	1
114224073212879076999	0.16666666666666666	1
100566894659845026162	0.16666666666666666	2
101384112455887732241	0.16666666666666666	1
111666959095947698908	0.16666666666666666	1
106244331832224111960	0.16666666666666666	2
107322407858648312479	0.16666666666666666	1
102742333797709782764	0.16666666666666666	1
101849747879612982297	0.16666666666666666	3
101163289899816448462	0.16666666666666666	2
106257437186088234548	0.16666666666666666	1
108901237855028365685	0.16666666666666666	2
117818363829980497205	0.16666666666666666	1
105362396286763527156	0.16666666666666666	2
112053177074571305383	0.16666666666666666	1
117979206306238107790	0.16666666666666666	2
113813534502443050477	0.16666666666666666	1
106488284533523054088	0.16666666666666666	1
104798163388632812634	0.16666666666666666	1
103883629881537445469	0.16666666666666666	1
107602882044753150398	0.16666666666666666	2
116214152295449083654	0.16666666666666666	1
101512816846466120723	0.16666666666666666	2
112900757733721136123	0.16666666666666666	1
105256156026694816333	0.16666666666666666	1
116319627715742877481	0.16666666666666666	1
108859646481208925599	0.16666666666666666	1
111119326048543552963	0.16666666666666666	1
111961226082405658644	0.16666666666666666	1
107469895927414342167	0.16666666666666666	1
105776498284651013932	0.16666666666666666	1
109631753156353457791	0.16666666666666666	2
112339769006469685593	0.16666666666666666	1
103493459351957813291	0.16666666666666666	2
108044173804509215407	0.16666666666666666	1
105847450608950684606	0.16666666666666666	2
106568168177673146450	0.16666666666666666	1
116811352610210135232	0.16666666666666666	1
101667954274045755112	0.16666666666666666	1
108480231874301910354	0.16666666666666666	1
113238422455846169595	0.16666666666666666	2
104663839368668178204	0.16666666666666666	1
105741105528282352699	0.16666666666666666	1
110321775511217120259	0.16666666666666666	1
109422922011939952614	0.16666666666666666	2
114199219545463600767	0.16666666666666666	2
113127671633590034991	0.16666666666666666	2
102583012763149422335	0.16666666666666666	1
113660720728875392533	0.16666666666666666	1
108872243576352630928	0.16666666666666666	1
116381080884251860963	0.16666666666666666	1
104070370036502912030	0.16666666666666666	1
116143340835822342380	0.16666666666666666	1
101711962776988264746	0.16666666666666666	1
103740436504596047380	0.16666666666666666	1
111949424782821358795	0.16666666666666666	1
103239655111676058756	0.16666666666666666	1
101127105424399401348	0.16666666666666666	2
113229432757457375709	0.16666666666666666	2
100871232248276491534	0.16666666666666666	1
107006572573108825996	0.16666666666666666	1
116250009958844646720	0.16666666666666666	1
118395697585243587039	0.16666666666666666	1
113586567516084008409	0.16666666666666666	1
110260799123621709651	0.16666666666666666	1
116051694432253729709	0.16666666666666666	1
112994185962569730636	0.16666666666666666	1
116419198396200425805	0.16666666666666666	1
116323284604188676212	0.16666666666666666	2
116733326109275029718	0.16666666666666666	1
104668334905772892105	0.16666666666666666	1
109140277806644720261	0.16666666666666666	1
108864168122136163601	0.16666666666666666	2
101534430564078357115	0.16666666666666666	1
112682658471407165205	0.16666666666666666	1
113619286206637523955	0.16666666666666666	1
115017401467423642930	0.16666666666666666	1
109576605314305575734	0.16666666666666666	1
101961709182379654093	0.16666666666666666	1
108521360855837699810	0.16666666666666666	1
105732380067616322096	0.16666666666666666	1
113814416929914847526	0.16666666666666666	1
100320003340353641654	0.16666666666666666	1
114456264059606822176	0.16666666666666666	1
107048171099175859014	0.16666666666666666	1
100414036831940644300	0.16666666666666666	1
107459724193454016289	0.16666666666666666	1
101879488263118139210	0.16666666666666666	1
105666854270617137757	0.16666666666666666	1
104550678234629742078	0.14285714285714285	1
111547451835260868440	0.14285714285714285	1
114441347023743152293	0.14285714285714285	1
107289961585411779306	0.14285714285714285	1
102048265612444661933	0.14285714285714285	1
104633842559438945596	0.14285714285714285	1
112533224021155310604	0.14285714285714285	1
115711522874757126523	0.14285714285714285	1
108255750659110762991	0.14285714285714285	1
114091091770365578307	0.14285714285714285	1
100735668651522313720	0.14285714285714285	1
101635807197902743263	0.14285714285714285	2
113337466778914950219	0.14285714285714285	1
116269625715795017464	0.14285714285714285	2
107631454173293562426	0.14285714285714285	1
105141198505516441273	0.14285714285714285	2
115104735933734044943	0.14285714285714285	2
111482286632932824173	0.14285714285714285	2
100931822668759443720	0.14285714285714285	1
115355509510896551361	0.14285714285714285	1
103284476248490587933	0.14285714285714285	2
100817211548713875249	0.14285714285714285	1
117373932216938226302	0.14285714285714285	1
101147288120017817122	0.14285714285714285	2
117552800806360449251	0.14285714285714285	1
118432090957108107935	0.14285714285714285	1
116694423308692961138	0.14285714285714285	1
117137862810601756162	0.14285714285714285	1
104933862580140137487	0.14285714285714285	1
109017516717961242003	0.14285714285714285	2
101744356052507285357	0.125	1
117935797319364093334	0.125	2
112745347790923628984	0.125	2
103306940731686745792	0.125	1
117198316664830078863	0	2
101481429081175146977	0	1
107693201916468802749	0	2
104929895883956247417	0	1
109074857816744029470	0	1
107117483540235115863	0	1
110459739605591286046	0	2
109412257237874861202	0	1
114618043230336563405	0	2
102171675631622616190	0	2
112063946124358686266	0	1
115695578304416858659	0	2
114153859732710523651	0	2
106176762220398854458	0	1
118239708588385194858	0	2
118320665823821681206	0	1
110023904208758175742	0	1
102407528040831558639	0	1
109956617073328884625	0	2
115404182941170857382	0	1
102976465024742837897	0	2
108159551615224338529	0	2
103765013042311928518	0	2
112109629413364855855	0	1
107234826207633309420	0	1
109813896768294978296	0	1
114536133164105123829	0	2
108152252385291870699	0	2
105119763784866168573	0	2
110738178351405818606	0	2
103095786308890475164	0	2
109895887909967698705	0	2
108112557629934458248	0	2
106189723444098348646	0	1
100523784851251213675	0	1
104522833443181754677	0	2
115614791007645952267	0	2
107590607834908463472	0	1
107982618909749811163	0	2
109533441517984298838	0	2
107991277891615629208	0	1
116354326277822099288	0	1
113117251731252114390	0	1
115121110877145330939	0	2
111257907124262960148	0	1
113104553286769158393	0	1
111658704299574083731	0	1
117362177282595168386	0	1
109801998543492604722	0	2
102239645172983099492	0	1
102755548808767411605	0	2
112507990251148189537	0	2
110149804655622279740	0	2
103282208979302705273	0	2
116640923223897011110	0	2
107490600889040777735	0	2
116154269478833904015	0	1
111586248332282735415	0	1
109985257871985876951	0	1
104096937985518245605	0	1
104028329852681318179	0	2
112213379262469194919	0	1
114907254818162267650	0	2
117200102155645191486	0	2
106990629754929211946	0	1
114310432035877573700	0	1
117603418437094018321	0	1
116222833568410151476	0	1
112671613807103204042	0	2
113683207338912869760	0	1
103604193838758665134	0	1
102137982771572175295	0	2
111112297042090413630	0	1
108312944398165015025	0	1
114330674492518947055	0	2
103614891582957065589	0	1
110569335091584795157	0	1
101360588077358765523	0	1
104109881446393419681	0	1
113096993341203159664	0	2
112561860864020930009	0	2
112649670564048859674	0	1
110983216869631462009	0	2
101016488549547001886	0	1
115659112337115540394	0	2
114112791208869185599	0	1
100091126610411008053	0	1
116937581022538783895	0	1
100048100630151349283	0	2
102573229848208163108	0	1
110421807101712244643	0	2
104234466191512918471	0	1
110064570672000384617	0	1
114165006558037767357	0	1
105783196105375705548	0	1
108694322269563399860	0	1
114018955822485754828	0	1
117341707474372920628	0	1
102010353130079040444	0	1
104119324947337436102	0	1
104328553869453938019	0	2
117749865363674826272	0	2
102776988469612294320	0	2
107628332219783921835	0	2
100968542553962717324	0	1
107226275692313566931	0	2
112130961481629219718	0	2
104487223275138277820	0	1
109552601721259087926	0	1
112112752917077651788	0	1
117144151300189136236	0	1
103536862261891550280	0	1
111246222621577046613	0	2
100502770020470411205	0	1
110156725901074535078	0	1
117614470593378431513	0	2
101156898776612393964	0	1
108004465885047715848	0	1
110807030012436785983	0	2
108643219802669963068	0	1
101788203150382153861	0	2
108834748677073100138	0	2
108091327114614335688	0	2
111731578349856195951	0	1
107784341204503092865	0	1
111700723318670138050	0	1
112787861052425659995	0	1
108396814228900850040	0	1
109205403461695195196	0	2
116875895747133156286	0	2
116918406797649901878	0	1
106587608399853901587	0	2
107043559343300052605	0	2
100728146466993796729	0	1
109590423597896078382	0	1
108574986703433913063	0	3
105224804026588644838	0	1
100161556880481414885	0	2
114527718402660307427	0	1
114919439307131303528	0	2
104404616667319908681	0	1
102875384067986786627	0	2
108799184931623330498	0	1
115602761642337790256	0	2
105040240532474073302	0	2
105218116932158861901	0	1
100277428934860974965	0	2
116942397717536105883	0	1
117668285776179734707	0	1
106607315761479928197	0	2
107149171458182879545	0	1
108544008482166257714	0	2
117014394994503919496	0	1
112539429469437111274	0	1
111086580172523212828	0	1
109097551004696462349	0	1
114595268789077776602	0	2
115315050327674127499	0	2
101933124279842732484	0	2
108016343392634120881	0	2
107624717549025361680	0	1
116038518749223120740	0	1
100191456569056904915	0	2
102488572435420653490	0	3
110181681743592708652	0	1
103551294686462547168	0	1
101685509759858308628	0	1
107373938172734141114	0	1
107701360244296889178	0	2
110573017971856600642	0	1
106244524312187856998	0	1
109757012881899722898	0	2
111901107168725554670	0	1
117241375274163541287	0	2
104119031250310240720	0	1
100898017028762485460	0	3
