#node_label	#score	#gender
101940753538647020405	1.0	1
116792953962445337353	1.0	2
105901396167246462687	1.0	1
118389924513889227589	1.0	2
113134124755005963558	1.0	1
104266663217940303338	1.0	1
112385544389011501590	1.0	1
109271412403354780791	1.0	1
111159786976627767791	1.0	1
116525969499682780878	1.0	1
106351382357540488501	1.0	2
109819738018525494560	1.0	1
104757586576357952461	1.0	1
105860258070492814271	1.0	1
107815115336145573002	1.0	1
111571761775119883000	1.0	1
109100757841452014647	1.0	2
100927935758444347943	1.0	2
107398174565277740456	1.0	1
110566927219358206399	1.0	1
104923849537923898686	1.0	2
111841376262612836265	1.0	1
111134888542608510533	0.5	2
108134280639838179962	0.5	1
101219011473929582951	0.25	1
106991151617762959435	0.25	2
105683277396811922238	0.25	1
105833178155049686572	0.25	1
107308460013033893888	0.25	1
115876747286152918130	0.25	2
109080723668547114837	0.2	1
108397294034481595594	0.2	1
101640695827845658690	0.2	1
104931142412008266893	0.2	1
112931539494181042672	0.2	2
113603343041402440854	0.2	1
107546877391531381536	0.2	1
112379747871286664170	0.2	2
118272963320742298723	0.2	2
104602860284118862026	0.2	1
115585398292418640701	0.2	1
107635094329792651474	0.2	2
106480132762022129676	0.2	2
100443742209024979225	0.2	2
116512710128929868475	0.2	2
110985702142272953386	0.2	1
117262454247433820498	0.2	1
101378754357079914665	0.2	1
110351006045593232796	0.2	1
115932716385396483354	0.2	2
103274064524957433652	0.2	1
114855998036632311759	0.2	2
118301801570268856235	0.2	1
109359061488463034733	0.2	2
108133989305617114507	0.2	1
103197489440932684008	0.2	1
105502506545735279423	0.2	2
101952976429462756517	0.2	1
109736705930172082605	0.2	2
107396241442191327319	0.2	2
103251633033550231172	0.2	1
105937033414581870773	0.2	1
100570943621691880802	0.2	1
106420653941281751007	0.2	2
104038129219628500991	0.2	1
107889816939032412666	0.2	1
116071275946594200077	0.2	2
101793532287583914396	0.2	1
107640279749845902491	0.2	1
106790394183446968954	0.2	1
112696040957795558674	0.2	1
109083312137524132727	0.2	2
112104019710863190872	0.2	2
110404902994335579225	0.2	1
102170431816592344972	0.2	1
108208027022579038018	0.2	1
115422160411497346366	0.2	2
110741625355731730721	0.2	1
105028405530553879642	0.2	1
102645204215549659944	0.2	3
117167807905512758321	0.2	1
106393478695568433143	0.2	1
104167754717321456393	0.2	2
116267384604818495277	0.2	1
108526290081690317647	0.2	2
100020886483236628605	0.2	1
101386134866913345039	0.2	1
118184632814598631216	0.2	2
111486734673758856611	0.2	3
108156462932120603294	0.2	1
113511279752012786991	0.2	1
109637396485826202470	0.2	2
102476083858002705976	0.2	1
109001516209623220025	0.2	3
101536109537442359228	0.2	2
109177683659525760187	0.2	2
115133876689083080610	0.2	1
108073434654532371041	0.2	1
112922373559516660837	0.2	1
104811448901887810876	0.2	2
102888009413060300017	0.2	2
105504200172879010806	0.2	1
113801321038842101898	0.2	2
107811501771685140323	0.2	1
103046039519355433778	0.2	1
108801899952694316017	0.2	1
113406267607197102154	0.2	1
106255037188115607904	0.2	1
115423650376263498016	0.2	1
108447039773039786532	0.2	1
106795636907242781617	0.2	2
105314208614211769099	0.2	2
114924205158387502434	0.2	1
112936634323714765964	0.2	1
107939049727120143765	0.2	2
105127512632255334472	0.2	1
110165347477692441456	0.2	3
106486933038664842533	0.2	1
116482001661226769314	0.2	1
103962142072820295736	0.2	2
101840417390803583215	0.2	2
113885756225716656485	0.2	2
111266641133342701115	0.2	2
117134203809928335453	0.2	2
114630301405242981651	0.2	1
111635150542674847021	0.2	1
111058843129764709244	0.2	1
113983863075069397753	0.2	1
100146646232137568790	0.2	1
101010252943098026073	0.2	1
112110858722565266390	0.2	1
101584477573242727874	0.2	2
110088483584522702733	0.2	2
107111297336598106204	0.2	1
118399959266385734656	0.2	2
102366991977851749675	0.2	1
118307624008421438819	0.2	1
105922903554346477204	0.2	1
108285092340043035958	0.2	1
105479418139045925575	0.2	2
113399785752705562903	0.2	1
116781687747998981985	0.2	1
108560036733251127991	0.2	2
111872227454610057635	0.2	3
102977367737723939696	0.2	1
115151654784830359833	0.2	1
117716997632526602461	0.2	2
100583643768601491449	0.2	1
101756995898929857907	0.2	2
105033454899223670149	0.2	2
105854477836714634695	0.2	1
102085123773819438237	0.2	1
111366164936189851916	0.2	1
115708852254171885371	0.2	2
116309790699277977438	0.2	2
103984595971776502972	0.2	1
108887810032537376918	0.2	1
102914839389900343458	0.2	2
118212287532576682853	0.2	1
101381148878187968086	0.2	2
103376716412872136508	0.2	2
114272582132948921800	0.2	2
116654976931607950493	0.2	2
117904789462677232910	0.2	1
107381073695757434347	0.2	1
113180375618328351247	0.2	2
102778563580121606331	0.2	1
114769225877808145966	0.2	2
104811821356250112595	0.2	1
106291826191903119659	0.2	1
106638938103369668939	0.2	2
107403602702342125509	0.2	1
107642410502369093340	0.2	2
108587324540492658549	0.2	1
113292041354264285034	0.2	1
103072738433357468653	0.2	1
100186938589206311054	0.2	1
103797883802077039230	0.2	2
110971719334482983332	0.2	1
108391549497415403547	0.2	1
107148797305183207354	0.2	2
117215940402236438378	0.2	2
112682431494506131694	0.2	1
102789401378975740824	0.2	1
110877657069053424190	0.2	1
111925802087694731213	0.2	1
111996767480396121640	0.2	1
108684873053779023051	0.2	2
109368654259427988906	0.2	2
110143456285909533075	0.2	2
114140569362994473648	0.2	1
116654096266355501130	0.2	1
105360886504399318117	0.2	1
104757860243835583747	0.2	1
108746127713947018712	0.2	1
104373181539346226769	0.2	1
110724184089143607998	0.2	1
105733852373702763877	0.2	2
116014853690237520142	0.2	2
103262839833761688122	0.2	1
102518365620075109973	0.2	1
114891350988674219306	0.2	2
106322465979385944906	0.2	3
100463344564987045291	0.2	1
104869249676181413846	0.2	1
110731398130824621953	0.2	1
105130868495263765810	0.2	1
110097167949323324728	0.2	2
104917160754181459072	0.2	2
106317629275663311597	0.2	2
102634830382534419298	0.2	1
103697912043600385604	0.2	1
101240367938746431069	0.2	1
103460569489458223929	0.2	1
105727496180604394878	0.2	2
110886445140146737204	0.2	1
117029209818135564846	0.2	1
116540879323907775270	0.2	1
106938043636344535982	0.2	1
111162211978765064881	0.2	1
108574616379194203888	0.2	1
104036446688954834682	0.2	1
115493843986611547716	0.2	2
117174193243418253301	0.2	2
117233693370052223917	0.2	2
103250644495668054075	0.2	1
106481383735447072063	0.2	2
104916788950283473282	0.2	1
117597061540365781107	0.2	1
113595222283758903426	0.2	2
103146508367991754238	0.2	2
101455887509686142311	0.2	1
105335266115462753442	0.2	1
113110668564542918196	0.2	1
106159284980179774812	0.2	2
107362240137286083651	0.2	1
104532987757597154627	0.2	2
104149775056400916098	0.2	2
115578224090485355580	0.2	1
105144963864645396987	0.2	2
108232087891063233826	0.2	1
116097255618551573852	0.2	2
102954281309133946150	0.2	2
110888381085402963509	0.2	2
111430273690300705185	0.2	2
100962871525684315897	0.2	1
117143480981443251604	0.2	1
113977564565884412904	0.2	1
117484100225055812490	0.2	1
111547769199700711802	0.2	2
118131940595788399777	0.2	2
113227530242560399941	0.2	2
116160910370482033620	0.2	1
106197042495102363661	0.2	2
114588556481415684871	0.2	1
117567970846938402069	0.2	1
101299505681244238440	0.2	2
100355839226351267414	0.2	2
117111813444797902950	0.2	1
109640463918490399411	0.2	2
116174001820711951034	0.2	1
104411685977685988127	0.2	2
113304115980006465130	0.2	1
111091089527727420853	0.16666666666666666	1
110815775634722415583	0.16666666666666666	2
112218148426737952973	0.16666666666666666	1
103591981774863558651	0.16666666666666666	1
107656997874085008632	0.16666666666666666	1
113142409057662266785	0.16666666666666666	1
110538901086027880345	0.16666666666666666	1
117762029163958807280	0.16666666666666666	1
105822688186016123722	0.16666666666666666	2
115121555137256496805	0.16666666666666666	1
110910643712601990679	0.16666666666666666	2
114723414226591671016	0.16666666666666666	2
117691391504351341685	0.16666666666666666	1
114608429907324794845	0.16666666666666666	1
108373054660269328912	0.16666666666666666	1
117366513286775122685	0.16666666666666666	2
113116318008017777871	0.16666666666666666	1
109273774327529684511	0.16666666666666666	2
107324497112011233549	0.16666666666666666	1
114428139379652647623	0.16666666666666666	1
101461006092806930834	0.16666666666666666	2
111594233816195949839	0.16666666666666666	1
105237212888595777019	0.16666666666666666	1
101339309830772218449	0.16666666666666666	2
102536973315470425722	0.16666666666666666	2
112534541074220758129	0.16666666666666666	2
104577357381178665210	0.16666666666666666	2
108859426566272871926	0.16666666666666666	2
108941983487083451766	0.16666666666666666	1
110869405582546410380	0.16666666666666666	2
105549450183327255594	0.16666666666666666	2
114274687956791581923	0.16666666666666666	2
105456973086857698657	0.16666666666666666	2
101517906962832123340	0.16666666666666666	1
108021646260607117368	0.16666666666666666	2
104900809405258290635	0.16666666666666666	2
113582399739937443395	0.16666666666666666	1
110196408714194982641	0.16666666666666666	1
101819952294793823921	0.16666666666666666	1
100974258168375166691	0.16666666666666666	2
115687178185726009185	0.16666666666666666	1
105459002114714197672	0.16666666666666666	1
107734813591478250308	0.16666666666666666	1
100950274366779147873	0.16666666666666666	1
110252498574968004931	0.16666666666666666	2
101835000681552189605	0.16666666666666666	1
106952974709619007593	0.16666666666666666	1
115594823959230554551	0.16666666666666666	1
107534991451098430533	0.16666666666666666	1
115655034901162574758	0.16666666666666666	2
105886153588145880378	0.16666666666666666	1
104522619779599535996	0.16666666666666666	2
107227275967226216679	0.16666666666666666	2
110418686420481930075	0.16666666666666666	1
108715449447485632815	0.16666666666666666	1
105076678694475690385	0.16666666666666666	1
108161427707267075271	0.16666666666666666	1
107242962865977401772	0.16666666666666666	1
114984746606063317366	0.16666666666666666	2
103700409466770985134	0.16666666666666666	1
107443032906977975594	0.16666666666666666	1
107118099317082689657	0.16666666666666666	2
113585342439846318946	0.16666666666666666	1
116905863525318361853	0.16666666666666666	2
101465854435804471513	0.16666666666666666	1
110099263907173935524	0.16666666666666666	2
104717128031475975329	0.16666666666666666	2
103128232230617819686	0.16666666666666666	1
114046998698228319586	0.16666666666666666	1
114923843406792613312	0.16666666666666666	1
105714039375338797059	0.16666666666666666	1
112374836634096795698	0.16666666666666666	1
103410677813898718894	0.16666666666666666	1
114463636972555173007	0.16666666666666666	1
111466965498558889854	0.16666666666666666	2
102240084090039485677	0.16666666666666666	2
100521671383026672718	0.16666666666666666	2
100367144709105316901	0.16666666666666666	2
108036524642681228628	0.16666666666666666	1
107069204019068711236	0.16666666666666666	1
102512511524078332790	0.16666666666666666	2
102460637835826609177	0.16666666666666666	2
117194815023334930141	0.16666666666666666	1
108581371748491713295	0.16666666666666666	1
103299827374446081781	0.16666666666666666	2
116665417191671711571	0.16666666666666666	1
113980341414867722566	0.16666666666666666	1
102337712650890824703	0.16666666666666666	1
101170454445449447714	0.16666666666666666	1
117794877749802551429	0.16666666666666666	1
115051521503515650707	0.16666666666666666	1
109418266233160755286	0.16666666666666666	1
104667904157447809352	0.16666666666666666	1
109657218071449628400	0.16666666666666666	2
115162650407661597746	0.16666666666666666	2
102354647357199026096	0.16666666666666666	2
108952536790629690817	0.16666666666666666	1
100636618833419542499	0.16666666666666666	2
117889017013505790591	0.16666666666666666	2
110809308822849680310	0.16666666666666666	2
106955175674471221909	0.16666666666666666	1
106880480181714471065	0.16666666666666666	1
105645854458683725897	0.16666666666666666	1
101730662154397767770	0.16666666666666666	2
110162048138396988611	0.16666666666666666	1
108563180110974624309	0.16666666666666666	1
116508845593350016447	0.16666666666666666	1
117794951937162933947	0.16666666666666666	1
117744943487664752728	0.16666666666666666	1
116238258810983673701	0.16666666666666666	3
114233674199568482864	0.16666666666666666	1
107485501832537145445	0.16666666666666666	2
114978101753117234307	0.16666666666666666	1
112607442038960984303	0.16666666666666666	1
105442417907142774761	0.16666666666666666	1
100718943489034479467	0.16666666666666666	1
110779084562966023180	0.16666666666666666	1
103900810161918675722	0.16666666666666666	1
101527334949931513035	0.16666666666666666	2
110726144371340816645	0.16666666666666666	1
115999973095657445470	0.16666666666666666	1
104867793477294969182	0.16666666666666666	1
101123260800073378497	0.16666666666666666	2
103300053133396332441	0.16666666666666666	2
115041553500313669118	0.16666666666666666	1
116939008481030898689	0.16666666666666666	1
115831839791599053340	0.16666666666666666	1
112439406373153649776	0.16666666666666666	1
118302380096094683854	0.16666666666666666	3
100297837446701980663	0.16666666666666666	1
102563035692347750787	0.16666666666666666	2
104315334649820883128	0.16666666666666666	1
104601133169121559154	0.16666666666666666	1
111765729905773219386	0.16666666666666666	1
117708364712391707370	0.16666666666666666	1
117699960365027719391	0.16666666666666666	1
112680567907348016804	0.16666666666666666	1
111402735079180150346	0.16666666666666666	1
103073937627835483997	0.16666666666666666	1
100052640628125336739	0.16666666666666666	2
113952865513338130310	0.16666666666666666	1
111605929875387123254	0.16666666666666666	2
101904452574514921299	0.16666666666666666	1
103172241045464187526	0.16666666666666666	1
111080527751744452705	0.16666666666666666	1
101601325735806637623	0.16666666666666666	1
111499908439497508351	0.14285714285714285	1
115723497250720724489	0.14285714285714285	2
105207689891479566260	0.14285714285714285	1
101849747879612982297	0.14285714285714285	3
113464984178845745585	0.14285714285714285	2
110318982509514011806	0.14285714285714285	1
102216887206636463918	0.14285714285714285	1
102774783758711593873	0.14285714285714285	2
102940125102204708996	0.14285714285714285	1
109129654499278135352	0.14285714285714285	1
116416314233992548280	0.14285714285714285	1
116657988252926468304	0.14285714285714285	2
108890400948483542545	0.14285714285714285	1
100512649718649402368	0.14285714285714285	1
104390009053213696204	0.14285714285714285	1
112710501221399450850	0.14285714285714285	1
107469895927414342167	0.14285714285714285	1
104443212501551648714	0.14285714285714285	1
105680367114059088131	0.14285714285714285	1
100940716892313727285	0.14285714285714285	1
107054398730220626019	0.14285714285714285	1
118122556596388698587	0.14285714285714285	2
101972448092155753203	0.14285714285714285	2
113164038788726940319	0.14285714285714285	1
109116438871355814958	0.14285714285714285	1
100300281975626912157	0.14285714285714285	1
103710854850950948664	0.14285714285714285	1
117818363829980497205	0.14285714285714285	1
109610954243983229925	0.14285714285714285	3
101703900497034523246	0.14285714285714285	2
105473622219622697310	0.14285714285714285	2
115514581094340921816	0.14285714285714285	1
102507521670419138645	0.14285714285714285	1
100535338638690515335	0.14285714285714285	1
100834378485895409468	0.14285714285714285	2
103907806627406122152	0.14285714285714285	3
113364856660738963998	0.14285714285714285	1
107184509883652269613	0.14285714285714285	1
117000174975734429056	0.14285714285714285	1
109964383582532868438	0.14285714285714285	1
107699711897781234810	0.14285714285714285	1
104920681481055700382	0.14285714285714285	1
111181389036901378787	0.14285714285714285	2
111996409013825587891	0.14285714285714285	1
100655691978877752465	0.14285714285714285	2
105910977869522122580	0.14285714285714285	1
105707669582831172745	0.14285714285714285	2
110321775511217120259	0.14285714285714285	1
104687253206913757824	0.14285714285714285	1
118265897954929480050	0.14285714285714285	1
100805028623614724132	0.14285714285714285	1
115711522874757126523	0.14285714285714285	1
113146575026545097783	0.14285714285714285	1
101984790166572778922	0.14285714285714285	1
105567850045961589845	0.14285714285714285	1
101994363144373671664	0.14285714285714285	1
106113258220807902515	0.14285714285714285	1
114314193104637668976	0.14285714285714285	1
109730007124164312806	0.14285714285714285	1
117467740451002982032	0.14285714285714285	1
114646737436134057039	0.14285714285714285	1
102880704819923280576	0.125	1
114055975301837030490	0.125	2
111431694377519332046	0.125	1
107531155995244310236	0.125	2
114592120356182607081	0.125	1
116269625715795017464	0.125	2
101831707056077886770	0.125	1
108255750659110762991	0.125	1
103353773330515412495	0.125	1
114666593624021671183	0.125	1
100679371127397318433	0.125	1
110513645021680506816	0.125	1
110936832771308335298	0.125	1
107005460230128313063	0.125	1
112669005199449552516	0.1111111111111111	1
114318197127028344684	0	1
100889510556913995048	0	1
116918580596891691114	0	1
112433541911225543410	0	1
103233967921245494760	0	2
116182046833529036082	0	1
113464569897311842405	0	1
106189723444098348646	0	1
100273157011240146568	0	3
110184601706552150593	0	1
112472063587247013272	0	1
100755998269751307297	0	2
102604554618567108175	0	1
103287250917855913198	0	1
107117483540235115863	0	1
112752392655402564129	0	1
105187902790782946760	0	1
102227800261183349957	0	1
110160017787625765352	0	1
109830558164732334015	0	1
101913452965238747261	0	2
109412257237874861202	0	1
103453206055647001440	0	1
101404928335199641114	0	1
109139639454066616071	0	2
104570711580136846518	0	1
111361201906254029328	0	1
104849265443273982798	0	1
117283174365630308265	0	1
111166154360651607868	0	2
113391394505904411092	0	1
113078788648919261909	0	2
101856118924648953200	0	1
107391155695258540903	0	1
106714664476207329610	0	1
100498072915667518572	0	2
100343334413948485573	0	3
110021329682578184313	0	1
103554066205230338888	0	2
107771181372242547518	0	1
103637153024917466425	0	1
105456308449260681402	0	1
109017328710054242431	0	2
103061432975121007243	0	1
100679131071077043250	0	1
101660858886010338254	0	1
103097764320602190090	0	1
106340197351461860820	0	2
102656980175402722450	0	1
108551811075711499995	0	1
100776701510081034278	0	1
108563885785257287698	0	1
111597089830878474027	0	2
107653612581075530674	0	1
101543670415067571902	0	1
101629211371073711149	0	1
105015770064067712232	0	1
111815492406085048076	0	2
116759124436723606036	0	1
112042761169587640425	0	1
103043630316201926210	0	1
104192008501436536872	0	1
101653756479442099558	0	1
115366624923467413091	0	1
106506966828595242496	0	1
108514823424774616867	0	1
102467684150504816942	0	2
116418355318164320825	0	1
112063946124358686266	0	1
104250130116253463837	0	1
103765013042311928518	0	2
108901669396237599204	0	1
102365188638805021921	0	1
109667384864782087641	0	1
106779512870994415471	0	1
117186458716523937136	0	1
111101593428695421603	0	1
106927703290536139147	0	1
109074857816744029470	0	1
103897220774015362696	0	2
107264515902167457136	0	1
106086121009771648314	0	1
110286587261352351537	0	2
107742068186422614716	0	2
110398494822624962970	0	1
116052723950277331168	0	2
115889206001812890432	0	1
109185675918075142270	0	1
114205933974682999829	0	1
113091534148330703857	0	1
108176814619778619437	0	1
112593731401806369448	0	2
114045800510530461940	0	2
109560997737123153381	0	2
103533326117556337218	0	1
114947477492725677113	0	1
109010889495678536605	0	1
115994982948596334892	0	2
104450373734487439917	0	1
113011343505957749444	0	1
106193907543265629876	0	1
117804036587685325842	0	1
108865224681518296173	0	1
117608739020419875973	0	1
114982738852840274633	0	2
114628928130535814690	0	2
112353210404102902472	0	1
110581693083408452344	0	1
104482086818095930400	0	1
111051039748078110427	0	1
108102812889012605081	0	1
103620559297924855944	0	3
110201827593678115885	0	1
108500909069434150838	0	1
103579304160477212496	0	1
109397461154116413309	0	1
116572860966783582399	0	1
113120871704682540523	0	1
105273428597140573510	0	1
103930198651552714815	0	1
114830191140996195398	0	2
111006231187119312507	0	1
106410923972431790652	0	1
106653678649405633861	0	1
118382222849341409443	0	2
111316402965963865582	0	2
102901986135465249019	0	1
109905754411584610340	0	1
104316443417435189825	0	1
102016851383568561562	0	1
116898727891948134879	0	1
107119940474246316259	0	1
109266235545746938935	0	1
101483533411566453214	0	1
118254993345625377660	0	2
114610751804622117115	0	2
106835948809045250521	0	1
113127984001130852454	0	1
116375671194743969652	0	3
110952301528063225908	0	1
104799755657866187134	0	1
115981891654314432186	0	1
112787861052425659995	0	1
116917651221769659524	0	2
101336441946387245415	0	2
107981077806259133968	0	1
109227549998155179171	0	3
108544008482166257714	0	2
117470589447997132376	0	1
116135963476096063106	0	1
118376713757104359544	0	2
114951153220032017716	0	1
113796224480014510335	0	1
104727317885827890336	0	1
104233435224873922474	0	1
117310042965407401917	0	1
111757945498024436996	0	1
106374858242966024813	0	1
114719104604682870594	0	1
100650897904779711816	0	1
115447917419862032391	0	1
109732393861737158427	0	1
107495401691428541405	0	1
113544226688149802325	0	1
103851110234583601095	0	1
114993327346477823088	0	1
114894373995529057283	0	1
109782589378169226299	0	1
113756014567052941747	0	1
107644719153880503929	0	1
101989171644896834606	0	2
109149494504964305881	0	2
106749254706410187997	0	1
105934614806637356393	0	1
117423126592221087041	0	1
117251401224388113104	0	1
103157573831680167910	0	1
108312944398165015025	0	1
112744130427517329492	0	1
116864926888798799836	0	1
116984612302308681106	0	1
113891304560225629299	0	1
113049814348257158907	0	1
115351123265607800199	0	1
109260935346331956486	0	2
103108014711273100895	0	1
105196825912716326473	0	1
108727281091705787742	0	2
109601697177476920659	0	1
101490116200880339677	0	1
109641290533350643200	0	1
108150835875317710924	0	1
109063121480989219685	0	2
118041855017277161063	0	1
115161307562248602647	0	1
112741730280225412411	0	2
110137875491017271312	0	1
109401537651086592907	0	1
107120560603030515132	0	1
107112192270189573201	0	1
116889416072439337908	0	1
107917446076231925165	0	1
104536394250622413759	0	3
109960739367065180670	0	1
113530521408605236047	0	1
117555534080275277693	0	2
112770142454015377896	0	1
106802268415813836064	0	1
107064594431217468323	0	1
104104126393959482852	0	1
102953318769177782098	0	1
107242740621756010218	0	2
116450544217588105672	0	1
106461090889026093822	0	2
110712411854733583075	0	2
104286363725914412325	0	1
108190746792806228802	0	1
113283686146984498415	0	1
100194118853015427382	0	2
106683452755606331265	0	1
116697861146866402477	0	1
116229616134152031538	0	2
115000714001843893373	0	1
110216858047744568980	0	1
102506703818000816854	0	1
104222790024130974860	0	1
106686985909338521992	0	1
108686053912035626877	0	1
114698572571975711846	0	1
106379241646506548323	0	1
106772899087308928852	0	1
115111681402728176341	0	1
107623144346155494427	0	1
106195706787721857536	0	1
106896821040096231840	0	1
106605324857990021866	0	1
105547724033210258658	0	1
112931784470267737508	0	2
105473774455396532820	0	1
112453007571345405216	0	1
109951396550686893842	0	2
