#node_label	#score	#gender
117831948350177566513	1.0	3
116420452719289757934	1.0	2
118391348074574561641	0.5	1
109742804342446573548	0.3333333333333333	1
110767554316695670525	0.3333333333333333	2
103009042022920905686	0.3333333333333333	1
114614337701581469922	0.3333333333333333	1
110343251212020431994	0.3333333333333333	1
100401683392479420272	0.3333333333333333	1
103885915853832286234	0.3333333333333333	1
105503260554507659244	0.3333333333333333	1
114229157887417365950	0.3333333333333333	1
116696943168863559388	0.3333333333333333	1
102871123574468799566	0.3333333333333333	1
106356302054336184712	0.3333333333333333	2
113455290791279442483	0.3333333333333333	1
117681034834791918293	0.3333333333333333	2
118058794383720702307	0.3333333333333333	2
114559845119114226260	0.3333333333333333	1
111873853137122484021	0.3333333333333333	1
115746067570754847637	0.3333333333333333	1
117544597103874766231	0.3333333333333333	1
115052421774883402661	0.3333333333333333	1
100121771572038665942	0.3333333333333333	1
113726904367063966559	0.3333333333333333	1
102554407414282880001	0.3333333333333333	1
103814318968872067095	0.3333333333333333	2
110258598415939907971	0.3333333333333333	2
109217461409629684011	0.3333333333333333	1
106022059623331640125	0.3333333333333333	1
101711168415133898421	0.3333333333333333	1
111159658956629309030	0.3333333333333333	1
107678541280998663446	0.3333333333333333	1
104175289386948474434	0.3333333333333333	1
110561114736457137185	0.3333333333333333	1
106043648001815118621	0.3333333333333333	1
115588307990520146154	0.3333333333333333	1
107362628080904735459	0.3333333333333333	1
105318217552727882571	0.3333333333333333	1
101373961279443806744	0.3333333333333333	1
101822180524655938027	0.3333333333333333	1
100968313568314999910	0.3333333333333333	1
114125900939049731990	0.3333333333333333	1
112944155404327241166	0.3333333333333333	1
104949752064491121930	0.3333333333333333	1
103239560454875806844	0.3333333333333333	1
105982285104039392875	0.3333333333333333	1
115958398724943172938	0.3333333333333333	1
117520662938613350446	0.3333333333333333	1
104932441955983306721	0.3333333333333333	1
111825308640376984447	0.3333333333333333	2
106724435919605472652	0.3333333333333333	1
100429564727464307274	0.3333333333333333	2
116204437472476177397	0.3333333333333333	1
108209879935982921111	0.3333333333333333	1
115230288324573016906	0.3333333333333333	1
103413026854903721037	0.3333333333333333	1
101205741801397157062	0.3333333333333333	1
113770461910835900905	0.3333333333333333	1
103486150650858067282	0.3333333333333333	1
104920733213047887355	0.3333333333333333	1
104051069913864446196	0.3333333333333333	1
105663154402166276187	0.3333333333333333	1
108190746792806228802	0.3333333333333333	1
105268688192596222611	0.3333333333333333	2
105209854925481789028	0.3333333333333333	1
103389452828130864950	0.3333333333333333	1
114394128653474707020	0.3333333333333333	1
115111902757485641613	0.3333333333333333	1
106563076987268237912	0.3333333333333333	1
102233770004174020180	0.3333333333333333	1
110834201342884968996	0.3333333333333333	2
100114474888718501523	0.3333333333333333	1
104632498797538161009	0.3333333333333333	1
109795502005319949067	0.3333333333333333	1
113020499347875878373	0.3333333333333333	1
114452583189695653393	0.3333333333333333	1
109746540495919889829	0.3333333333333333	1
113055202255112516651	0.3333333333333333	1
116064889536351872000	0.3333333333333333	1
101205158768960115200	0.3333333333333333	1
116043947632177598920	0.3333333333333333	1
108809238871290369247	0.3333333333333333	1
112162067187975810298	0.3333333333333333	1
116532796765106918781	0.3333333333333333	2
113566412796628737771	0.3333333333333333	1
110108796184064856991	0.3333333333333333	1
105109887978663844296	0.3333333333333333	1
117697399358826098478	0.3333333333333333	2
113859540036726448291	0.3333333333333333	2
111523509846064499365	0.3333333333333333	1
106437903086277993928	0.3333333333333333	1
110022074717522784473	0.3333333333333333	1
116143938603101885158	0.3333333333333333	1
100962871525684315897	0.3333333333333333	1
118055814112266323118	0.3333333333333333	1
116799045993451756042	0.3333333333333333	1
109246107083980777171	0.3333333333333333	1
110168117080267015976	0.3333333333333333	1
103236949470535942612	0.3333333333333333	1
105575110775527575127	0.3333333333333333	1
108032623298499022371	0.3333333333333333	1
104987932455782713675	0.3333333333333333	1
100720381549183482357	0.3333333333333333	1
113543880726286626830	0.3333333333333333	1
116643304160474160340	0.3333333333333333	1
116056645771775490363	0.3333333333333333	1
115204805503581947511	0.3333333333333333	1
102476152658204495450	0.3333333333333333	2
116455200564503192965	0.3333333333333333	1
104833564316573420990	0.3333333333333333	1
118074930118880730333	0.3333333333333333	1
114056084994793924628	0.3333333333333333	1
101913623470973115315	0.3333333333333333	1
109390492169840807116	0.3333333333333333	1
102647191645707274539	0.3333333333333333	1
117386232350873428301	0.3333333333333333	1
100586461319763000734	0.3333333333333333	1
109330684746468207713	0.3333333333333333	1
102373191596205712937	0.3333333333333333	1
116899034855319373495	0.3333333333333333	1
117667127854309405610	0.3333333333333333	1
104330156508504717257	0.3333333333333333	1
117757565120070816446	0.3333333333333333	2
103520907987098229443	0.3333333333333333	1
114369704013100203178	0.3333333333333333	1
113945656003587597360	0.3333333333333333	1
105734935003600818916	0.3333333333333333	1
114672443824698058678	0.3333333333333333	1
109944522594844042343	0.3333333333333333	1
115653522232867695783	0.3333333333333333	1
111700516584018069412	0.3333333333333333	1
103913078739565411962	0.3333333333333333	1
107543460658107759808	0.3333333333333333	1
111297688846219234682	0.3333333333333333	1
113438256900303213931	0.3333333333333333	1
109109427803573497734	0.3333333333333333	1
114835618008913240560	0.3333333333333333	1
114338270254521043906	0.3333333333333333	1
116430393244156737707	0.3333333333333333	1
106458554244835260890	0.3333333333333333	1
116119893029262153595	0.3333333333333333	1
110202148260796990473	0.3333333333333333	1
112364181475297994191	0.3333333333333333	1
107507539268974734333	0.3333333333333333	1
102541295037745440355	0.3333333333333333	1
104768621699284314998	0.3333333333333333	2
105589087510104431580	0.3333333333333333	1
117783113906561198831	0.3333333333333333	1
103216887847401478447	0.3333333333333333	1
110744350679012470358	0.3333333333333333	1
100733334063966339322	0.3333333333333333	2
111485501208531423117	0.3333333333333333	2
108981679893410895534	0.3333333333333333	1
103585495295278181531	0.3333333333333333	1
108909492433674629621	0.3333333333333333	1
111402735079180150346	0.3333333333333333	1
116982703791258521452	0.3333333333333333	1
101302772648821631521	0.3333333333333333	1
104713409309281534364	0.3333333333333333	1
105044049419763533097	0.3333333333333333	1
103488962975697693810	0.3333333333333333	1
116834613510435630346	0.3333333333333333	1
114129551797230920264	0.3333333333333333	1
115655205216183932495	0.3333333333333333	1
114971448970801442794	0.3333333333333333	1
109549749746353031555	0.3333333333333333	2
105396609818194584786	0.3333333333333333	1
101396087935203987162	0.3333333333333333	1
107396656126703375612	0.3333333333333333	1
116272870812037282078	0.3333333333333333	1
113209788861124695757	0.3333333333333333	2
102038765261226438964	0.3333333333333333	1
106593237562533257562	0.3333333333333333	1
107813030534261413185	0.3333333333333333	2
105182772231313806587	0.3333333333333333	1
108177381721794114207	0.3333333333333333	1
118424601051534304110	0.3333333333333333	1
111304467646929665855	0.3333333333333333	1
108754616183791940856	0.3333333333333333	1
105629715514672156567	0.3333333333333333	1
108234504729950216883	0.3333333333333333	1
105193569108158987974	0.3333333333333333	1
107979724997299395580	0.3333333333333333	1
107952604674908217577	0.3333333333333333	1
101907373083489337511	0.3333333333333333	1
102207329746127350383	0.3333333333333333	1
118255645714452180374	0.3333333333333333	2
111105825355887723183	0.3333333333333333	1
102227359845636175866	0.3333333333333333	1
113998288664962112706	0.3333333333333333	1
111299245834134954469	0.3333333333333333	1
110890406272830624608	0.3333333333333333	1
105551989431666449555	0.3333333333333333	1
107742567767125793693	0.3333333333333333	1
105333005331087751140	0.3333333333333333	1
103667678270324179713	0.3333333333333333	1
104929002613057250780	0.3333333333333333	1
106999005144926326855	0.3333333333333333	1
102846217719085160022	0.3333333333333333	1
100882994243294441475	0.3333333333333333	1
107459220492917008623	0.3333333333333333	1
105358402547726784850	0.3333333333333333	1
108311039859394237242	0.3333333333333333	1
117765072461117547929	0.3333333333333333	1
117444429786943831860	0.3333333333333333	1
107331626870497071558	0.3333333333333333	2
117986587361484380898	0.3333333333333333	1
109452949873475779897	0.3333333333333333	1
101103242784230519197	0.3333333333333333	1
105638035132192474170	0.3333333333333333	1
102518365620075109973	0.3333333333333333	1
113212564798246057056	0.3333333333333333	1
109278663555282462593	0.3333333333333333	2
118274547296450170219	0.3333333333333333	1
117211092043045415977	0.3333333333333333	1
101046441648631312966	0.3333333333333333	1
113060870760290326234	0.3333333333333333	1
104576225810883559652	0.3333333333333333	1
108562908057958673728	0.3333333333333333	1
103000734287338406086	0.3333333333333333	1
110025799724143430609	0.3333333333333333	1
103657280492137983446	0.3333333333333333	2
106804928247627022905	0.3333333333333333	1
100570943621691880802	0.3333333333333333	1
110123942613836183623	0.3333333333333333	1
113833981853420314126	0.3333333333333333	1
100892612779426154375	0.3333333333333333	1
110943515078174675558	0.3333333333333333	1
114535564744070561851	0.3333333333333333	1
117455365995643899222	0.3333333333333333	2
104182876112695525975	0.3333333333333333	1
100771671272095499353	0.3333333333333333	1
111538684930665702515	0.3333333333333333	1
101337662271487138024	0.3333333333333333	1
117106128713693930383	0.3333333333333333	1
114128098947779063486	0.3333333333333333	1
103329529502674787829	0.3333333333333333	1
102906994070536647048	0.3333333333333333	2
113185113831991933982	0.3333333333333333	1
111119015878745271890	0.3333333333333333	1
112055757278778866271	0.3333333333333333	1
116383082805688088798	0.3333333333333333	1
111165146979732009394	0.3333333333333333	1
104755336394155711931	0.3333333333333333	1
115594438469593983571	0.3333333333333333	1
106946511189392023933	0.3333333333333333	1
117241173825568905048	0.3333333333333333	1
101484944350962755247	0.3333333333333333	1
111903892788414265541	0.3333333333333333	1
111890945016831896743	0.3333333333333333	1
102012469559842423172	0.3333333333333333	1
114978326854467471058	0.3333333333333333	1
110990315511495668251	0.3333333333333333	1
110731486652618921312	0.3333333333333333	1
106309146993207525382	0.3333333333333333	1
105649230012372449927	0.25	2
105943946099362806788	0.25	1
114786794106113206036	0.25	1
109667890964357276732	0.25	1
115582623750221438794	0.25	1
115380913808968305508	0.25	1
104789218149315172931	0.25	1
107958711860940415885	0.25	1
107124525290535457566	0.25	1
105256156026694816333	0.25	1
105284909171916066479	0.25	1
114205886464523850911	0.25	1
109661457667032417105	0.25	1
100724332764877363114	0.25	1
101778560773618244783	0.25	1
108975692760604949169	0.25	1
109290081130683690010	0.25	1
100911941902836919434	0.25	1
100095245926948995335	0.25	1
100057987797430809499	0.25	1
115733604509184177258	0.25	1
102943677002465060558	0.25	1
110243713409398914612	0.25	1
100936611936552412031	0.25	1
106173671408615232285	0.25	1
100612175927429294541	0.25	1
102429496922140195018	0.25	1
112180555080313027108	0.25	1
114733221311854027249	0.25	2
117210614636355259315	0.25	1
115990898103836770683	0.25	1
113290698547751890551	0.25	1
116463663709609025380	0.25	1
110556167739054682195	0.25	1
114646890307069107918	0.25	1
106063687384656152997	0.25	1
113374848704401769240	0.25	1
100310420045060623543	0.25	1
106301243212620321290	0.25	1
102330918621228710441	0.25	1
113891112124399454465	0.25	1
105919920092954398326	0.25	1
106327556531738070738	0.25	2
102170406837717495865	0.2	1
111402923913640845655	0	1
102409541521880756024	0	1
107119940474246316259	0	1
111262146038004038186	0	1
113317784690313904082	0	1
117513232055994920961	0	1
106661386135469061222	0	1
111962077049890418486	0	1
115961021629090154025	0	1
102201730297163547767	0	1
116161263828563383494	0	1
112529106092946833762	0	1
110600546748211156466	0	2
105021353557872294280	0	1
108965164133793342297	0	1
103856102573349408385	0	2
114231305708772868829	0	1
103761326311610249621	0	1
114908847203028092210	0	1
106983800549406471589	0	1
113901826228935709546	0	1
112750091316252656625	0	1
101145980349117737014	0	1
102349305007676725479	0	1
117178975214870026107	0	1
107013418740229269209	0	1
114288572990229558524	0	1
116369071500456395369	0	1
107728698888290164055	0	1
109507653225799908921	0	1
115143234371607892983	0	1
115105647022907007398	0	2
104129842883884467271	0	1
107281742023232478718	0	1
105228323457033543279	0	1
115614791007645952267	0	2
115431853773627038741	0	1
106758488395906535821	0	2
114025996339678208608	0	1
112617127041903537004	0	1
102377882249382281108	0	1
109619063322910077914	0	1
107494834634231938072	0	2
107028157462218372820	0	1
110486517623939606418	0	1
104367493606654849934	0	1
106115198697251921957	0	2
115851550445020159565	0	1
101006001190131292549	0	1
104241567849916091297	0	2
108851026326071355993	0	1
103911607910068922429	0	1
104129971305612636060	0	1
113716387535901345607	0	1
101632638222008737981	0	1
109514475488698891798	0	1
108105990957250238326	0	1
106711803105103787711	0	1
100932195479763784248	0	1
100519245975462538531	0	2
115078520436774133103	0	1
104548627795526843775	0	1
111699855306814304937	0	2
109876915588291208505	0	1
105694930790909515613	0	2
114682714977718338586	0	2
107737400023695101758	0	1
114991304070189283747	0	1
103586615087663445665	0	1
110924681541917174512	0	1
115348113762423258511	0	2
108862391031743001286	0	1
118337792374870658609	0	1
100377493270775536948	0	1
107555775204015275919	0	1
115428993145818153559	0	1
113847951893881070422	0	2
112022983294967948367	0	1
114703714445331612880	0	1
106501988136092543170	0	1
100661648032094165691	0	1
109901332639702690169	0	1
104016949609489688294	0	1
107185271908509011656	0	1
104394453888455887285	0	2
104112700502285331526	0	2
113188115614295466163	0	1
114487615909388663393	0	1
116008246625614132322	0	1
107656189087549539176	0	1
110584481927562150689	0	1
113654461547690050667	0	1
103334982537818934471	0	1
109809115263175925109	0	1
102616149286682191474	0	1
113595722144466261201	0	1
115834709756311067894	0	1
101804880413288303244	0	1
103115473754659376168	0	1
100458658122301138710	0	1
110332950832383899240	0	1
105547060999578080024	0	2
103888069615589058326	0	1
112798516308771746920	0	1
105779560824580764120	0	1
106264880718777779181	0	1
113423232520350256875	0	1
115892016102825426276	0	1
106365643912684301289	0	1
110523817332929215970	0	1
114917960422312686642	0	1
107280459342776292862	0	1
105769047231222924856	0	1
102340957096120356053	0	1
112847428408357711502	0	1
110095126245882149972	0	1
115469569932946930879	0	1
110495386740742342449	0	1
110287894893102510451	0	1
111229932257230301946	0	2
115561326016484538079	0	1
112069596368170894134	0	1
118391323892426354857	0	1
107733269574737813168	0	1
109556244641607065276	0	2
105962350616823915963	0	1
104731413562920608148	0	1
117101224208921567067	0	2
107788883146545236198	0	1
107595492375522771188	0	1
105615702440737908628	0	1
101096634362413571417	0	2
111146504281162815017	0	2
