#node_label	#score	#gender
109338506352915880511	1.0	1
104218119898275995467	1.0	1
115389971856894286101	1.0	1
115982047784351676092	1.0	1
100201301601263371349	1.0	1
100201324298046097539	1.0	1
104516960568883756126	1.0	1
108376085312377399512	1.0	1
100128505142304166932	1.0	1
111771138774108603628	1.0	1
114603433594339332733	1.0	1
114983252637433706962	1.0	1
102498742375011074777	1.0	1
100726096104661727011	1.0	3
112606245625434996241	1.0	1
112619607812322373700	1.0	1
117593997242445752125	1.0	1
118175515740251550869	1.0	1
118197194190467870441	1.0	1
111289820216404533208	1.0	1
116405000540771693152	1.0	1
111110025657705765081	1.0	1
113945041411228109207	1.0	1
104773809417133392403	1.0	1
112704520070524590766	1.0	1
105795616733095374505	1.0	1
107418123829203850755	1.0	2
102113032292854184368	1.0	1
116182840462320085003	1.0	1
114569721078006758219	0.25	1
106663069953484072813	0.25	2
101087661630872953963	0.25	1
100304707154952267096	0.25	1
117246185220018140996	0.25	1
108732759044273843695	0.25	1
103288093714925527714	0.25	1
117873143383609078400	0.25	1
116395662268142915722	0.25	1
118237490980518891915	0.25	1
109596373340495798827	0.25	1
100202437969531520213	0.25	1
105270350786155726525	0.25	2
108246157440293603595	0.25	1
102841245170487819912	0.25	1
114415525171286193415	0.25	1
103913720865826427899	0.25	1
100897823726154408005	0.25	1
109984516011724369655	0.25	1
112346973770603291950	0.25	1
118301801570268856235	0.25	1
102486945194370892350	0.25	1
102778030018789539280	0.25	1
109348097815277817681	0.25	1
115520136170289208812	0.25	1
116655261233473161214	0.25	1
114037378284666972036	0.25	1
102173349122411290580	0.25	2
114412664782260609019	0.25	1
110864697406421557832	0.25	1
114645879992809942208	0.25	1
101247606323956500887	0.25	1
111948878041168186917	0.25	2
101148994512867725557	0.25	1
107242706723168914421	0.25	1
110385399973090519138	0.25	1
110526373600182303490	0.25	1
114924205158387502434	0.25	1
114448778456864384063	0.25	2
102813831043289740662	0.25	1
111366164936189851916	0.25	1
115780925498881394226	0.25	1
118321805108297242652	0.25	1
102704802701623701292	0.25	1
107493004576979736762	0.25	1
106983560342099473732	0.25	3
108201808427293854810	0.25	1
106408524982991953673	0.25	1
106508608497897914664	0.25	1
118272030982387039153	0.25	2
115539565742556267111	0.25	1
105074383113814583840	0.25	1
109693112888850382744	0.25	1
100152754393360938972	0.25	1
108798853537183937826	0.25	1
116022107685933803189	0.25	1
102216120753865908784	0.25	3
110758194832789039653	0.25	3
107592897049624988996	0.25	1
114854541066929539078	0.25	1
108665305290205798238	0.25	1
105728724002183346652	0.25	2
108367169365977316485	0.25	1
117503256303811314683	0.25	1
112114595495269921191	0.25	1
109909927818559448183	0.25	1
115831312508853333169	0.25	1
102033926695346762483	0.25	1
110250373188579164817	0.25	1
111297842265944061121	0.25	2
106148224768857074690	0.25	1
115847549063530782340	0.25	1
100583643768601491449	0.25	1
114561525149589566017	0.25	1
104107302831472573592	0.25	1
100034081581427776311	0.25	1
115011024281410050939	0.25	1
110077141419510454119	0.25	1
114928838526474627986	0.25	1
112118394842973990959	0.25	1
111411219078746581402	0.25	3
108546641577521750667	0.25	1
105105030779206109022	0.25	1
117997454598890656184	0.25	1
117949995032425385476	0.25	1
105731699847174230340	0.25	1
108023284968633852843	0.25	1
107958974853839226336	0.25	1
118261655089849796295	0.25	1
106606884526473887461	0.25	1
101775378004698597747	0.25	1
115497240043542572861	0.25	1
115140572170241511038	0.25	1
103340037695702538182	0.25	1
117023152189269912551	0.25	1
108361769884418874336	0.25	1
112344753792271887765	0.25	1
104637146082595468733	0.25	1
107291158434082397409	0.25	1
110102974322821393391	0.25	2
110602986152108949421	0.25	1
108256953812993004168	0.25	1
109190416967634949315	0.25	1
109990170444434475022	0.25	1
116315897040732668413	0.25	1
114122960748905067938	0.25	1
105656267264865899971	0.25	1
110500855676490471130	0.25	1
105745543515055969267	0.25	1
104291062041892114921	0.25	1
111490501922014302296	0.25	1
109038711147248292913	0.25	1
106471529425184452230	0.25	1
115078873843502210957	0.25	1
113785487409272749451	0.25	1
115038223178148625406	0.25	1
108138868752170586315	0.25	1
107217429537442593474	0.25	1
115117547192876619817	0.25	1
105206631609641166886	0.25	1
113962282053842882070	0.25	1
103963091773971563837	0.25	1
100013398040943792328	0.25	1
106270641934415252013	0.25	2
114435957548318701124	0.25	1
104967117723655367701	0.25	1
103913337832532831291	0.25	1
100958161133657762299	0.25	1
109817611100376235885	0.25	1
101486204454724257393	0.25	1
104567898096252169075	0.25	1
102302151627868466991	0.25	1
102194051907705792288	0.25	1
100521486713004391374	0.25	1
105318725217810641855	0.25	1
115862585937259981666	0.25	1
102485867896910847028	0.25	1
117222880710522814010	0.25	1
102621822503935788417	0.25	1
103857459148999991693	0.25	1
107184984973003971042	0.25	1
104994838109992159534	0.25	1
106022862453109273401	0.25	1
100273919916226062360	0.25	1
115840782130902471055	0.25	1
110549085924578635258	0.25	1
107040353898400532534	0.25	1
115926872257398421558	0.25	1
102559472847227632254	0.25	1
102857824121129353712	0.25	2
100127051850112740555	0.25	1
101265884758629745514	0.25	1
103041149543955283681	0.25	1
105473168488586416970	0.25	2
113937143484071416626	0.25	1
116184117715055174006	0.25	1
116618014990257646045	0.25	1
108507580223257846985	0.25	1
118429379385137260948	0.25	1
115460594433844109370	0.25	2
103359523952381432959	0.25	1
114989358912013434555	0.25	1
114131816770145606882	0.25	1
114095058036005655247	0.25	1
112239399119140369569	0.25	1
104864271686093564504	0.25	1
114436448042516160610	0.25	1
107761973757947916613	0.25	1
114085190748679588261	0.25	1
105518467693654116370	0.25	1
102699891454549217247	0.25	1
106359289049257177729	0.25	1
101196947534496578712	0.25	2
105348319473887192896	0.25	1
102084488057801958038	0.25	1
114249656986617681304	0.25	1
110815860148252551938	0.25	1
101927752951125284877	0.25	2
103142652240531048666	0.25	1
101980248985173800831	0.25	1
114023905519201765329	0.25	1
113954809720810772170	0.25	1
108014509161911463231	0.25	1
111388121109189220476	0.25	1
116310884281530210848	0.25	1
111409617808305551136	0.25	1
104765703153439286258	0.25	1
100980249131752784318	0.25	1
116338814724449809871	0.25	1
110853472983526182624	0.25	1
102443987244138087863	0.25	1
111280154241395663746	0.25	1
113612299346961500171	0.25	1
103378646574928855349	0.25	1
115767881439123079191	0.25	1
116385405469850788367	0.25	1
107360993311566660432	0.25	1
114110682354036220476	0.25	2
100382758901355515850	0.25	1
112185778861152121759	0.25	1
110980858757137478851	0.25	1
104166717181118994586	0.25	1
114442190016430492189	0.25	1
115050712138081170125	0.25	1
109518110142768834500	0.25	1
113971262429675416836	0.25	2
111368042859973171925	0.25	1
104757860243835583747	0.25	1
112172345891153656421	0.25	1
106009340246810160307	0.25	1
117532894439968154241	0.25	1
107505007518380028872	0.25	1
118117334978421992071	0.25	2
112547381334151121538	0.25	2
116197676595017109235	0.25	1
113814761131013903983	0.25	1
116751098506900298523	0.25	1
114112239178118174584	0.25	1
103773187364999636378	0.25	2
109225273031019687404	0.25	1
109227060227159208082	0.25	1
117619722765198432201	0.2	1
114561609827685054260	0.2	1
105570046493985805741	0.2	3
116022862177174373461	0.2	1
105113697106120341012	0.2	1
116186189237238523381	0.2	1
110886205754204493799	0.2	1
107505982233194733111	0.2	1
100389146813642172198	0.2	1
107646449530941379603	0.2	1
110097167949323324728	0.2	2
116267384604818495277	0.2	1
110005893915814979352	0.2	1
105305777433611851982	0.2	2
101329911725818815648	0.2	1
114894421225845723637	0.2	1
117596712775912423303	0.2	1
115739112096228507174	0.2	1
104526224647060739642	0.2	1
114563183850002243139	0.2	1
105216491640488683417	0.2	2
100108326835469412539	0.2	2
111956865348625630656	0.2	1
108440958693295511265	0.2	2
107503942976029957889	0.2	1
110899709105002539146	0.2	1
118189913328679405273	0.2	1
105713223960534386075	0.2	1
116199991307865176347	0.2	3
101918735546727045779	0.2	1
117191648454201725530	0.2	1
107935469610488588481	0.2	1
106134143661739231412	0.2	1
108381946171530737687	0.2	1
100128408479887846383	0.2	1
107155666869509300116	0.2	2
104672614700283598130	0.2	2
117484352468587338564	0.2	1
114574705773380764394	0.2	1
112512115434413182964	0.2	1
100929609720714016785	0.2	1
101430592264255580126	0.2	1
111191474352938436934	0.2	2
106662834751463242875	0.2	1
117227223410553236894	0.2	2
107938424762613608051	0.2	1
104472890352051674723	0.2	3
116441713907360191529	0.2	1
116260364971056541451	0.2	1
111215626086255858123	0.2	1
114853458007065354930	0.2	1
116319627715742877481	0.2	1
110351006045593232796	0.2	1
104577357381178665210	0.2	2
109342148209917802565	0.2	1
101808311050639810167	0.2	1
105022859353320454997	0.2	1
101097684007749760584	0.2	1
115052192048851909414	0.2	1
102784256721052975175	0.2	3
115411258006762716767	0.2	2
102846324622182065313	0.2	1
114748865875982745948	0.2	1
114433175893636519764	0.2	1
110701307803962595019	0.2	1
103523215264617394465	0.2	1
102769820396448751578	0.2	1
115690810845062432413	0.2	1
112036530896424605833	0.2	1
105611889600461566935	0.2	2
116858601014341137552	0.2	1
100974258168375166691	0.2	2
117174193243418253301	0.2	2
115251549002389410980	0.2	1
103150328351925153314	0.2	2
107285941492398194363	0.2	1
111507749653162846507	0.2	2
105768540942748761224	0.2	1
106215718640234782825	0.2	2
100822674460181863531	0.2	1
116092804461502859309	0.2	1
115832511083802586044	0.2	1
105532240323325694141	0.2	1
115528920667041487793	0.2	2
111114876289023443125	0.2	1
105489064367742025310	0.2	2
115537425275356192528	0.2	2
105171127503275688570	0.2	2
101903302385928765115	0.2	1
100302545000114361337	0.2	1
106393478695568433143	0.2	1
101527152725020476244	0.2	1
114718380011770565988	0.2	1
109991327970036907247	0.2	1
117946739460713940142	0.2	1
106728156090867192572	0.2	1
115655034901162574758	0.2	2
110702495322695589877	0.2	1
107867166553992776628	0.2	1
112954212653764894020	0.2	1
115957092291818573863	0.2	1
106874252458072363166	0.2	1
108101528350258336209	0.2	1
103038287804535196503	0.2	2
115054159596168502577	0.2	1
105039940492574351973	0.2	1
103958441795544241153	0.2	1
104504981805192333775	0.2	1
106618920313023122735	0.2	1
105506161349096949376	0.2	1
116697067427905381650	0.2	1
103782533357065638909	0.2	1
108015257634911079794	0.2	1
117153464390780030650	0.2	1
114092052797730247075	0.2	1
103156428832750340164	0.2	1
112941576498848328757	0.2	1
111899272101870509760	0.2	1
101338044461334104072	0.2	1
113887194610920348131	0.2	2
113367609333589754250	0.2	1
109429069553227228792	0.2	1
114434477865772491516	0.2	1
109997921573366922481	0.2	1
107556483367244107618	0.2	1
109602109099036550366	0.2	1
117145340125249110923	0.2	1
102748160753634096755	0.2	1
110662267657699806914	0.2	1
111930704383522733011	0.2	1
104857406109954440836	0.2	1
107296660002634487593	0.2	1
102255986016613110352	0.2	1
100027760591732857140	0.2	1
109742317120338281749	0.2	1
105421360534824524100	0.2	1
107677895455342575962	0.2	1
109234097802997483626	0.2	1
106123026171763346651	0.2	2
117827939372490176950	0.2	1
114685125982127664031	0.2	1
115741377891108073675	0.2	1
103272086464849313300	0.2	1
105833178155049686572	0.2	1
117864588276805184974	0.2	1
100016899877318096903	0.2	1
107742059751171695340	0.2	2
107728981484346651383	0.2	2
117753963652056964179	0.2	1
115560244228171198314	0.2	1
116844212074990688257	0.2	1
107878513207797715624	0.2	2
105400736676917752271	0.2	1
105189467370080635363	0.2	1
116791480936620866975	0.2	1
103759578696872315142	0.2	1
103490014051577974992	0.2	1
104125494778252367010	0.2	1
104432544782259080728	0.2	1
115564782916890552732	0.2	3
116599331662269985445	0.2	1
114888170519467908870	0.2	1
113745961783275476381	0.2	1
112229038245526202136	0.2	1
111453457332332024748	0.2	1
117668392750579292609	0.2	1
115471857729026053203	0.2	1
106352554410262753150	0.2	1
117655549106635025383	0.2	1
112931539494181042672	0.2	2
116150648915115517660	0.2	2
100636264482556397704	0.2	1
104639572306556887714	0.2	1
102452242106567377625	0.2	2
114310785470589297363	0.2	1
112769597659219110092	0.2	1
107675007177217809408	0.2	1
100957473527387130470	0.2	1
101347844182145690369	0.2	1
108966629546523589747	0.2	1
117032113600154455464	0.2	1
114153751957666679224	0.2	1
105416475244874554281	0.2	1
107978337278998783466	0.2	2
103210404988674446982	0.2	1
116407111455466646142	0.2	1
116775861213316603720	0.2	3
109149744410665088420	0.2	1
105364771173133781528	0.2	1
112031903148635467531	0.2	1
112346228140774744518	0.2	2
114681628007518013862	0.2	1
113669395404980745511	0.2	1
103510152831813607376	0.2	1
102218502614021519543	0.2	1
115482512449576423446	0.2	1
116608861655093292686	0.2	1
118069908322068438795	0.2	1
104421821504341708067	0.2	1
111332747678303149156	0.2	1
107882182212772175014	0.2	1
113851156770815563493	0.2	2
106030116597984223568	0.2	1
104886023756959655164	0.2	1
116580466718962022382	0.2	1
106639476955301294330	0.2	3
106147886942787948585	0.2	1
112654241124569984889	0.2	2
114376843832826921514	0.2	1
112649031229724852246	0.2	1
116562267896285458996	0.2	1
118159939444926293060	0.2	1
108828558750746245168	0.2	1
102737455471113799991	0.2	1
103222059923542490202	0.2	1
113046540892898756171	0.2	1
108348593036465562152	0.2	1
115596395815211678440	0.2	1
100573379791346515098	0.2	1
109213052653037315302	0.2	2
108005511632749909585	0.2	1
114744510189908480227	0.2	1
101412392825967585473	0.2	1
118058190656544363387	0.2	1
113680912002516722253	0.2	1
115594823959230554551	0.2	1
102618047349606277909	0.2	1
109652597471903432595	0.2	1
109270989906083658087	0.2	1
113547977706786126949	0.2	1
103329819264141117732	0.2	1
104329105945099326407	0.2	1
109734221326849566494	0.2	1
110219035988164937216	0.2	1
112974228395919730853	0.2	2
105650740041901033048	0.2	1
103173354168732536146	0.2	1
115132590766468005772	0.2	1
111608158273951206785	0.2	1
113707929913799480697	0.2	1
104073592757502377917	0.2	1
111067835557989474082	0.2	1
112242663554702021781	0.2	1
116665406215435288977	0.2	2
111421560595122767483	0.2	1
111972311379491101006	0.2	1
103046039519355433778	0.2	1
117980372573453722374	0.2	1
100264010813126229552	0.2	1
105894950446770733639	0.2	1
111162211978765064881	0.2	1
113718343049546470841	0.2	2
100328997990624481885	0.2	1
115314883913773500000	0.2	1
117211684265062177782	0.2	2
111048918866742956374	0.2	1
107969203682472439133	0.2	1
105846498744689940028	0.2	1
104119608064940163872	0.2	1
116805285176805120365	0.2	1
108541235642523883716	0.2	1
101465854435804471513	0.2	1
100999873184081513278	0.2	1
107660875906928406568	0.2	2
107927265746146461039	0.2	3
117580925821727692155	0.2	2
103206605407547059039	0.2	1
103154767864398131776	0.2	1
104156842835409730719	0.2	1
110748332974148473395	0.2	1
115633038132191385679	0.2	1
104362714663952593421	0.2	1
109439043264827989246	0.2	1
102754667971286358855	0.2	1
112181736401126233966	0.2	2
104960573058155652836	0.2	1
103047633612936386778	0.2	1
101049947965788778727	0.2	1
108196080252499606192	0.2	1
105189866627762310036	0.2	1
106445153975201413026	0.2	1
110402966082739534484	0.2	1
117888860379667170672	0.2	1
111901425213768112631	0.2	1
104461270372989098596	0.2	2
115630981073246713951	0.2	1
117461194055148258465	0.2	1
116997619679901382557	0.2	1
110090436517825414026	0.2	1
111146953986154224164	0.2	1
102624264212801608398	0.2	2
102346411293580971210	0.2	1
112449122382707822409	0.2	1
114315952169786123029	0.2	1
116186220137864298770	0.2	1
108420494279166084795	0.2	2
102881052914977050318	0.2	1
110503269680373003722	0.2	1
110488549098207563278	0.2	1
118128003544790798119	0.2	2
111058843129764709244	0.2	1
114607325397686929768	0.2	1
111993317164904084662	0.2	1
106552681458157529939	0.2	1
104833564316573420990	0.2	1
106664988427685603407	0.2	1
100978271419186491396	0.2	1
105314487090804777390	0.2	1
116459936013894520699	0.2	1
107126665887970596868	0.2	2
110932865812902245569	0.2	1
111838309151768931339	0.2	1
112850594189039158382	0.2	1
113356364521839061717	0.2	1
109183076211573712367	0.2	3
100212687970266715319	0.2	1
106696669059059026665	0.2	1
105099136448017686894	0.2	1
116372132903710758091	0.2	1
104280330207014428264	0.2	1
117531553216036296696	0.2	1
114142528070147926514	0.2	1
111323897579126907221	0.2	2
111094075863963545154	0.2	1
116665417191671711571	0.2	1
103138411474262540023	0.2	1
107795754164557092472	0.2	3
109417977445311854187	0.2	1
116587706417674222489	0.2	1
108322543021146059132	0.2	1
115856864612363622674	0.2	1
107176073754977513315	0.2	1
115121555137256496805	0.2	1
115455024457484679647	0.2	2
112413962906535524922	0.2	1
116523738590549290523	0.2	1
117265236882380184775	0.2	1
108167448597336850406	0.2	1
101487149394328612777	0.2	1
115927351968293245364	0.2	2
110770432481759175921	0.2	1
109678617063618996333	0.2	1
109761954957966850121	0.2	1
111257644908753847959	0.2	1
108243727919973470519	0.2	1
117320186769634272355	0.2	1
116052312205661322001	0.2	2
110523976020310823394	0.2	1
109978646666633937292	0.2	1
100415345527134852246	0.2	1
106186407539128840569	0.2	1
110266579951623807413	0.2	1
105611619287846241008	0.2	1
110421682386442506360	0.2	1
100341205520161359173	0.2	1
114935435173320717405	0.2	1
113958172040097221887	0.2	1
115829854934725647908	0.2	1
105939148031523355640	0.2	1
101489513569033060531	0.2	1
111631574105754806254	0.2	1
100634143534259564893	0.2	1
105106933285642983536	0.2	2
110886027936863089022	0.2	2
111375935063312190019	0.2	1
105210542937530862663	0.2	1
109886504130820190430	0.2	1
100267766347237553771	0.2	1
115193548632403015131	0.2	1
118404804372996978994	0.2	2
110605494538998769090	0.2	1
107963910103570991506	0.2	2
107379489464447013340	0.2	2
109907447383307087458	0.2	1
105213991914461740211	0.2	2
101890919344829308838	0.2	1
103000428814326899358	0.2	1
109405112908023286208	0.2	1
117433457428214008247	0.2	2
101245710246581490295	0.2	1
104651642736561709298	0.2	1
110749797245734628255	0.2	1
117520418486969073602	0.2	1
110640210813191719249	0.2	1
100586402234681764932	0.2	1
113571469749900391835	0.2	1
114656640898398997321	0.2	1
104839755327692362056	0.2	1
111912211812394423906	0.2	1
101047809996269228974	0.2	1
114628807398367672972	0.2	1
114407290472947588380	0.2	1
100882748766575527949	0.2	1
115445679410397084722	0.2	1
118193249800054400993	0.2	1
116577081281423382697	0.2	3
101161895797466267779	0.2	1
116778965056048167853	0.2	1
113511279752012786991	0.2	1
103697774730216910679	0.2	2
109220869057914441352	0.2	1
106220600090297128338	0.2	1
107682737271137866530	0.2	2
111228800246566895111	0.2	1
117726531816657582547	0.2	1
102811154058342710526	0.2	1
110380328336765009742	0.2	1
104383394630991718492	0.2	1
102432582281089909145	0.2	2
113619286206637523955	0.2	1
102897240567784529874	0.2	1
115730807221904022645	0.2	2
107484261818025698576	0.2	1
114752870863000007466	0.2	1
106502900605986291024	0.2	1
114846896441713703328	0.2	1
102542760878258549485	0.2	1
111348249768466654382	0.2	1
104856209159750047199	0.2	1
103020802233930940029	0.2	2
114534210608898605704	0.2	1
113233389612985967769	0.2	1
109899262882563170651	0.2	2
112696040255531645442	0.2	1
103957683132551937169	0.2	2
101956665600312612797	0.2	2
115077161315553387738	0.2	1
115569196122019221551	0.2	1
101179305091815209891	0.2	1
115067830653640757489	0.2	1
102123480049022788840	0.2	1
103520499645965287622	0.2	3
113394325474345850645	0.2	1
113377287720238707111	0.2	1
116690254018721718695	0.2	1
112306395963035726911	0.2	1
116706057786217993524	0.2	1
113739554377189246907	0.2	1
112516477661444892568	0.2	1
100456632748341588029	0.2	1
109854933960149094021	0.2	1
115473744607929446722	0.2	1
118174047967293905944	0.2	1
103876954353524260486	0.2	1
105812992286562595698	0.2	1
114806850096330437383	0.2	1
113893251621666038627	0.2	1
110827519231685608354	0.2	1
116113014152499702246	0.2	1
111899586937721296786	0.2	1
106728653891215454437	0.2	1
107659606256961933291	0.2	2
115174505928179409417	0.2	1
111063482896672361310	0.2	1
116321062558724680412	0.2	1
101028761244286045194	0.2	1
118264100149097421474	0.2	1
117298410055998935548	0.2	2
115928791373617220090	0.2	1
113122052219315460838	0.2	2
106076857365912577923	0.2	1
104805634423734074539	0.2	1
109484230477274074838	0.2	1
111427269484642699888	0.2	1
100254540977147179100	0.2	1
116071275946594200077	0.2	2
116140667830053789784	0.2	1
105306109051629642988	0.2	1
113958783752555055006	0.2	1
113632480025459313650	0.2	1
112540210466581067571	0.2	1
103486440512019109887	0.2	1
106713367699203758525	0.2	1
109751196984360065943	0.2	3
114043638225438662692	0.2	1
100275461827190613538	0.2	1
101841421780149979246	0.2	1
110460883269646543871	0.2	3
115805019254844191689	0.2	1
104082403440320780429	0.2	1
113041693148251706037	0.2	1
117663015413546257905	0.2	1
103121992479748624596	0.2	1
105642459569108798593	0.2	1
110888233400853224635	0.2	1
101179789645615020006	0.2	1
109213976373756733110	0.2	1
108564774959534277266	0.2	2
104487487665734079924	0.2	1
117456113289518689355	0.2	1
115485270607728527879	0.2	1
115327711033579345613	0.2	1
100644338456964460622	0.2	1
116230670162704925147	0.2	1
105275638908165446414	0.2	1
109849426383263826665	0.2	2
111020557395308871614	0.2	1
112915623361562411747	0.2	1
115912014509582860095	0.2	1
104843043996476977347	0.2	1
112435636178117200207	0.2	1
103695338046813009900	0.2	1
113638882901059396959	0.2	1
102052370209354426168	0.2	1
103459242825304486817	0.2	1
101988176907964463574	0.2	1
105367087860074993734	0.2	1
105985315670642953070	0.2	1
111345125248252182822	0.2	1
114717833907014197668	0.2	1
115708174332375617872	0.2	2
100066493310937980219	0.2	1
102355676647092630576	0.2	1
114038417810070550462	0.2	3
113738778212075149930	0.2	1
114337606913650576428	0.2	2
112662621005561293664	0.2	1
109611870475725745476	0.2	1
101603130119361865625	0.2	1
100222118576022071221	0.2	1
109765582399090635945	0.2	1
115109992097717930094	0.2	2
114022026108829061930	0.2	1
100650838733438352768	0.2	1
101900698096670949248	0.2	1
109182098772480269321	0.2	1
103281495032168492125	0.2	1
116685479464071757942	0.2	2
111438939693866356563	0.2	2
101768336755145080002	0.2	3
106225589495610761186	0.2	1
101892402888184910332	0.2	1
101896915525351208408	0.2	2
115559179710405509109	0.2	1
114080274520744617675	0.2	1
106264805392397718380	0.2	1
114279655123260403031	0.2	1
115568671238456643311	0.2	1
108543151681912562199	0.2	1
115610610698130567149	0.2	1
103948723845752555481	0.2	1
107508521599986467304	0.2	1
101900299178799457829	0.2	1
111003269571421285363	0.2	1
104610722186372187488	0.2	1
112481657885737196362	0.2	1
108504691771563496154	0.2	1
117735165786240967051	0.2	1
106629032953218862076	0.2	1
112037042304485555658	0.2	1
111293703111615229109	0.2	1
103818369747756077965	0.2	1
114416712179897474386	0.2	1
113350576208693546753	0.2	1
100522882332140288095	0.2	2
102373364108737199198	0.2	1
117340736128901153548	0.2	1
107595859204711287063	0.2	1
115648252536935354124	0.2	1
103008963082975341976	0.2	1
103744756814592671898	0.2	1
110630495306964512428	0.2	2
115923918179371973262	0.2	1
116454674646702389167	0.2	1
116911143259490971544	0.2	1
104710942500744812587	0.2	1
117088308792308433067	0.2	2
111317577362559531398	0.2	1
105362730138809047462	0.2	1
112531001372732316528	0.2	1
117635994103248658464	0.2	1
111653235450133676491	0.2	1
115352602850836259449	0.2	1
116485215333909412214	0.2	2
110573945039951702518	0.2	1
106090161884984187258	0.2	1
109127646442855066383	0.2	1
114085939943834183247	0.2	1
108064662472810927125	0.2	2
115851624241515709426	0.2	1
115029186078239273995	0.2	2
114455812587677181067	0.2	1
108535257401961732732	0.2	1
115706471517464245816	0.2	2
116653006196738616962	0.2	1
100439448667156401123	0.2	1
104641029345835159141	0.2	1
108602901889554226019	0.2	2
115225748791639525191	0.2	1
117044097837812823444	0.2	2
104504770053990537443	0.2	1
113014985491592672748	0.2	1
104358117048008820228	0.2	2
113581031532186206041	0.2	1
118309335059215853130	0.2	1
103028459671171670815	0.2	1
111495219260996792059	0.2	1
109411406785201484035	0.2	1
117622113688699518147	0.2	1
111710453248662183881	0.2	2
117446847889149862257	0.2	2
101484682165850864002	0.2	1
114633204553940455590	0.2	1
114927768184056549683	0.2	2
100763173681966066754	0.2	1
114988732986975429922	0.2	3
106979109780331461698	0.2	2
104624303335777136776	0.2	1
102059080969046880171	0.2	1
104113580567929456569	0.2	1
110336417742585811860	0.2	1
109181377092560074295	0.2	1
102208734708187568650	0.2	3
104370793020795937521	0.2	1
107427021837361378314	0.2	1
114962394313485969991	0.2	1
110935853654119328337	0.2	2
103643488615348054708	0.2	1
115079348703259273523	0.2	1
112420328937145919865	0.2	2
111173094803703952148	0.2	1
106339553906422423499	0.2	2
109096937507780712688	0.2	1
114035377152238611412	0.16666666666666666	1
116214152295449083654	0.16666666666666666	1
112353210404102902472	0.16666666666666666	1
109023389884312980308	0.16666666666666666	2
117697399358826098478	0.16666666666666666	2
103159555629815965457	0.16666666666666666	1
117348320407023229988	0.16666666666666666	1
117412175333096244275	0.16666666666666666	1
115493909535611008593	0.16666666666666666	1
101816897201819301816	0.16666666666666666	1
113882113745075873153	0.16666666666666666	1
113307280901253177004	0.16666666666666666	1
103982276111713522941	0.16666666666666666	1
113524274477709961865	0.16666666666666666	2
113234362691196511996	0.16666666666666666	1
116249696419282354768	0.16666666666666666	1
106086102964676630220	0.16666666666666666	1
105267160531072639404	0.16666666666666666	1
107032629973417803043	0.16666666666666666	1
103791037442392463390	0.16666666666666666	1
100521671383026672718	0.16666666666666666	2
117570997424193022129	0.16666666666666666	1
110457379123667659219	0.16666666666666666	1
116773926891074537094	0.16666666666666666	1
116407216369529269929	0.16666666666666666	1
101467830378124924213	0.16666666666666666	1
101170921864934134760	0.16666666666666666	1
107324780896985004532	0.16666666666666666	2
106518498149043460383	0.16666666666666666	1
102279730966351396904	0.16666666666666666	1
116592860302637560237	0.16666666666666666	1
100903439012963877459	0.16666666666666666	1
106249356480589138528	0.16666666666666666	1
110414002328246477699	0.16666666666666666	1
105539986834758470073	0.16666666666666666	1
104881553641886797564	0.16666666666666666	1
117968638813711182943	0.16666666666666666	2
110925700892828612630	0.16666666666666666	1
112102764670724799986	0.16666666666666666	1
107292410506393279704	0.16666666666666666	1
108952536790629690817	0.16666666666666666	1
104582350838362428477	0.16666666666666666	1
105080657488926892600	0.16666666666666666	1
109938202835872364257	0.16666666666666666	1
118240055279947960144	0.16666666666666666	1
102880704819923280576	0.16666666666666666	1
113134732777458915240	0.16666666666666666	1
110877871709290597487	0.16666666666666666	2
117509748056623279944	0.16666666666666666	1
116264690689625875167	0.16666666666666666	1
103841115375788268033	0.16666666666666666	1
104045385596388934221	0.16666666666666666	1
115037154077533697543	0.16666666666666666	1
115125560263829197471	0.16666666666666666	1
118089545241069128950	0.16666666666666666	1
117307137141568538723	0.16666666666666666	1
110422080214945443369	0.16666666666666666	1
104765077374858078640	0.16666666666666666	1
113822404300317662186	0.16666666666666666	1
108737772845276198949	0.16666666666666666	2
116451180069460019713	0.16666666666666666	1
118141566739575068041	0.16666666666666666	1
105504448953264947749	0.16666666666666666	1
112102249712294179018	0.16666666666666666	1
105261505658161301209	0.16666666666666666	1
109165423394231478282	0.16666666666666666	1
114581482843827283581	0.16666666666666666	1
106587963903888665919	0.16666666666666666	1
105645854458683725897	0.16666666666666666	1
118153620117483606520	0.16666666666666666	1
109173587518715541180	0.16666666666666666	1
115039112804619781585	0.16666666666666666	1
110120975055412232275	0.16666666666666666	1
113886589662733503074	0.16666666666666666	1
101905360432375075769	0.16666666666666666	1
111465806299006144338	0.16666666666666666	1
114007453160694958987	0.16666666666666666	1
106396305685395276275	0.16666666666666666	1
110722017830631452076	0.16666666666666666	2
100133923401924105856	0.16666666666666666	1
111741735957509349724	0.16666666666666666	1
107447628709212341110	0.16666666666666666	1
105624042228625744287	0.16666666666666666	1
104816788933873714602	0.16666666666666666	1
117742535228777659559	0.16666666666666666	1
115398832744470313607	0.16666666666666666	1
106223510202759145604	0.16666666666666666	2
107676463685366770978	0.16666666666666666	1
116287091627154125640	0.16666666666666666	1
108560841711398917840	0.16666666666666666	1
118132829457625280969	0.16666666666666666	1
102612994712772585467	0.16666666666666666	2
111417902015545708883	0.16666666666666666	1
102660989953964708409	0.14285714285714285	1
116238754246766861197	0.14285714285714285	1
111742562190411471360	0.14285714285714285	1
101686035140206326762	0.14285714285714285	1
101996713571292202616	0.14285714285714285	1
101583086855612674114	0.14285714285714285	1
102341992037398887685	0.14285714285714285	1
112301524665122217484	0.14285714285714285	1
116646994957748914305	0.14285714285714285	2
117961703146201862098	0.14285714285714285	1
111666959095947698908	0.14285714285714285	1
102105018058519284080	0.14285714285714285	1
104004159535366455141	0.14285714285714285	1
116975016782920723480	0.14285714285714285	2
104055526251235310168	0.14285714285714285	2
100786474988648206258	0.14285714285714285	1
107709523210339030857	0.14285714285714285	1
102677360507146038290	0.14285714285714285	2
116286148422024495842	0.14285714285714285	1
102917274719634969815	0.14285714285714285	1
106324684210698496058	0.14285714285714285	1
103842724268637996133	0.125	1
106637456504654964261	0.125	1
113553990186994535872	0	1
114499032537341401608	0	1
102314486331710415915	0	2
102001774674190160714	0	1
111427031083594076148	0	1
113350284030565935755	0	1
102533732658641069172	0	2
115126222761735927257	0	1
107707592416977920764	0	1
102668364885894493476	0	1
118169619896432248910	0	3
106717946845088683921	0	1
108187577207608337534	0	1
102812616443955722161	0	1
109043804130056015419	0	1
113368350050440545798	0	1
105101974938696025483	0	1
112855886072993423409	0	2
102475577627906425451	0	1
117180480830995674717	0	1
112042761169587640425	0	1
112366735963271550830	0	2
104648679066882186186	0	3
101485755033831804725	0	1
109296185210191545499	0	1
101432770709896418691	0	2
113640366362186154437	0	1
113155803557968243580	0	1
100131512114705745001	0	1
105933370793992913359	0	1
100622502206917250723	0	1
117331968241546061644	0	1
114420560945258744261	0	1
105847644542845269566	0	1
102788545466749675750	0	1
114395270484267152282	0	1
105507369854704950468	0	1
103253155729844034205	0	2
110765037159669773691	0	1
109351566851431429800	0	2
114424163811716070551	0	1
112011605270017123101	0	2
116713643251733216891	0	1
117285792439228987098	0	1
104620190434702153709	0	1
113413259377846414756	0	1
112333944070832643201	0	1
112737020367584939345	0	1
110260890556821654420	0	2
107429504853356308401	0	1
110773497680585030813	0	1
109925450421274121160	0	1
110576272562952027973	0	1
102109249304509988688	0	2
102377882249382281108	0	1
113974531233755744330	0	1
105662435854962708902	0	2
114618043230336563405	0	2
104328553869453938019	0	2
108544008482166257714	0	2
115085828077786850700	0	1
111766875191585976345	0	1
105390485883966445268	0	1
115981891654314432186	0	1
108152252385291870699	0	2
113899310637703974412	0	1
102221445169419687784	0	2
100202609332472891769	0	1
102666479786555819559	0	1
115759821747220395406	0	1
104055569544634787250	0	1
114459654738061491522	0	2
111965238124790250008	0	1
112558830650398635855	0	1
118415028458509382182	0	1
115969268962696967613	0	1
103352505633175885924	0	1
104507594516381640826	0	1
115045465856038711729	0	1
113644106503391560802	0	1
100188557028585168265	0	2
110535419491586737904	0	1
113824933661370885764	0	1
113198024970456346294	0	1
111519370533500517356	0	1
114542752454519869265	0	2
110678621384626297081	0	1
113391394505904411092	0	1
114246229347349388834	0	2
100679131071077043250	0	1
110807482166400328009	0	1
117191795300697051948	0	1
107066609145001672622	0	2
105806145150627795477	0	1
110840397725980462833	0	1
111415429126255847869	0	1
114477631683184565590	0	1
115785601687445616629	0	1
100029528211512931370	0	1
106628486735146488642	0	1
108855200241623204226	0	2
117149101099765677901	0	1
116217543656262200291	0	1
109874174385539915810	0	1
116166660014087779586	0	2
114610716882275957667	0	1
108588076582379537686	0	2
107531802950961520923	0	1
107665939201638457855	0	1
108091327114614335688	0	2
100441636853062947278	0	1
107734850847395085659	0	1
103944960759793039431	0	1
104409385669127955897	0	1
106640510412906590548	0	2
104660347417549189534	0	1
111164095920889813531	0	1
117603418437094018321	0	1
104645014316393878962	0	1
104344017060836574568	0	1
107342445128902420647	0	1
103712594076999967123	0	1
109305233329647420960	0	1
107932282174453409254	0	1
113455290791279442483	0	1
105496364843932469797	0	1
109950783724926387710	0	1
106831612299895007473	0	1
116207338822985637238	0	1
113030150464930628758	0	1
117347298389053452046	0	1
103810957475669183104	0	1
100922335333661911226	0	1
107267575074518402029	0	1
108884846483132218885	0	2
106428481154949064306	0	1
109886901283528651599	0	2
117919489124812743004	0	1
112093848685120274298	0	1
107771181372242547518	0	1
107119633868971421301	0	1
109157746459549869495	0	2
108914143571823356358	0	1
113808875758581497084	0	1
109099193717756236849	0	2
111817088441696761347	0	1
107153020119028659636	0	1
109345865429707844168	0	1
108519759685616227897	0	1
107266360833541073085	0	1
104408971224491390678	0	1
102337057577849659656	0	1
103994645848469784736	0	1
106275081470874250475	0	1
102604554618567108175	0	1
103355828447574595701	0	1
112092488761167023855	0	2
104750041678566059477	0	1
113096993341203159664	0	2
106777383482946175314	0	1
101252271355699391585	0	1
116256723253368590453	0	1
107982618909749811163	0	2
113049814348257158907	0	1
110116618456227138818	0	1
106677933862286361195	0	1
104109276791574356880	0	1
111418328223012307210	0	1
114228869493885222559	0	2
100969960384821570642	0	1
104342332919011169588	0	1
102370347732140106252	0	1
116640923223897011110	0	2
103053896471087213206	0	1
105228937789154416960	0	1
107587687879128613513	0	2
113149291223192361716	0	1
109998599748459946319	0	1
106660584659892866650	0	2
112311678024009719769	0	1
110662214952613664562	0	1
106454147602673625382	0	1
103474863841074087541	0	1
108416436354072307825	0	1
113751831138079026475	0	1
117958363368979774542	0	2
106160836972670064867	0	1
104035123936872887517	0	1
101357840317619011246	0	3
112066735171359813329	0	1
113616379875900294555	0	1
116931448464482193148	0	1
108141110098021829094	0	1
115265988466116767511	0	1
105725514403789628547	0	1
110255737428907780217	0	1
109667384864782087641	0	1
101131051147225066286	0	1
107780173459297083925	0	2
107573540328970591227	0	1
100651621769656849775	0	2
118382595302850562424	0	1
106959938069947388279	0	1
117423428306382994757	0	1
110793846994571360940	0	1
108543083581582161607	0	1
103800283639647199299	0	3
105831197196958272995	0	1
117198237302447279931	0	1
107855400061191706587	0	2
113043325852920330133	0	2
113189215959398939528	0	2
108612370441345260503	0	1
117122552609146194637	0	1
100235333671543015371	0	1
112659399561175810227	0	1
104027218792812194992	0	1
100587453435728071910	0	1
101074725491059204464	0	1
107492210045200874805	0	1
113690781585587071998	0	1
116354326277822099288	0	1
111380590802067046747	0	1
111071268551800734278	0	2
102010353130079040444	0	1
101073783299646509233	0	1
115652004521466262445	0	1
102149142961377112039	0	1
106538899819981974257	0	2
116941330319027747519	0	2
106987477257819795476	0	1
114300712185217966793	0	3
113433310574439250466	0	2
112617167375743378920	0	1
110996700795632163715	0	2
117967601237571578773	0	1
108282315407758854735	0	2
116638958379604473194	0	1
116979537911597592349	0	1
111080934614023736200	0	1
113272089205540715298	0	1
116581478643467215892	0	2
117847265991358523564	0	1
108259747680008662411	0	1
115654165624607454262	0	1
116979606530523917334	0	1
101178444450047562597	0	3
115858612877723984178	0	1
111651489894039101268	0	1
106466500118578904124	0	2
105905539377582135477	0	1
112477381832788364129	0	1
101287835307087762724	0	1
100714308975866520106	0	1
108180316500281054085	0	1
116764082219010092642	0	2
114340027694294424780	0	1
110926302442846943126	0	1
111774564947668198280	0	1
107425603003008592938	0	1
101817732309915049788	0	1
117033421772248657862	0	1
113020456268567114431	0	1
104618780712707421389	0	1
101969322318189405709	0	1
102336964471657376523	0	2
101525505437106940075	0	1
113847981119703395206	0	1
105020503671181573352	0	1
101469535519901779879	0	1
104313782265210957801	0	1
109805387238713046860	0	2
102401634839921826138	0	3
113626483652811890994	0	1
108411166958581169071	0	1
111246222621577046613	0	2
118339144532043870869	0	1
110405104422759913614	0	1
108822999141156741725	0	1
113658761915460713485	0	1
112838502596906088209	0	1
107666903391422351877	0	1
100920434329630513012	0	1
106129703344859067339	0	1
100374967481882974010	0	1
114993217248667259534	0	1
106990629754929211946	0	1
103246883219045288169	0	3
102465515005511523873	0	1
101356208640425726020	0	1
107665185205744357709	0	2
116946114542400263523	0	1
102867608171969317061	0	1
113012691270611270350	0	1
104410428565848158883	0	2
107728698888290164055	0	1
110485247188890318034	0	1
102199478709507160958	0	1
115713657106864475930	0	2
116077109239205793775	0	1
104441415299714065572	0	1
114180549339604434611	0	1
115993155958620671742	0	1
113417741923337769739	0	1
103824093595801736698	0	1
101317414999081805935	0	1
106741247342869779476	0	1
103020087355939742123	0	1
102049653344545522654	0	2
104271310293021298363	0	1
117790924192019549248	0	2
117662333587584711633	0	1
100777210624696599602	0	1
114810151217987216853	0	2
102545931374877663876	0	2
108315325492732431783	0	1
110987122726818254657	0	1
101719328049755411736	0	1
116591324985774809223	0	1
108730413722442439004	0	1
105699527508121484553	0	1
116425943879968487755	0	1
115143221847216992108	0	1
116369541533844338110	0	1
112333531673086356445	0	1
117154594439362014480	0	1
100207936441421485565	0	1
113868724708557157025	0	1
117721173555291749040	0	1
115360504592641443999	0	1
111168495721795504132	0	1
100817377525577129961	0	3
116344314121481618649	0	1
103751553217540452535	0	1
117255559113742613530	0	1
103763807903648594146	0	1
118055335891923950494	0	1
115813634661274194648	0	1
101932856754565021444	0	1
108682967345230372130	0	1
111794586806164562373	0	1
115361482895735340450	0	1
115277057789088603107	0	1
112304826046424606984	0	1
102538905206519918173	0	1
109177954366701463472	0	1
116507390602031515271	0	1
110933278795835298751	0	1
117308354844474615587	0	1
113204619907190737614	0	1
112341461147733716608	0	1
108772630479900043184	0	1
101341716829353760937	0	1
110195477360832707560	0	1
116298207273891385223	0	1
105256272101444169231	0	3
116628485078475399351	0	1
105713446857040409656	0	2
110846410886522908410	0	1
104885425865662974211	0	1
110229942269904135432	0	1
107742068186422614716	0	2
103810979230792404975	0	1
111930605031058385109	0	1
107840978289262359823	0	1
103897220774015362696	0	2
111130648511494923931	0	1
101800804650521978029	0	1
117533149009594069336	0	2
116637155382770925675	0	1
112416945907493718478	0	1
103673601952617127321	0	3
104891597569772632744	0	1
105379210704223074864	0	1
105556252939234738828	0	1
108814740443144160153	0	1
106407937501626051299	0	2
100252889263681109712	0	2
118036350484185061335	0	1
104551169240087337754	0	2
106746808249727340309	0	1
113859970559545588569	0	1
104816063143339558329	0	1
101065600585133486158	0	1
115924787547381310437	0	1
112452767475521492944	0	1
107932844154820046213	0	1
105773781211679853353	0	1
107092781208664603732	0	1
112440238339188423924	0	1
118066697268210624090	0	1
100821288659076872001	0	1
108251050367746905998	0	1
100013630049144015753	0	2
110399185565600323230	0	1
103658443174578801624	0	1
116978605979778656413	0	1
112238198032992146816	0	1
104855439389611810825	0	1
112817508161462624146	0	1
108007903544513887227	0	1
106797124370878777699	0	1
106779512870994415471	0	1
108205494538593608490	0	3
116729063043238476394	0	1
100060924616628474778	0	1
115491093799377939497	0	1
102075122620500125363	0	1
107001865386452525493	0	2
101231528613060213149	0	2
110379010891045840631	0	1
112768678825253579365	0	1
109569752209143183731	0	2
115488240065207727853	0	1
115973868157880246583	0	1
103172489883046873551	0	2
106602468028995520726	0	1
106179756786317411709	0	1
114975395101514335516	0	1
102096455004923297765	0	1
115950405130837773092	0	2
110273540218887172071	0	1
105459550536348114145	0	1
116111104669712747441	0	1
105383377727627292546	0	1
110756161012524842343	0	1
112472063587247013272	0	1
112579807018599531078	0	1
112424660786025465813	0	2
112996322247073613075	0	1
102970007293376301648	0	1
111829459087404877489	0	1
102094083859699445842	0	1
114470714310930629006	0	1
100821824997509915975	0	3
114719104604682870594	0	1
118104982054097728858	0	1
117893623378590346430	0	1
107384659943257218595	0	1
101907050652697077494	0	1
109892902258932944186	0	1
104949387173642794963	0	1
105506027542572188283	0	1
106817896320216236499	0	1
104881851753267819275	0	1
117608739020419875973	0	1
108508335595072412810	0	1
113593203112351252307	0	1
118406947175698431098	0	1
107125220938042233263	0	2
111586022743140172728	0	2
100773676343502297089	0	2
116662631621472692574	0	1
111770352771993848859	0	2
114999243141151456242	0	1
112446518646932524769	0	1
113639529338283077797	0	1
109853584793684826708	0	1
101791425974855482711	0	1
118178092354059207825	0	1
104420345460673630932	0	1
111789293865876066075	0	1
102559470393874199190	0	1
108488188399754425149	0	1
111866374187735677793	0	1
100829201198975437119	0	1
110640019141676982623	0	1
108583921701807283353	0	1
111171277507992628640	0	1
106552486256183372493	0	1
113282561387998657257	0	1
112158079036657912505	0	1
102245888971117032337	0	1
107369757200940556004	0	1
115362432232547193242	0	1
111528361650742579912	0	1
107081690676952282548	0	1
108975556368164119372	0	2
100811664767161171279	0	1
102812197966704601316	0	2
