#node_label	#score	#gender
100263556312049603251	1.0	2
103617443261375624134	1.0	2
103061751286930964606	1.0	2
116440942480280633315	1.0	2
100193529331792590881	1.0	1
101644064684438565885	1.0	2
116961301915403381264	1.0	1
101258367571562315674	1.0	1
117343149105379821488	1.0	2
109440398756159359729	1.0	2
118309734715241976580	1.0	1
104199266395071496994	1.0	2
102541862239609848647	1.0	1
102103830956994230082	1.0	3
107189810823071706764	0.25	1
114692534205176174033	0.25	1
101916731326740171496	0.25	1
110692522921580153907	0.25	1
108123506134776646550	0.25	1
114473325992080135330	0.25	1
100955790940479209019	0.25	1
104982132039828039809	0.25	1
111986746929163950657	0.25	1
116127033078839124702	0.25	2
105065317973590246539	0.25	2
102762278318790381974	0.25	1
115831773236070302803	0.25	1
111943154038712688786	0.25	1
110945896776944314708	0.25	1
113628787636315115995	0.25	1
102567913505427533346	0.25	1
105389364748387891649	0.25	1
114408733617743313108	0.25	1
117087180594749809131	0.25	1
107308460013033893888	0.25	1
108850030774037828234	0.25	1
101955218540476497502	0.25	1
106678801573617130538	0.25	1
115919766952475225499	0.25	1
101249926870736682397	0.25	1
107561275736053026558	0.25	1
109447323719942836871	0.25	1
117750925255977689651	0.25	2
102923542908465810060	0.25	1
115067134776135480365	0.25	1
115061995253482874549	0.25	1
111255720846165115689	0.25	1
114530703093564359827	0.25	1
100475561456657224558	0.25	1
113987248301500933670	0.25	1
111875380892749915398	0.25	1
115564782916890552732	0.25	3
111394186183061959365	0.25	1
101257022865886917243	0.25	1
115999105574077328889	0.25	1
107988063062924494316	0.2	1
107100991398236552448	0.2	1
103477821462069969842	0.2	1
111721050801656598782	0.2	2
112298538154248260258	0.2	2
117194213012691113543	0.2	1
111802118519275235212	0.2	2
115391090911429381573	0.2	2
117843617175570491498	0.2	1
112761340428079841885	0.2	2
111584384391407513657	0.2	1
117810670330594453912	0.2	1
112708194574821912619	0.2	2
108981679893410895534	0.2	1
114559845119114226260	0.2	1
111873853137122484021	0.2	1
100472608497932134515	0.2	1
115204805503581947511	0.2	1
109429236594408016618	0.2	1
108572627333958532747	0.2	1
105502659434999281505	0.2	1
117042430101993837427	0.2	1
104857406109954440836	0.2	1
104541959256591361052	0.2	1
104932441955983306721	0.2	1
107475835798405892541	0.2	1
110308504049793867883	0.2	2
115530776534617554663	0.2	1
102076033841555832518	0.2	1
106985225777894422538	0.2	2
117942605302461709656	0.2	1
116947906726568301788	0.2	2
102518365620075109973	0.2	1
107867604773686247488	0.2	2
105170424168673410729	0.2	2
107071279348085883078	0.2	1
106641334116207071223	0.2	1
100203083680599645929	0.2	1
116040565882702717981	0.2	1
107459220492917008623	0.2	1
111005826307581852443	0.2	1
114229157887417365950	0.2	1
111856427400498745265	0.2	2
115260307850276266872	0.2	1
111012025679849693029	0.2	1
100968313568314999910	0.2	1
110435582822209082831	0.2	1
105489064367742025310	0.2	2
111580690845803972687	0.2	1
117184181258526632678	0.2	1
101080167733770848150	0.2	1
102045379568573627093	0.2	1
109752393704998577721	0.2	2
114786600820799802034	0.2	1
115213992828326539397	0.2	2
114942600285702701682	0.2	2
100435311988307080376	0.2	2
106592760751584388238	0.2	2
107938424762613608051	0.2	1
101248054507015265353	0.2	1
112726038360301567381	0.2	1
112960723772418803264	0.2	1
102928259944836419922	0.2	1
102905992807889697391	0.2	1
113477263173666842886	0.2	1
105248484118148978714	0.2	1
113616415514109228464	0.2	2
111005570197962924384	0.2	1
104474402194287396870	0.2	1
105754002562827402350	0.2	1
115588307990520146154	0.2	1
118217464013850604733	0.2	1
115334025826276681361	0.2	2
102101676458721740056	0.2	2
111654988216301084265	0.2	1
113409086302056667844	0.2	1
109122539496160679247	0.2	2
108349993144739467020	0.2	1
116507162463328305307	0.2	1
118116012134541220798	0.2	1
106237174356318230057	0.2	2
108002490988800333787	0.2	1
101023776512660753777	0.2	1
113158814439512755352	0.2	2
107078434366023179737	0.2	1
104833564316573420990	0.2	1
108562908057958673728	0.2	1
115936804176235600319	0.2	1
115058384974405026221	0.2	1
116350850471110345426	0.2	1
112392691104944143764	0.2	1
115560798821543443948	0.2	2
106035570729285450613	0.2	2
100476028538979544872	0.2	2
104135390008942230902	0.2	1
112567058389379897606	0.2	2
111392114550347821558	0.2	2
103274398541354707265	0.2	2
108145942486053400600	0.2	1
117408889341288914294	0.2	1
101793532287583914396	0.2	1
101465854435804471513	0.2	1
106724435919605472652	0.2	1
106719979779567208605	0.2	1
105209854925481789028	0.2	1
106831762557971378854	0.2	1
100425739170055690781	0.2	1
113973458554656282296	0.2	2
114051322401103919567	0.2	1
113339552992922631802	0.2	1
116395157933882773759	0.2	1
111718830236077991058	0.2	1
105933969669785529812	0.2	1
106658849511427440492	0.2	1
104591893998825912318	0.2	2
114989358912013434555	0.2	1
116224141183993298084	0.2	2
103698889037599783920	0.2	2
117453423214170501228	0.2	1
114056084994793924628	0.2	1
103236949470535942612	0.2	1
117697399358826098478	0.2	2
113859540036726448291	0.2	2
102200175417231899136	0.2	1
106519253237690493844	0.2	1
113112256846010263985	0.2	1
106206424594758074492	0.2	1
107021386578061403393	0.2	1
102384669117825357195	0.2	2
109342148209917802565	0.2	1
111144389496315143142	0.2	2
110083467573773561712	0.2	1
102390118349128083852	0.2	2
100132612879660965860	0.2	1
112483478278653569632	0.2	2
100892612779426154375	0.2	1
115978949584209885559	0.2	1
105044049419763533097	0.2	1
110275700940996733061	0.2	1
110798258135890723173	0.2	1
117829180598920486765	0.2	1
109123727761757726835	0.2	2
108360574989017497426	0.2	1
115899601830613537531	0.2	1
104299069067050790227	0.2	1
114369704013100203178	0.2	1
109774951215877430341	0.2	1
111862324534985995584	0.2	2
108542426628002931624	0.2	1
108212748463061367877	0.2	1
102373191596205712937	0.2	1
103914809547503560483	0.2	1
108202989932786461870	0.2	1
113456203738507213575	0.2	2
117055729266754416915	0.2	1
117807705400441218332	0.2	2
104476950632308886760	0.2	1
105001226804902733960	0.2	2
101739074761305730330	0.2	1
114955415628566000965	0.2	1
100458759797322732511	0.2	1
103650951579527262798	0.2	3
117076560344374809655	0.2	1
111099835542235293080	0.2	1
111402735079180150346	0.2	1
106393478695568433143	0.2	1
116043947632177598920	0.2	1
108172484409323965612	0.2	1
100961385622810058361	0.2	2
106123026171763346651	0.2	2
105390077271236874234	0.2	1
100936611936552412031	0.2	1
100646334382638139241	0.2	1
105785197801929483800	0.2	2
114608978230857086565	0.2	1
113330053950020592701	0.2	1
117908990679728978748	0.2	1
102255720890649514668	0.2	1
112955170148517351887	0.2	2
105706178492556563330	0.2	1
115313918520629129044	0.2	2
106075926887576280408	0.2	1
110971010308065250763	0.2	1
103011091457132318020	0.2	1
116532796765106918781	0.2	2
116635733481657432974	0.2	1
101962829696981365403	0.2	1
103399149369474669101	0.2	1
106269556673463382281	0.2	2
115970197492058000536	0.2	1
104723167398398004122	0.2	1
108889193619527620927	0.2	2
103519655975029093996	0.2	1
110008116244179984313	0.2	2
117608643645928114645	0.2	2
102456777374003067692	0.2	1
111091089527727420853	0.2	1
103668714482917553215	0.2	2
110262216018743478098	0.2	1
102503573464210184147	0.2	2
104920733213047887355	0.2	1
109330684746468207713	0.2	1
117783113906561198831	0.2	1
103216887847401478447	0.2	1
107901567859451189933	0.2	2
114804209965724781514	0.2	1
116019679624630088478	0.2	1
116696943168863559388	0.2	1
108855274112594118541	0.2	1
100668872320235339612	0.2	2
110258598415939907971	0.2	2
111065108889012087599	0.2	1
107804070296565459878	0.2	1
111852119488463725230	0.2	1
112930364932290387951	0.2	1
104428652661915452732	0.2	2
112307283830146683885	0.2	1
101670592154326222488	0.2	2
101965232098049360563	0.2	2
111213696402662884531	0.2	1
110679139153805343729	0.2	2
100730931531762511307	0.2	2
109879616923579051168	0.2	1
118376303525124349504	0.2	2
102784256721052975175	0.2	3
116867368573175665922	0.2	1
115868797658348406026	0.2	1
103102581616407808980	0.2	2
115891696950731235305	0.2	2
106356302054336184712	0.2	2
109654360331158943231	0.2	1
113920526057233976680	0.2	2
113455290791279442483	0.2	1
104195596535276000851	0.2	1
109821038180443243017	0.2	2
117681034834791918293	0.2	2
104763480255337902487	0.2	1
115301479188362996944	0.2	1
112317819390625199896	0.2	2
100041278096196429823	0.2	1
113898542716176054241	0.2	2
103934498584461808445	0.2	1
109549749746353031555	0.2	2
118107045405823607895	0.2	1
110801246970250123214	0.2	2
109678206263874497523	0.2	1
112887471725868554772	0.2	1
107390515497901191392	0.2	1
118225072890086333052	0.2	1
104792719356592263558	0.2	1
114718380011770565988	0.2	1
115924865466302265389	0.2	1
116947923643606285942	0.2	1
101240786246366714589	0.2	1
118118349987811516739	0.2	1
108306073756639379939	0.2	1
107998653347447314576	0.2	1
116858411518207742762	0.2	1
116799045993451756042	0.2	1
114729740472671073461	0.2	1
113312804462990112705	0.2	2
101594994894172024242	0.2	1
102040763864961338414	0.2	1
117561536843314919073	0.2	1
106915458430369636793	0.2	2
115145459232977220050	0.2	2
104414006889440330710	0.2	1
112801448828869860546	0.2	1
110531464097678520138	0.2	1
113438256900303213931	0.2	1
104547122294871942949	0.2	1
104232333688560515077	0.2	1
105318217552727882571	0.2	1
101259445219481496562	0.2	1
107396656126703375612	0.2	1
112016758168531084450	0.2	1
109580245554247104400	0.2	1
102554407414282880001	0.2	1
109489575895255638957	0.2	1
111306716939512863437	0.2	1
103157838382139356964	0.2	2
105551989431666449555	0.2	1
101035196437264488455	0.2	1
107489144252174167638	0.2	1
114835618008913240560	0.2	1
109268388872941447574	0.2	1
113543880726286626830	0.2	1
116887436546769375688	0.2	2
114428750997696634020	0.2	2
114924205158387502434	0.2	1
117624867943351457090	0.2	1
101114516910832196188	0.2	2
117757565120070816446	0.2	2
101384112455887732241	0.2	1
114516047414042281846	0.2	1
106289562822644692555	0.2	1
109462948655854300805	0.2	1
117628681291628194488	0.2	2
110573952887886961621	0.2	1
117439726142720584478	0.2	1
104799160568450312846	0.2	1
105237212888595777019	0.2	1
106992323093389636048	0.2	1
107362628080904735459	0.2	1
100185707560478368490	0.2	2
111299245834134954469	0.2	1
115031186148141783321	0.2	1
106756633331481645467	0.2	2
103547101416445539717	0.2	2
115121555137256496805	0.2	1
101789011227801183737	0.2	2
117440800608070428322	0.2	2
109372974572557264826	0.2	2
101367799604091052665	0.2	1
100733334063966339322	0.2	2
114928198262227163707	0.2	2
111395336413321899601	0.2	2
104866519156997639676	0.2	1
111709710017308986916	0.2	1
104216250754098287625	0.2	2
100078878374475798187	0.2	2
111270516343042952713	0.2	1
107432579405738142143	0.2	1
117139337839412508538	0.2	2
102479713175050730556	0.2	2
109964959136982994865	0.2	2
112239399119140369569	0.2	1
116186189237238523381	0.2	1
116969930454143715987	0.2	2
100042103285281335447	0.2	2
115319136089718062451	0.2	2
117599181480696978620	0.2	1
105461498993551154531	0.2	1
100771715351072186974	0.2	1
117330206560237476823	0.2	2
101828183984777718546	0.2	1
100682750104979237904	0.2	1
100979083303194896664	0.2	1
109944522594844042343	0.2	1
114892500991414846925	0.2	1
115653522232867695783	0.2	1
113240255242422536778	0.2	1
118249659762501201824	0.2	2
106772544387169323774	0.2	1
112917540183250234327	0.2	1
104401462206426890612	0.2	1
107542742799095073899	0.2	1
113367609333589754250	0.2	1
101943035898572565380	0.2	1
105629715514672156567	0.2	1
114206318263110605424	0.2	2
103652441454188509895	0.2	1
109795502005319949067	0.2	1
115890818529847454494	0.2	1
113890545538451545819	0.2	2
100981094128306703777	0.2	1
104247640051669568745	0.2	1
104987932455782713675	0.2	1
108437871879281403721	0.2	2
112713253274714848202	0.2	1
105647897153052672470	0.2	2
103483946223213592002	0.2	1
118007706416783694636	0.2	1
115188225931820970468	0.2	2
103272086464849313300	0.2	1
104175800083885366194	0.2	1
116594199576805510790	0.2	1
117876399076277118155	0.2	2
110912055212888170698	0.2	1
107872453590280383097	0.2	1
112374836634096795698	0.2	1
115185449105972818666	0.2	1
101136821588323538805	0.2	2
103486150650858067282	0.2	1
107101215197232285494	0.2	1
109711721158856077787	0.2	2
118163822095608736409	0.2	2
103850326109556474629	0.2	1
101260642389146169174	0.2	1
108215644829092784557	0.2	1
117989653555276812911	0.2	1
103452918388494679539	0.2	2
108381946171530737687	0.2	1
115744367121497635027	0.2	1
101958328416568661251	0.2	1
102865263115020893218	0.2	1
102029505169101002492	0.2	1
102450415382144556678	0.2	2
101081302875324360817	0.2	1
110926044103685392009	0.2	2
103497375962504727564	0.2	2
113944846007907559686	0.2	1
110953639273542670640	0.2	1
111347373455607606946	0.2	2
111433926516886244464	0.2	1
108628946684172970453	0.2	1
101140516949313637221	0.2	2
112849417691659712948	0.2	1
114996040064692233406	0.2	1
116203063268554516602	0.2	1
117058794763073546749	0.2	1
100962871525684315897	0.2	1
102227359845636175866	0.2	1
108153298436385586584	0.2	1
104405539079062799451	0.2	1
107296660002634487593	0.2	1
100513454716900546707	0.2	1
113686253941057080055	0.2	1
103890729645166628689	0.2	1
117639700323467566828	0.2	2
101396087935203987162	0.2	1
100584443531788315896	0.2	1
108276017039691136956	0.2	1
102476152658204495450	0.2	2
103300251675957426298	0.2	1
101479786945601747027	0.2	1
111461898615826577872	0.2	2
111582178452856649868	0.2	1
114858496219143473247	0.2	2
100267777884892163462	0.2	1
109558101300738560330	0.2	1
114785407040665700728	0.2	1
115120856388820348736	0.2	1
102034052532213921839	0.2	1
114326598742556205027	0.2	2
104572208149483055701	0.2	1
101484020753179036782	0.2	1
104618664838382110366	0.2	1
108693140064226726422	0.2	2
108710095010646545899	0.2	1
106145469678511903598	0.2	2
107735463852757635702	0.2	1
107550335129662216109	0.2	1
103222059923542490202	0.2	1
111382451300271293204	0.2	1
104877931759093166358	0.2	1
117469254161260370390	0.2	1
104773114435400845358	0.2	1
116272870812037282078	0.2	1
100706538401423794187	0.2	1
115380981948224185206	0.2	1
112349335732307259423	0.2	1
103804663344631918364	0.2	1
114125900939049731990	0.2	1
107483714191607682955	0.2	1
116805285176805120365	0.2	1
102245160667846222465	0.2	2
101284351122630201972	0.2	1
113219234233002030280	0.2	1
103745869527930210628	0.2	1
102618973624412901405	0.2	1
100398188574403174312	0.2	1
114116833275992871837	0.2	1
106131533046921693069	0.2	2
108901237855028365685	0.2	2
102170431816592344972	0.2	1
116005508984353537141	0.2	2
103147347309732225253	0.2	1
101261243957067319422	0.2	1
112709496574544965957	0.2	1
103986857822813239790	0.2	1
103385680316204614182	0.2	2
118007019733262675418	0.2	1
111907009595057957530	0.2	1
114092052797730247075	0.2	1
101313088594783802183	0.2	1
117811613233118718736	0.2	1
110109050164240978800	0.2	2
107235139478887256327	0.2	1
104382762618096318900	0.2	1
117223994457188027071	0.2	1
104671567585541913784	0.2	1
102143577107646910352	0.2	2
115088395571975402329	0.2	2
109918631905002824833	0.2	2
109294320651051585195	0.2	1
106545119499149519545	0.2	1
110502833538176908275	0.2	1
113483482538827761186	0.2	2
114781733768882207731	0.2	2
108629717769018996477	0.2	1
105216491640488683417	0.2	2
116003173317666197115	0.2	1
100113893728846123575	0.2	2
107188644308200975786	0.2	1
110528202096810721992	0.2	2
116247667398036716276	0.2	1
118418436905562612953	0.2	2
109812154559522809355	0.2	2
115950459566444630295	0.2	2
112803497925972506176	0.2	2
109371009787047031940	0.2	2
103072529277586365615	0.2	3
113732407960988166259	0.2	2
111048918866742956374	0.2	1
111206573985571880035	0.2	1
107054441882391722914	0.2	2
111905796037369659608	0.2	2
105438216157712951149	0.2	1
117626789345166000865	0.2	2
115481103967401468109	0.2	1
103210557789113405675	0.2	2
118232610543243748223	0.2	2
115474770804712802102	0.2	1
112661262066626464523	0.2	1
111996742089007071200	0.2	1
107527597142542760332	0.2	2
109640485316880454144	0.2	1
100904865892153488706	0.2	1
113179124197886505119	0.2	1
108470782772821648496	0.2	2
110832757232205553423	0.2	2
108464819424870648074	0.2	2
111154830774440434177	0.2	2
117667127854309405610	0.2	1
107164311860815549291	0.2	1
115480174184871138471	0.2	1
108093196978439295882	0.2	1
115728458120419023779	0.2	1
108841832325132447462	0.2	2
102257836016223453635	0.2	2
107005847245951907687	0.2	2
111419564832268061657	0.2	1
115781772724214159797	0.2	1
105459830584243636071	0.2	1
108770653757133854006	0.2	1
108156225708934962939	0.2	2
114494415120007551811	0.2	2
106764351587377041357	0.2	2
105474322833740648426	0.2	1
110724521466741929088	0.2	1
101087661630872953963	0.2	1
108990610107970137958	0.2	1
111621508968310608742	0.2	1
118346814263658561696	0.2	2
117884196056085122905	0.2	1
110106586947414476573	0.2	1
101477969101730691304	0.2	1
115430526592747192094	0.2	2
117574356623680867920	0.2	1
108440958693295511265	0.2	2
100309650424237078484	0.2	2
109991831337346806782	0.2	1
104672614700283598130	0.2	2
108742841816580780267	0.2	1
109970338579215706051	0.2	1
100612911577625090744	0.2	2
116033514987434864583	0.2	2
112549865623022776088	0.2	2
109279067119146991381	0.2	1
113290672035628347544	0.2	1
110527094571018831478	0.2	1
103495900583414791676	0.2	1
101325889391463889743	0.2	1
110872680209848450651	0.2	1
107786777834250014923	0.2	1
108521220621797340420	0.2	2
108246157440293603595	0.2	1
102361210546794892202	0.2	2
118014447384188316208	0.2	1
108177381721794114207	0.2	1
102615863344410467759	0.2	2
100996052305795888056	0.2	2
102932986213331794453	0.2	2
112052311699854553980	0.2	1
100438852388634452785	0.2	1
114163977627053244970	0.2	1
108361769884418874336	0.2	1
114109358033475557095	0.2	1
108583549213384762507	0.2	1
111299398086174331820	0.2	2
107417175494677254389	0.2	2
114141781680337881069	0.2	1
102831665227220244641	0.2	1
101957725892036154972	0.2	1
109523302262898329619	0.2	1
101347844182145690369	0.2	1
112893040969012292659	0.2	1
116595967470006523047	0.2	2
109557059779760536529	0.2	1
118256742706141559491	0.2	1
104828307327495742132	0.2	1
115440213129297896810	0.2	1
116523738590549290523	0.2	1
107104993341632204554	0.2	1
100963294451681702573	0.2	3
102299650130760903136	0.2	1
114440260197720874095	0.2	2
106898788320996747381	0.16666666666666666	1
105943946099362806788	0.16666666666666666	1
100512649718649402368	0.16666666666666666	1
112380861379242468878	0.16666666666666666	2
117193081810922236287	0.16666666666666666	1
104277202662943073951	0.16666666666666666	1
111349868439224262161	0.16666666666666666	1
107383157816966336384	0.16666666666666666	1
104023113964276937206	0.16666666666666666	2
118274547296450170219	0.16666666666666666	1
111467571863784432386	0.16666666666666666	1
103697821787469756035	0.16666666666666666	1
107960447712389929333	0.16666666666666666	1
107826059696278341352	0.16666666666666666	1
108189587050871927619	0.16666666666666666	1
108591415374085469592	0.16666666666666666	1
105353825031817385327	0.16666666666666666	2
109596219054914376350	0.16666666666666666	1
109592634059397506775	0.16666666666666666	1
110899709105002539146	0.16666666666666666	1
104873145996437055631	0.16666666666666666	1
103275414019940070295	0.16666666666666666	1
116416314233992548280	0.16666666666666666	1
105421360534824524100	0.16666666666666666	1
100741797558437727880	0.16666666666666666	1
117933248848152566378	0.16666666666666666	1
110492963926129353210	0.16666666666666666	1
115680523443701125305	0.16666666666666666	1
108032623298499022371	0.16666666666666666	1
104973761519912571719	0.16666666666666666	2
103265725040196114985	0.16666666666666666	2
115128808368924712465	0.16666666666666666	2
100379345990767507644	0.16666666666666666	1
114937159104437904637	0.16666666666666666	1
102629283495814186588	0.16666666666666666	1
108417129586581977230	0.16666666666666666	1
112374665739066603956	0.16666666666666666	2
100535338638690515335	0.16666666666666666	1
113506158551051150184	0.16666666666666666	1
116726656419067738394	0.16666666666666666	1
117388252776312694644	0.16666666666666666	1
115783794965589110885	0.16666666666666666	2
101279713658443982828	0.16666666666666666	1
113116318008017777871	0.16666666666666666	1
108805430409141907975	0.16666666666666666	1
102871123574468799566	0.16666666666666666	1
110677399908549124400	0.16666666666666666	1
108062915397530291442	0.16666666666666666	2
111655402802831199860	0.16666666666666666	1
110653252938491780865	0.16666666666666666	2
112167537071236360448	0.16666666666666666	2
104950987080776411366	0.16666666666666666	1
105090097813727726765	0.16666666666666666	1
107742059751171695340	0.16666666666666666	2
111204757488124368395	0.16666666666666666	1
106962901393110437619	0.16666666666666666	1
101901560303275458765	0.16666666666666666	1
108705174211639807508	0.16666666666666666	1
109502062797751080516	0.16666666666666666	2
100256917721000377378	0.16666666666666666	1
100918044514429497479	0.16666666666666666	1
105508660898837488930	0.16666666666666666	2
109602109099036550366	0.16666666666666666	1
115944395067441498798	0.16666666666666666	1
111112025676552476481	0.16666666666666666	2
109514953772691828689	0.16666666666666666	2
115360471097759949621	0.16666666666666666	1
103604782822125275634	0.16666666666666666	1
113795961594472514455	0.16666666666666666	2
111698736271993872736	0.16666666666666666	1
112311470127292513285	0.16666666666666666	2
105256156026694816333	0.16666666666666666	1
118255645714452180374	0.16666666666666666	2
116307911956851384448	0.16666666666666666	1
112838793483606070770	0.16666666666666666	1
115644140961688148645	0.16666666666666666	2
103159555629815965457	0.16666666666666666	1
111159658956629309030	0.16666666666666666	1
108592492626878929409	0.16666666666666666	2
101849747879612982297	0.16666666666666666	3
103040064606340581204	0.16666666666666666	2
103389452828130864950	0.16666666666666666	1
101500353301932666956	0.16666666666666666	1
110403674278682288627	0.16666666666666666	1
100254540977147179100	0.16666666666666666	1
104635208492390994067	0.16666666666666666	2
112586149667607531498	0.16666666666666666	1
102819601951340975332	0.16666666666666666	1
118066818975852193948	0.16666666666666666	1
110563351377427897709	0.16666666666666666	1
110260043240685719403	0.16666666666666666	1
106543260195129228161	0.16666666666666666	1
110025177084709634671	0.16666666666666666	1
101218371689622128361	0.16666666666666666	1
107825480915810491568	0.16666666666666666	1
111215626086255858123	0.16666666666666666	1
114279948781058412123	0.16666666666666666	1
100319197841789445348	0.16666666666666666	1
104707169684560224771	0.16666666666666666	1
100822674460181863531	0.16666666666666666	1
115582623750221438794	0.16666666666666666	1
112264007058552411891	0.16666666666666666	1
100974258168375166691	0.16666666666666666	2
103125033072979054061	0.16666666666666666	1
104959239343823460659	0.16666666666666666	1
101802135854442797370	0.16666666666666666	1
112055653843373622145	0.16666666666666666	2
100264010813126229552	0.16666666666666666	1
104468325220385460810	0.16666666666666666	2
117720859528939537832	0.16666666666666666	2
106227412545122780041	0.16666666666666666	1
111518627657059019573	0.16666666666666666	1
113102179663329232861	0.16666666666666666	1
107979724997299395580	0.16666666666666666	1
109106843297496158611	0.16666666666666666	2
104605946488794124557	0.16666666666666666	1
100415345527134852246	0.16666666666666666	1
116214152295449083654	0.16666666666666666	1
104687084595514519121	0.16666666666666666	2
108740570618849247850	0.16666666666666666	2
102902625410580020337	0.16666666666666666	1
110213257974797510242	0.16666666666666666	2
115846431570128562213	0.16666666666666666	2
103413026854903721037	0.16666666666666666	1
100192177206468421799	0.16666666666666666	2
103503784030163121732	0.16666666666666666	1
114765095157367281222	0.16666666666666666	1
107367321037881705366	0.16666666666666666	1
100393796619588237495	0.16666666666666666	2
102947087668557993074	0.16666666666666666	1
112081582311024489617	0.16666666666666666	1
108541235642523883716	0.16666666666666666	1
106792630639449031994	0.16666666666666666	2
107980702132412632948	0.16666666666666666	1
102485721261724622399	0.16666666666666666	1
101578521156778759438	0.16666666666666666	2
101220763711015957928	0.16666666666666666	1
110477940246597348169	0.16666666666666666	1
106215718640234782825	0.16666666666666666	2
114853458007065354930	0.16666666666666666	1
109174551750397653742	0.16666666666666666	1
110791260170772171960	0.16666666666666666	2
105574566053602019710	0.16666666666666666	1
101884585568919816868	0.16666666666666666	1
104172605235456337283	0.16666666666666666	2
113190229460560085138	0.16666666666666666	1
107795754164557092472	0.16666666666666666	3
107554392786806012173	0.16666666666666666	1
115417864038557557353	0.16666666666666666	3
115455024457484679647	0.16666666666666666	2
104894006540398879413	0.16666666666666666	2
109602707318554937554	0.16666666666666666	1
100124389520659251191	0.16666666666666666	1
110394599356932147330	0.16666666666666666	1
109117683049682245427	0.16666666666666666	2
102353406400546786856	0.16666666666666666	2
107944050637158587585	0.16666666666666666	2
104755336394155711931	0.16666666666666666	1
116268124700162834377	0.16666666666666666	2
103541694080221120019	0.16666666666666666	1
116795588896205305639	0.16666666666666666	2
109868957506032979971	0.16666666666666666	2
102725109790365996602	0.16666666666666666	1
107379489464447013340	0.16666666666666666	2
114238848179918960497	0.16666666666666666	1
106843231388943252632	0.16666666666666666	2
111627219638715165418	0.16666666666666666	1
107065336501862655756	0.16666666666666666	1
108925095650421163240	0.16666666666666666	1
103678929192213568672	0.16666666666666666	1
102991700177087923792	0.16666666666666666	2
101265287919160637317	0.16666666666666666	2
111742562190411471360	0.16666666666666666	1
110123942613836183623	0.16666666666666666	1
109851037140005639446	0.16666666666666666	1
108809238871290369247	0.16666666666666666	1
103811404006133144900	0.16666666666666666	1
103754097164328193776	0.16666666666666666	2
106697990439321545773	0.16666666666666666	2
114205886464523850911	0.16666666666666666	1
118207880179234484610	0.16666666666666666	2
101041324078144085298	0.16666666666666666	1
111794880075712844485	0.16666666666666666	1
104075949870616365732	0.16666666666666666	1
111365282087600317160	0.16666666666666666	2
103970830134526479966	0.16666666666666666	2
108051021252725301009	0.16666666666666666	2
114551199693334565912	0.16666666666666666	1
116600660010359542514	0.16666666666666666	2
105736363132830887409	0.16666666666666666	2
100350314821436897497	0.16666666666666666	1
106339855245689661753	0.16666666666666666	1
117596712775912423303	0.16666666666666666	1
105842589798275587676	0.16666666666666666	1
101265429413963140460	0.16666666666666666	1
117790991727782414288	0.16666666666666666	2
106639396424392100255	0.16666666666666666	1
118036378782834084572	0.16666666666666666	1
110733861070030030756	0.16666666666666666	2
111623257688043413549	0.16666666666666666	1
117115170288798542654	0.16666666666666666	2
103791037442392463390	0.16666666666666666	1
116008682241717968930	0.16666666666666666	2
115655034901162574758	0.16666666666666666	2
113991330141699293513	0.16666666666666666	1
104958774037586091146	0.16666666666666666	1
102599404030644248682	0.16666666666666666	2
100327017863569781027	0.16666666666666666	2
109023389884312980308	0.16666666666666666	2
108958286033422167638	0.16666666666666666	2
109435734596610253348	0.16666666666666666	2
103838513499909284349	0.16666666666666666	1
113121873571555520751	0.16666666666666666	2
113735767187692818263	0.16666666666666666	1
100635257420145357600	0.16666666666666666	1
107455323561998387725	0.16666666666666666	2
114941970336144889986	0.16666666666666666	1
112970980012435940193	0.16666666666666666	2
101174951617223562800	0.16666666666666666	1
106269381195811573244	0.16666666666666666	2
107943540329676173595	0.16666666666666666	1
106309146993207525382	0.16666666666666666	1
112596973929133983413	0.16666666666666666	2
117877432795779055982	0.16666666666666666	1
109744566135017200099	0.16666666666666666	2
114739558093601487367	0.16666666666666666	2
106148235067079427902	0.16666666666666666	1
111591915134185053959	0.16666666666666666	1
113575786764459106032	0.16666666666666666	2
109402458426797110286	0.16666666666666666	1
103310002187772520535	0.16666666666666666	1
109969779660139278806	0.16666666666666666	2
111207601369830522483	0.16666666666666666	2
103349298830526506684	0.16666666666666666	2
100404352969213892988	0.16666666666666666	2
102132208040210086853	0.16666666666666666	3
107441363540562344623	0.16666666666666666	1
117434823609267409508	0.16666666666666666	1
115558165321588976909	0.16666666666666666	3
104323674441008487802	0.16666666666666666	1
101928220831375355212	0.16666666666666666	1
105400736676917752271	0.16666666666666666	1
116052685905739497155	0.16666666666666666	2
104595698623653863070	0.16666666666666666	1
112745347790923628984	0.16666666666666666	2
112353210404102902472	0.16666666666666666	1
102068992772785531303	0.16666666666666666	1
113520326117884248268	0.16666666666666666	1
106343408208037165295	0.16666666666666666	2
107945088178681074058	0.16666666666666666	1
118170059441102440825	0.16666666666666666	1
103319525177525643519	0.16666666666666666	1
111799058807207334437	0.16666666666666666	1
105412390488287120602	0.16666666666666666	2
105849945688284580853	0.16666666666666666	2
108191133737836097923	0.16666666666666666	1
109679615340983028948	0.16666666666666666	1
111682768278045432862	0.16666666666666666	1
103852324975670734161	0.16666666666666666	1
113385341103270852141	0.16666666666666666	1
103799690473238344994	0.16666666666666666	1
103197063675476736032	0.16666666666666666	1
108365517181587106756	0.16666666666666666	2
117836439636811926669	0.16666666666666666	1
116450813054809304103	0.14285714285714285	2
108525367100035374786	0.14285714285714285	1
103901861766003806291	0.14285714285714285	1
111235931132862419691	0.14285714285714285	1
102176681597746495007	0.14285714285714285	1
105920308210036883695	0.14285714285714285	2
117862185251638475440	0.14285714285714285	2
100824715802751519764	0.14285714285714285	1
114486238542003375762	0.14285714285714285	1
117752558300472675930	0.14285714285714285	1
110839411749298049815	0.125	1
113097851206100618060	0	2
118029848541356213863	0	1
100377493270775536948	0	1
103784452522248646050	0	1
104081052260915687825	0	1
116219534929662479848	0	1
109220060006128553211	0	1
102409541521880756024	0	1
104548627795526843775	0	1
104903624377148575182	0	2
106133480923323663427	0	1
106499409180130178424	0	1
111764754316869949519	0	1
107185271908509011656	0	1
116056482297838775754	0	2
115750528894734726151	0	2
109403702254529528210	0	2
106711803105103787711	0	1
118320665823821681206	0	1
117728611187295597769	0	1
108527329601014444443	0	2
111962077049890418486	0	1
113847951893881070422	0	2
101388018903852140490	0	2
113107253403679023320	0	2
117000139571713536948	0	1
117951052831974893962	0	2
105336425684208963598	0	2
108152252385291870699	0	2
114536133164105123829	0	2
110036682383342142442	0	1
114979733565079457374	0	2
107490600889040777735	0	2
105574658238411076580	0	2
104770776614693816879	0	1
116008246625614132322	0	1
109187026428012507334	0	1
100464702037351657177	0	1
112617127041903537004	0	1
101006001190131292549	0	1
108439032486286528947	0	1
116682290311789132796	0	2
107494834634231938072	0	2
110217867677589593536	0	2
108997691220733289568	0	1
104241567849916091297	0	2
111240230493422963077	0	2
114465081195625970268	0	2
114634469290344215480	0	1
116369071500456395369	0	1
103729265970315886187	0	2
118208834515255752193	0	2
117856703419806322061	0	1
112507990251148189537	0	2
111124838372075709293	0	2
116111409898168592074	0	2
115614791007645952267	0	2
117075503202449801357	0	1
115249860954021772424	0	2
114025996339678208608	0	1
116755139777604884366	0	2
103719067712188912978	0	2
114820480752300993890	0	2
100013234150524277230	0	1
105380757076586578977	0	1
101145980349117737014	0	1
109813896768294978296	0	1
112582061365461975085	0	1
115924787547381310437	0	1
117059593834355077199	0	1
101062806117760486151	0	2
103950094023645163151	0	2
112750091316252656625	0	1
108494543072985022907	0	1
114790124739400437749	0	2
117429320390907645600	0	1
112369916221417513808	0	1
114127684466692817416	0	2
108584805279585306962	0	2
108281923609340751312	0	1
109445694594960760956	0	2
108598077692133439544	0	2
105248358908992136650	0	1
104644705068936006621	0	1
113472184832544483745	0	1
102873175118305865375	0	1
113702637309752822154	0	1
116992221479414639679	0	2
109599264104287783896	0	1
100987418482959610835	0	1
115603501102777898212	0	2
118164441818555589158	0	1
114023941350334024054	0	1
117690673854187012438	0	1
116631329713205553508	0	2
100136527797675794868	0	1
113464569897311842405	0	1
100477468779103147764	0	2
106717946845088683921	0	1
108904364100929057342	0	1
102958885594778683836	0	2
106567570642614609073	0	1
115571998474046088312	0	2
102312649610103790540	0	2
117538652293656395994	0	1
107120385844936556531	0	2
112732938301956933096	0	2
113621734687034433968	0	1
115105647022907007398	0	2
113186623583029971455	0	2
107982618909749811163	0	2
103878892760050193072	0	2
100764366777854207244	0	2
107784212140893392732	0	1
102349305007676725479	0	1
111988916680313318873	0	2
104282453580753584553	0	2
114764567692252908296	0	2
117302873158452325530	0	1
113048604335341521429	0	1
109556244641607065276	0	2
117734822558943142123	0	2
115590741447197562412	0	2
104576727759037345785	0	1
117125550255177987857	0	1
106073502505833617615	0	2
112971045758474660173	0	2
113625462103500841369	0	2
113522167310199103094	0	1
114391345252268389899	0	2
104384618198413714249	0	1
105716329127556664968	0	2
107542632252660344559	0	1
113250691524784561414	0	1
104437636865235134368	0	1
111550407529980977602	0	2
105046530334806680420	0	1
110367850779921090576	0	1
109412257237874861202	0	1
107737400023695101758	0	1
114951153220032017716	0	1
108924136210249299218	0	1
104112700502285331526	0	2
109501436364165187027	0	2
102755548808767411605	0	2
108480599252932396008	0	1
105635031252803626892	0	1
100048100630151349283	0	2
103761326311610249621	0	1
109059323985123972456	0	1
110806949181190360839	0	2
115961021629090154025	0	1
101059049290567215584	0	1
113977984500465768287	0	2
103855721758679327070	0	2
104522833443181754677	0	2
108347134468694009774	0	2
100081688755411201393	0	1
110974772585842612281	0	2
111595222939363138724	0	2
109031486518632696635	0	1
117614470593378431513	0	2
106983800549406471589	0	1
114703714445331612880	0	1
104100048721044197927	0	2
111747381273060022672	0	2
115045465856038711729	0	1
107902791674095682080	0	1
110136818693267034218	0	1
109682939969680363210	0	2
112548541403272545854	0	1
109364225972033274255	0	2
110051435860595155587	0	2
108189481625587435470	0	1
116610527104514904972	0	2
116640923223897011110	0	2
113654461547690050667	0	1
116634741790401617299	0	2
111562638514922412630	0	1
111699855306814304937	0	2
113082126848885774249	0	1
102920063140431683002	0	1
118369314436085435945	0	2
114390577443742844389	0	2
116197193480724162859	0	1
113595722144466261201	0	1
112775759305765347433	0	1
105423010364729238500	0	2
118306516911843051370	0	1
102528718122061029071	0	1
110913165455688349197	0	2
111267975895881595717	0	2
112957708071337353347	0	1
108099300904077351421	0	1
111346029664121783189	0	2
102510959683814539027	0	1
117006597120197469949	0	1
110592217550794732321	0	1
105806145150627795477	0	1
116303122205999176427	0	2
107718413955878443270	0	2
112913484150349941453	0	2
112394073189243318795	0	2
100743725447442502921	0	1
105040001333571511595	0	1
111112809838472063992	0	1
100989405473280437703	0	1
111983961140937248134	0	2
115304232819929344853	0	1
111376872709029407490	0	1
117285792439228987098	0	1
117884476143887009277	0	1
110054750107833929512	0	1
114045800510530461940	0	2
107386502152174751016	0	2
102377882249382281108	0	1
100661648032094165691	0	1
104316443417435189825	0	1
113058977308932716504	0	2
113117251731252114390	0	1
106539835304510344813	0	2
105186369823013844219	0	1
104102743248207705784	0	2
107952354333947445068	0	2
103293516438378653921	0	1
108935448716838275234	0	1
106189723444098348646	0	1
118351515323229708433	0	1
104657888072535219107	0	1
109782743775362085383	0	2
109128179703780508212	0	1
118229828410918651716	0	1
103052947271067730624	0	1
116135708035009047731	0	2
109876318275533969777	0	2
109895887909967698705	0	2
105161232143858721168	0	1
108602149449027340564	0	2
116224678314890192264	0	2
115635783790203857600	0	1
101437802758827481019	0	2
108187577207608337534	0	1
107478042154956538631	0	1
106753117115727098582	0	2
115604434476479120037	0	2
113490041785449486666	0	2
106758488395906535821	0	2
102456090968735240209	0	1
106020745084647886919	0	2
106472137404451336877	0	2
110223460047500171986	0	2
106956977736353271405	0	2
117572628201563148365	0	1
117235019552933435852	0	2
104045511944341391917	0	1
104109881446393419681	0	1
106467956464026331029	0	1
106255898978966943774	0	1
101517640605056528235	0	2
106928066647458178022	0	2
108853501738089315294	0	1
101035826385641005690	0	1
117937415022745482256	0	1
105307122700891838084	0	1
104328553869453938019	0	2
107868844306369312882	0	2
104027218792812194992	0	1
109911419351912426588	0	1
105665080337389619151	0	1
104109276791574356880	0	1
109876915588291208505	0	1
117906512707037000118	0	1
107187725863982533993	0	2
107117483540235115863	0	1
106908582141791358504	0	2
111413155182039517335	0	1
106639816695336343746	0	1
102604554618567108175	0	1
112999253285147253060	0	2
107625658878407076244	0	1
101482551400747213086	0	2
114894373995529057283	0	1
105670280103726644454	0	2
115514397255079403751	0	1
114885089013928404743	0	1
108105990957250238326	0	1
105547060999578080024	0	2
105589337544765461860	0	1
118075896681547272580	0	1
117603418437094018321	0	1
105271498619135161075	0	2
112999005004480372636	0	1
102538905206519918173	0	1
106359487807208915036	0	1
116638958379604473194	0	1
103045146129358694642	0	2
110600546748211156466	0	2
108384201920217141722	0	1
103097764320602190090	0	1
113216425001363110392	0	1
102027569173802121272	0	1
114789800183078016840	0	2
116360661659220925620	0	2
103011191893676285908	0	1
100519245975462538531	0	2
105740868424833330651	0	2
115143234371607892983	0	1
112756859469531650254	0	2
102150693225130002912	0	1
106465388417152903686	0	1
109079753818826549254	0	1
100679131071077043250	0	1
118383955317878396135	0	1
110306109330997347334	0	2
112879207422835329028	0	2
113027287369712034675	0	1
112063946124358686266	0	1
111229932257230301946	0	2
108851026326071355993	0	1
108034523287579313156	0	1
105354532715798223299	0	2
116792628143105662851	0	2
114518097158797553283	0	2
114231305708772868829	0	1
106896834505928192955	0	2
107937273108737007052	0	3
112798516308771746920	0	1
113102854369709041551	0	1
107244181382329628877	0	2
113096993341203159664	0	2
113434799782645457166	0	1
103200491340117663153	0	1
106031648912799473605	0	1
100249317670827106747	0	2
112167619931817269636	0	2
102365048688944919376	0	2
108588076582379537686	0	2
102366211018261594737	0	2
111178132882432270750	0	2
108643489696799455633	0	1
114153859732710523651	0	2
105804664540125819976	0	2
107591129378326850277	0	1
109879692651335695102	0	1
103875258484706784219	0	1
115404182941170857382	0	1
114288572990229558524	0	1
108096298177137829845	0	3
113824933661370885764	0	1
107204841083066083308	0	2
107982259028221552619	0	1
116706153803896610134	0	1
106890632816478503353	0	2
102837097678487480685	0	1
111832530347449196055	0	1
117895871179570276266	0	1
115969268962696967613	0	1
111083657677685307379	0	1
100536994357365794981	0	1
116202726148928256666	0	1
115527615316927235156	0	2
115820788059179744265	0	2
110889597904569758528	0	2
110873294608206408076	0	1
116971095029701257834	0	2
110914001757674084209	0	2
116849898264385705839	0	1
102473755409030010293	0	1
103461101188673831945	0	1
104244566720530687874	0	1
103554966970432387589	0	2
105976690877361609078	0	2
112050047245724905079	0	2
116848436511235870425	0	2
114733221311854027249	0	2
110736470473535126070	0	1
108965164133793342297	0	1
102533732658641069172	0	2
115892016102825426276	0	1
108096915458146487046	0	1
109740230946554980921	0	2
107195259403080639253	0	2
100585883873952386588	0	2
116483744752939586910	0	2
116953101511527463831	0	2
114406585566054388611	0	1
108038272385419338752	0	3
108954545438706507635	0	2
107644002962094403888	0	1
105779560824580764120	0	1
107771181372242547518	0	1
112603587814890164052	0	1
115085828077786850700	0	1
101988524032513457125	0	1
114174733691500372668	0	2
118170100766232030233	0	2
113030150464930628758	0	1
113424222789153728067	0	1
114424163811716070551	0	1
107408720924877751027	0	2
117341108419076839731	0	2
105440794443460562007	0	2
110816132992861649933	0	1
109700701973525815089	0	1
100188557028585168265	0	2
108527703036413440160	0	2
107707592416977920764	0	1
106677933862286361195	0	1
103423896242493726696	0	1
101390318003858590278	0	2
103975090628208208677	0	2
100372135633760991915	0	1
106515399960222511867	0	2
107066609145001672622	0	2
100616009114067625121	0	2
106056053470710703420	0	2
100845686758241484821	0	1
100454739783658783958	0	1
103734744231746372683	0	2
101035537131610855906	0	2
108526869636425997920	0	2
112292414198276054098	0	2
102314486331710415915	0	2
115877100247789175365	0	2
105389799977463075906	0	1
103108686690862016503	0	2
108543083581582161607	0	1
108729164162563480433	0	2
106974494796937973389	0	2
107342445128902420647	0	1
108186156877175709656	0	1
108539408842832063454	0	1
117139526704207434934	0	2
114482821185152912812	0	1
111509906069042272719	0	2
111144451219356446211	0	1
111766875191585976345	0	1
115857447698995870356	0	2
100258933461856349896	0	1
116356914028810962343	0	2
107562684952021749097	0	2
117286129892471389479	0	2
115060278409766341143	0	1
117059655854597336228	0	2
107932282174453409254	0	1
113104944605785201866	0	1
109139639454066616071	0	2
111838196581764013350	0	2
116916940622399669871	0	1
113466990871283459069	0	2
117988961081154574738	0	2
111579213361980117031	0	1
114128403856330399812	0	1
104657234754735818652	0	1
112263011542748815172	0	2
111553887229728062170	0	1
105817808411979724233	0	1
115647033908194984232	0	1
101494140056866451800	0	2
109775681132504389824	0	1
108057412341594398108	0	1
108227766059398780608	0	2
104727620425010883027	0	2
113900916043107022029	0	2
103618862132298404107	0	1
101092451748723511266	0	2
105298519448418630579	0	1
100409692915143540078	0	1
118076746298952458510	0	1
117412175333096244275	0	1
100964697179613756830	0	1
104279107049574225556	0	2
115759821747220395406	0	1
108730891819413525439	0	1
115127686578942145136	0	3
118331204511078835845	0	2
102358811584144006348	0	1
112042014201468594771	0	1
113298472630128932087	0	2
105390485883966445268	0	1
105149904523304597470	0	2
106885694610758162435	0	2
105767106146604047284	0	2
104584322313471697637	0	1
116166660014087779586	0	2
110508446117310549309	0	1
101016488549547001886	0	1
117821188733502731056	0	1
110874793512578864685	0	2
108077530448434441501	0	1
117847265991358523564	0	1
112838502596906088209	0	1
108687319983977794208	0	1
115753067401325872899	0	2
101722794413056181717	0	2
117144433715717656565	0	1
116935226633911874035	0	1
101413984872013911017	0	1
115783433697487191519	0	2
105937359144973983227	0	1
103185870819487425439	0	1
117301273827969054249	0	2
113924468140133925897	0	1
115895618107840963551	0	1
101188292687117521197	0	2
108814866414331647342	0	1
100521891736669088194	0	2
102580844448507012861	0	2
102586288232625495291	0	1
106792757187551462333	0	1
101991942718893708688	0	1
111785203767367841333	0	1
102588676612579097006	0	1
108916370128981093895	0	1
103847694130383487380	0	1
102313348468579132747	0	1
118216100126940723344	0	2
101432770709896418691	0	2
111139647925391222409	0	1
114517202259102443833	0	1
108519759685616227897	0	1
101744616880415927118	0	2
114214235443991955439	0	1
113413259377846414756	0	1
104065229314342816079	0	1
109071022939721915569	0	2
108721533332320817427	0	1
115066738984259235636	0	1
116285133182957012612	0	2
106578704499211286051	0	2
102372138128446934562	0	1
115062795997278686282	0	1
108363124137384337207	0	1
113354567879028830295	0	1
