#node_label	#score	#gender
111991876596496628445	1.0	1
116032490611047283168	1.0	2
105116386772097494404	1.0	2
108893648067665428404	1.0	2
101994649975020119266	1.0	1
100443709299545904627	1.0	1
117377434815709898403	0.3333333333333333	1
111091089527727420853	0.3333333333333333	1
117388252776312694644	0.3333333333333333	1
116258212891737649653	0.3333333333333333	1
110815228753558444774	0.25	1
117840649766034848455	0.25	1
111078899668145112369	0.25	1
102615863344410467759	0.25	2
102328811895542387194	0.25	1
114765095157367281222	0.25	1
103399926392582289066	0.25	1
110563351377427897709	0.25	1
112276589013569458330	0.25	2
102034052532213921839	0.25	1
110318982509514011806	0.25	1
103036608814734002706	0.25	1
101261243957067319422	0.25	1
113475277239647026452	0.25	1
100940716892313727285	0.25	1
102600774742322762226	0.25	2
112339769006469685593	0.25	1
118207880179234484610	0.25	2
106955057806718560042	0.25	1
107950851093654625603	0.25	1
100665838847321704445	0.25	1
103111382143198287157	0.25	1
114826457457941066820	0.25	1
106318111152683661692	0.25	1
100206580117558206798	0.25	1
116974054667278563204	0.25	2
107753428759636856492	0.25	1
115407184179295920691	0.25	1
100300281975626912157	0.25	1
102380164715308354113	0.25	1
101174951617223562800	0.25	1
103403824431405645263	0.25	2
103833934263975533869	0.25	1
117125976214322069524	0.25	1
113353458256531356617	0.25	1
100834378485895409468	0.25	2
101094440579835956866	0.25	1
106075758531242552855	0.25	1
110547228032384796028	0.25	1
106267697429298427656	0.25	1
114629508960670409934	0.25	1
106631699076927387965	0.25	1
113925631504632436199	0.25	2
107862060029522417073	0.25	1
106483228796530580106	0.25	1
107226127526541403399	0.25	1
116043355911800328442	0.25	1
101701576124647463619	0.25	1
104419582238063226084	0.25	1
112483309917631634011	0.25	1
110379434263550065795	0.25	1
103171849011748425097	0.25	1
110047629741042205856	0.25	1
110260043240685719403	0.25	1
100535338638690515335	0.25	1
106098851503726813589	0.25	1
107358067518598447566	0.25	1
109923941665874520762	0.25	1
103541694080221120019	0.25	1
101619975901910051405	0.25	1
107231780522431692964	0.25	1
117911403656206450260	0.25	1
112443872436342469456	0.25	1
101319199068187021366	0.25	1
108707288314881139888	0.25	1
111986384054479005896	0.25	1
114685727151899977785	0.25	1
107379489464447013340	0.25	2
113116318008017777871	0.25	1
117691391504351341685	0.25	1
112849868309914032132	0.25	1
101347453976804822388	0.25	2
117856074972945172868	0.25	1
110865524329848064189	0.25	1
111293292364797145707	0.25	1
100124389520659251191	0.25	1
117450181029784329512	0.25	1
112710501221399450850	0.25	1
113364856660738963998	0.25	1
100275307499530023476	0.25	1
108082478497335384404	0.25	1
104933075728443012410	0.25	1
102742243783203895410	0.25	1
117260336597119077984	0.25	1
113882113745075873153	0.25	1
100132815412082402248	0.25	2
108189587050871927619	0.25	1
105237212888595777019	0.25	1
109873161292252336751	0.25	1
110265714206763345338	0.25	2
113281374878828055578	0.25	1
117122165783749287103	0.25	1
108618201393659007488	0.25	1
112472450049544645995	0.25	1
104309114429557280657	0.25	1
107289961585411779306	0.25	1
109291932054290741639	0.25	2
104047378152483720725	0.25	1
100862781209470447922	0.25	1
105246828264278441318	0.25	1
101387779447209527868	0.25	1
106297307715493183656	0.25	1
106508277977732892398	0.25	1
109938202835872364257	0.25	1
106501936839371135482	0.25	1
106636280351174936240	0.25	1
112458713098744435239	0.25	1
106792630639449031994	0.25	2
115230464315167388323	0.25	1
110212524793329632605	0.25	1
110029874188821932987	0.25	2
113640610628380286742	0.25	1
100226390734369553200	0.25	1
100512649718649402368	0.25	1
110760151623547085696	0.25	1
102648148748642147788	0.25	1
104364058018116761460	0.25	1
117751060693267060508	0.25	1
117642396926359387018	0.25	1
100206861421862008075	0.25	1
106752261083710991939	0.25	2
101701465161877986911	0.25	1
100651578948468509062	0.25	1
113070357745712451858	0.25	1
110904594944351098434	0.25	1
104484219049883711215	0.25	2
116437607954766439835	0.25	2
109933840922422141831	0.25	1
101625355768908080432	0.25	2
114753496995891786832	0.25	1
114324751547814877241	0.2	2
112475953376196355326	0.2	1
112844561713780016118	0.2	1
103657641753349471053	0.2	1
104312266146854596690	0.2	1
118041180282276336693	0.2	2
109940386703694524007	0.2	1
109949820657146042712	0.2	1
100000772955143706751	0.2	2
102512790161165128993	0.2	2
102340526458628687334	0.2	2
105419756334152141359	0.2	1
105798471374567991463	0.2	2
108736270270935312662	0.2	2
118043965944515382312	0.2	1
117309332194358858916	0.2	1
104567022345455122091	0.2	2
113372745103044982075	0.2	1
114507163072320235915	0.2	2
109957883025402319418	0.2	2
114489047539235237437	0.2	2
112109863096370663417	0.2	1
113686253941057080055	0.2	1
114055975301837030490	0.2	2
103126889947069062352	0.2	1
111342748839897182361	0.2	2
106377929590450419152	0.2	2
107722089721083862973	0.2	1
117675378903333133198	0.2	1
101204108050521072078	0.2	2
101703900497034523246	0.2	2
110484112765295817090	0.2	1
107644961955157618152	0.2	2
115710878409998893288	0.2	2
115073302248899130143	0.2	2
105845525666152410324	0.2	1
110256243103860704820	0.2	2
117941726860855823905	0.2	2
115994555433128474950	0.2	1
107814127389452053711	0.2	1
118159839197859022964	0.2	1
107151833972592217031	0.2	1
113177286757819512215	0.2	2
106746862389360195498	0.2	2
103372969715044734740	0.2	1
105724708768665152561	0.2	1
106510942433749645058	0.2	2
102864444210406313037	0.2	1
107753778999399182372	0.2	2
109389391031713823441	0.2	2
111218452940877163421	0.2	2
110455100143682844466	0.2	1
115073577102853695732	0.2	2
101940753538647020405	0.2	1
111673504923198090670	0.2	2
113313097264187115525	0.2	1
106533329985649595290	0.2	1
101349043793346461577	0.16666666666666666	1
108523826496476208423	0.16666666666666666	1
113511338688872762743	0.16666666666666666	1
112989110933471031041	0.16666666666666666	2
117584154562044240214	0.16666666666666666	2
110796216558354046093	0.16666666666666666	2
106817862880240517269	0.16666666666666666	2
104469694378913361149	0.16666666666666666	1
102007488806914057171	0.16666666666666666	1
100365567929236545678	0.16666666666666666	1
115556190312770801676	0.14285714285714285	1
104482086818095930400	0	1
103011191893676285908	0	1
104560124403688998123	0	1
101483533411566453214	0	1
114696006450390555658	0	1
107590607834908463472	0	1
109813896768294978296	0	1
103097764320602190090	0	1
112063946124358686266	0	1
115192055428436328176	0	1
108202274299391625681	0	2
117283174365630308265	0	1
113247423264358423892	0	1
106189723444098348646	0	1
110727249496967897430	0	1
113702637309752822154	0	1
115404182941170857382	0	1
103861130737355273650	0	1
115514397255079403751	0	1
115740425396974668440	0	1
118402760707973186646	0	1
106132136989360284442	0	1
113049587695889433288	0	1
109548897283539543798	0	1
102178700954286324866	0	1
104895617958403173354	0	2
100523784851251213675	0	1
107117483540235115863	0	1
118254993345625377660	0	2
109412257237874861202	0	1
113186623583029971455	0	2
104390246098751387487	0	1
113756014567052941747	0	1
116339607609587702853	0	2
100219691404074384850	0	1
111164095920889813531	0	1
107234826207633309420	0	1
112477381832788364129	0	1
109895887909967698705	0	2
100021025784352405813	0	1
111962077049890418486	0	1
110286587261352351537	0	2
113751353481962008916	0	1
108868184467975100684	0	1
117895053585997781991	0	1
108176814619778619437	0	1
103380241223316397544	0	1
116027584362782954081	0	1
107026299993226528916	0	1
115863474911002159675	0	1
108159551615224338529	0	2
112413860260589530492	0	1
109960739367065180670	0	1
115157650566771631550	0	1
110103505204316111127	0	1
101989171644896834606	0	2
103429767916333774260	0	1
110581693083408452344	0	1
111875467630202409564	0	2
103438332263642514693	0	1
106085931870036113350	0	1
114618043230336563405	0	2
114965381229780841952	0	2
109910390678756726363	0	1
102190493246946072611	0	1
101399120398451286442	0	1
115962288744896619105	0	1
111082538229023796503	0	1
111200319097539348917	0	1
103100286417625000956	0	1
118240296476233771268	0	1
116996436544738031449	0	1
111032869251046843204	0	2
110727319261863605237	0	1
115896018769078922372	0	2
105929265618417742895	0	2
112525017627832939394	0	1
116290993523311649255	0	1
111389048282696966837	0	1
111050495259543345680	0	2
104513806766294429783	0	1
115114104897118518709	0	1
109645187172362117136	0	1
114264791277394857844	0	2
