#node_label	#score	#gender
104681313125038107957	1.0	1
103172158448932010502	1.0	1
108247422410837097840	1.0	1
101560135942574063403	1.0	2
106092487728562764672	1.0	2
109645778535362171008	1.0	1
101272594219524514548	1.0	1
109055509171495088287	1.0	2
102055633258152321448	1.0	1
114680032134596673632	1.0	1
108204867467851396963	1.0	1
106933972856076071655	1.0	1
100871255179864219052	1.0	1
104566036510148529746	1.0	1
112268392045966307528	1.0	1
110130831899679140666	1.0	1
103402479546048330916	1.0	1
102813354404079649216	1.0	2
117012648851820851647	1.0	1
117836087648872307369	1.0	1
118415111988718232153	1.0	2
101667211713663828702	0.5	2
104398716111919111546	0.5	1
107889816939032412666	0.3333333333333333	1
113612428039463520964	0.3333333333333333	1
110441797803247642088	0.3333333333333333	1
112171300495507923848	0.3333333333333333	2
100702496938184095569	0.3333333333333333	1
118301801570268856235	0.3333333333333333	1
112373818948348148540	0.3333333333333333	1
114255283933681833029	0.3333333333333333	1
102170431816592344972	0.3333333333333333	1
112612655408342271262	0.3333333333333333	1
111034279884687962582	0.3333333333333333	1
109018224010056005635	0.3333333333333333	1
109137084770312957893	0.3333333333333333	1
116506686054475894410	0.3333333333333333	1
113311736332375450968	0.3333333333333333	1
104887131703032362652	0.3333333333333333	1
116497426323733343074	0.3333333333333333	2
106519253237690493844	0.3333333333333333	1
111050672546250921180	0.3333333333333333	1
104015870160096329227	0.3333333333333333	1
101544238620721926724	0.3333333333333333	2
106515636986325493284	0.25	1
115560222698246208035	0.25	2
100534538476255700203	0.25	1
112746414213953686354	0.25	1
102034052532213921839	0.25	1
108505000913531193057	0.25	1
102837227773434347798	0.25	2
109923941665874520762	0.25	1
109718920427804991218	0.25	1
117388252776312694644	0.25	1
118148240205592032989	0.25	1
112339769006469685593	0.25	1
103328859488783728347	0.25	2
101783786295900640513	0.25	1
109517005123483625859	0.25	1
109931117392620460235	0.25	1
101619747609342005437	0.25	2
103294418624820015984	0.25	1
105194250087729011324	0.25	1
116963992369982295735	0.25	1
109774732813459981611	0.25	1
112499225342756268288	0.25	1
115470071077898720170	0.25	1
104834129907874592944	0.25	1
100507603996779895224	0.25	1
105585159729993065811	0.25	1
113316148669723868015	0.25	1
101465854435804471513	0.25	1
102883487477558888028	0.25	1
110815228753558444774	0.25	1
118397076932833463637	0.25	1
101309028361444868427	0.25	1
114347956162245735613	0.25	1
107399236458416208559	0.25	1
118323646137524216927	0.25	1
117034807403884912887	0.25	2
102118819262356548175	0.25	1
112483309917631634011	0.25	1
109581870574956225297	0.25	1
106661853323481089747	0.25	1
109334623161982995485	0.25	1
103226166584311556924	0.25	1
101133961721621664586	0.25	1
111728704655446767313	0.25	1
105279625231358353479	0.25	3
100535338638690515335	0.25	1
111588754935244257268	0.25	1
112463289092605381664	0.25	1
100770362378770488768	0.25	1
117139907586011263319	0.25	2
110012545983559094076	0.25	1
111293145978179424990	0.25	3
103907806627406122152	0.25	3
103150328351925153314	0.25	2
112262815318720261504	0.25	1
105374920856531167334	0.25	1
107658585021595687720	0.25	1
101146732552373614525	0.25	1
109130886479781915270	0.25	1
114414064338486844968	0.25	1
108980742613825144744	0.25	1
114489276586542400632	0.25	2
111818863627248751353	0.25	1
106451049289581674337	0.25	1
114744510189908480227	0.25	1
112707199408484711520	0.25	2
104458801156000551882	0.25	1
115106448444522478339	0.25	1
113217924531763968801	0.25	1
115489498904281734573	0.25	1
107899204703103704505	0.25	1
111294201325870406922	0.25	1
111714769899525603342	0.25	2
113715520128488415774	0.25	1
113097276181543898574	0.25	2
110243053391500821936	0.25	1
104390009053213696204	0.25	1
107197878613649250038	0.25	2
105616606109443088514	0.25	1
107590093667978669374	0.25	1
107864377265514441999	0.25	1
116082161859384164954	0.25	1
111091089527727420853	0.25	1
106631699076927387965	0.25	1
102587376396978665016	0.25	1
106766131629842270848	0.25	1
113884320473025372275	0.25	2
116642625542013716877	0.25	1
101143297920728999748	0.25	1
114934772272856977590	0.25	1
114476892281222708332	0.25	1
113248956207530500803	0.25	1
118131417301350660933	0.25	1
104796718031414344166	0.25	1
110944993173615692737	0.25	1
117929840856981950056	0.25	1
114963335823650717178	0.25	1
105874831115955137298	0.25	1
103697821787469756035	0.25	1
109987969444545716388	0.25	2
111178942707394892061	0.25	1
111052763823393209492	0.25	2
112726038360301567381	0.25	1
113881433443048137993	0.25	2
115459243651688775505	0.25	1
105152503384268783597	0.25	1
117523780312701271966	0.25	1
106532684826293540578	0.25	1
100194394535307018014	0.25	1
102817283354809142195	0.25	2
105769508324436137332	0.25	1
107386694103447865010	0.25	2
107742059751171695340	0.25	2
111572534207293620094	0.25	1
114839987215772761647	0.25	1
109177683659525760187	0.25	2
106497803248441574604	0.25	1
102648148748642147788	0.25	1
104580212382911455402	0.25	2
112269533742014561750	0.25	2
104882063718104291679	0.25	1
104987932455782713675	0.25	1
102175450103053278482	0.25	1
115360979797396777969	0.25	1
114516047414042281846	0.25	1
114125781899580900020	0.25	1
103235412042557128838	0.25	2
117275178813364561541	0.25	1
114897851476805665764	0.25	1
115645819756954392135	0.25	2
114122960748905067938	0.25	1
112604465046117429977	0.25	1
115224452334462787307	0.25	1
108240851375674070640	0.25	1
103436307995345678639	0.25	2
111227574151447599461	0.25	1
112026058728255591897	0.25	1
112577900000216198773	0.25	1
108654112661893804302	0.25	1
106911865619876899323	0.25	2
108120862026117179493	0.25	2
100008438047495460295	0.25	1
106944536119733342041	0.25	1
114765095157367281222	0.25	1
104137268053395964064	0.25	1
108045969315174398559	0.25	2
101155188326955734171	0.25	1
106729842247018888072	0.25	2
110021425897888341815	0.25	1
113958788790898337717	0.25	2
106410131832360629825	0.25	1
102826652809724883705	0.25	1
118318457153385828916	0.25	2
106636280351174936240	0.25	1
110850053497623693908	0.25	2
106438827693773849118	0.25	1
106008941849648772680	0.25	1
107155666869509300116	0.25	2
105807353963296595759	0.25	1
100197702301955819597	0.25	1
109066739735765388979	0.25	1
102524874071714540747	0.25	1
110255355714938023923	0.25	1
106805172615415386878	0.25	2
112364540357127470935	0.25	1
111420149713622710207	0.25	1
106136326980598993066	0.25	1
110255193504699698342	0.25	1
102246987290862515635	0.25	1
101879656850551340719	0.25	1
102079555934063753024	0.25	2
104378187381109658181	0.25	1
109847912981686925895	0.25	1
108929403611931887447	0.25	1
109602109099036550366	0.25	1
100989412375630744487	0.25	1
112515890676206330591	0.25	1
104457994442783581478	0.25	1
100258208745065110297	0.25	1
109975101214478735406	0.25	1
112458713098744435239	0.25	1
108369168952283430926	0.25	1
107022061436866576067	0.25	1
108094760132961329912	0.25	1
103791961428515587426	0.25	1
111769192093973127834	0.25	1
116772708792764352748	0.25	1
108797840083484244237	0.25	1
109535796187747067101	0.25	2
103636730127286929513	0.25	1
101026577208733031226	0.25	1
115696978612493731094	0.25	2
100247913218894246429	0.25	1
105246828264278441318	0.25	1
112421673609261203877	0.25	2
113788629331119361034	0.25	2
116608702739714446873	0.25	1
100484876923298033076	0.25	1
110318443703268277005	0.25	1
114193230731899964332	0.25	1
101612414397809382853	0.25	2
116849062506250163587	0.25	2
110258899475477198037	0.25	1
110069645548734937776	0.25	1
117473164794274948298	0.25	1
103952215474318614668	0.25	1
111506019003980222073	0.25	1
107375322906605680039	0.25	2
108709924006660387529	0.25	1
111248149323524880098	0.25	1
109328786239358436773	0.25	2
109928491957846113803	0.25	1
105970781858799199947	0.25	1
110957997763625569561	0.25	1
104591903036738260658	0.25	1
112041586760682568206	0.25	1
117516012507608645090	0.25	1
111749052209901260440	0.25	1
110538901086027880345	0.25	1
116252652358016080747	0.25	1
103293832211164757839	0.25	1
102271197621662020659	0.25	1
118249005460047214792	0.25	1
113459685861268793423	0.25	1
116465148028180352889	0.25	1
102186518031725378922	0.25	1
114573060328510500521	0.25	1
103864209986771135372	0.25	1
108652640482631482795	0.25	1
108872243576352630928	0.25	1
110012123643219804319	0.25	2
117808167398107914361	0.25	1
110450225832964730370	0.25	1
114301140286672625486	0.25	1
105212710488828657464	0.25	1
117938187145915088790	0.25	1
108335647100304181721	0.25	1
107656088609554509650	0.25	1
108715380386301849461	0.25	1
115162316394728481928	0.25	1
105218990683227338988	0.25	1
113116318008017777871	0.25	1
117884007449109471406	0.25	1
105461498993551154531	0.25	1
100420432693411136134	0.25	2
102204551868146455501	0.25	1
114661464069094105027	0.25	1
101269616518480136760	0.25	1
103389452828130864950	0.25	1
111532818340136087829	0.25	2
104046264865841782156	0.25	1
112515155020661989307	0.25	2
105238127119688476290	0.25	1
108532474643815964591	0.25	1
108417129586581977230	0.25	1
106770567157632807411	0.25	2
109732436882325155852	0.25	1
112285390563833732614	0.25	1
115270991787918797589	0.25	2
114531070097717314226	0.25	2
105435504866522495019	0.25	2
118120364585932387777	0.25	1
111461898615826577872	0.25	2
108766112546677116443	0.25	1
111142884289817620371	0.25	1
100971870367870906394	0.25	1
104034400380161849224	0.25	1
115699426100289857429	0.25	1
104516819846796601045	0.25	2
110318861168574736733	0.25	2
118246412183062133215	0.25	1
101697775213251991950	0.25	2
116594199576805510790	0.25	1
101490209300480367473	0.25	1
102134704903917794292	0.25	2
117377434815709898403	0.25	1
107602321101579375144	0.25	1
103493442200000181481	0.25	1
109206112446829801615	0.25	1
113846828048953817337	0.25	1
114490039330264150159	0.25	1
115959122085580299826	0.25	1
117752870486619693120	0.25	1
103152505287187486368	0.25	1
112643716740116237079	0.25	2
106617745916374805453	0.25	1
117004257332029851484	0.25	2
114197433257896961904	0.25	1
103825681530404900115	0.25	1
101357436102085554130	0.25	2
104930746480936092336	0.25	2
108542426628002931624	0.25	1
106439042524416914269	0.25	3
116829587897513193535	0.25	1
104422915672432265172	0.25	1
100711269488721435135	0.25	1
114337717459177562757	0.25	1
102991700177087923792	0.25	2
117916903811396964681	0.25	1
102158978401606333096	0.25	1
105185455174342753611	0.25	1
103011302115186191828	0.25	1
111491240199664202851	0.25	1
111345372994173159594	0.25	1
117474473270416055253	0.25	1
110272507205352247616	0.25	1
111775909611846609731	0.25	1
103811986080200855963	0.25	1
112915508949553064969	0.25	1
118346223030165580888	0.25	1
109122539496160679247	0.25	2
108000333545112624867	0.25	1
115466107325720548376	0.25	1
104006871901449234574	0.25	1
100600296109870105203	0.25	2
100672684766395199079	0.25	1
113823750247181382906	0.25	1
108998673146368660257	0.25	2
113621097289093997513	0.25	3
102002355343554375884	0.25	1
113838601398151265676	0.25	1
118122556596388698587	0.25	2
116973390574320264137	0.25	1
106937622562504282468	0.25	1
100639521924865987525	0.25	1
115710735637044108808	0.25	2
112301869379652563135	0.25	1
100348624348633155177	0.25	2
108273722545439040514	0.25	1
102082383403038732632	0.25	1
115780865240170367976	0.25	1
104405539079062799451	0.25	1
103220667140231986003	0.25	1
106416716945076707395	0.25	1
104671914836231031239	0.25	1
115623252983295760522	0.25	1
107318169263608653171	0.25	1
110899709105002539146	0.25	1
111719533163202900131	0.25	1
106895807330907233524	0.25	1
110741836870151771516	0.25	2
107945426404682361496	0.25	1
116661995144454355177	0.25	2
116382308787245224752	0.25	2
106104829380579331632	0.25	2
103299540843591867924	0.25	1
106614109920551849758	0.25	1
102720795410809837526	0.25	1
102298718421596692551	0.25	1
105248484118148978714	0.25	1
116374826384569715696	0.25	1
101174951617223562800	0.25	1
101916927210627984331	0.25	1
100342703577899262613	0.25	1
116382583917203110234	0.25	1
114853458007065354930	0.25	1
115250637332832082661	0.25	1
115477542682024449726	0.25	2
116909590449750618084	0.25	2
106516961321404541593	0.25	1
113799277735885972934	0.25	1
117162800993007262832	0.25	1
116335925064163512054	0.25	1
103329433597178986398	0.25	1
106500517318873656493	0.25	1
117888066624276890664	0.25	1
102497753834519275145	0.25	1
110668479729372555286	0.25	1
101005349854546472800	0.25	1
118165920461846761149	0.25	2
114152775626741406395	0.25	1
116531647672725843929	0.25	1
116805285176805120365	0.25	1
112131480808552164740	0.25	1
109435284247433745519	0.25	1
108361158913993172732	0.25	1
112262342138605711191	0.25	1
104484219049883711215	0.25	2
115995639636688350464	0.25	1
100839377369551187986	0.25	1
110515313317645170090	0.25	1
102774783758711593873	0.25	2
100397511207083609950	0.25	2
111288574156818690676	0.25	1
114552942346627977337	0.25	1
111937447827665620879	0.25	1
112931539494181042672	0.25	2
102337366433513498529	0.25	1
101591937670203011764	0.25	1
110809308822849680310	0.25	2
105551989431666449555	0.25	1
114468224191553730512	0.25	1
104991470983489611253	0.25	2
110828670835957136050	0.25	1
108849711147881315177	0.25	2
111831478459732211063	0.25	1
115293744081058969329	0.25	1
116515969748601239931	0.25	3
101486879101134033225	0.25	1
112461973305145246263	0.25	2
101691029523174370103	0.25	2
103986239754181585227	0.25	1
111600785001080066837	0.25	1
104212838876843607771	0.25	2
110077141419510454119	0.25	1
105772184918019707931	0.25	1
114327427737652153565	0.25	1
103600848384812805784	0.25	1
105709083169353686738	0.25	1
114886993876875050257	0.25	1
107132242120485271060	0.25	1
117284347749726423159	0.25	1
113767865358842703601	0.25	1
114851353700596680885	0.25	1
116296722876243583579	0.25	1
102091197450503899664	0.25	2
102479349783066603161	0.25	1
100324134371388101482	0.25	1
109656930522654681284	0.25	2
107126665887970596868	0.25	2
116718369761749893139	0.25	1
109167101392398799057	0.25	1
102210416669749405961	0.25	1
115681453898266632413	0.25	1
102284192632288602853	0.25	2
117732747303095811637	0.25	1
101961402194745462706	0.25	3
103354693083460731603	0.25	1
113070357745712451858	0.25	1
111223870294428415875	0.25	1
103061023174133337082	0.25	2
113130804065852101231	0.25	2
102216887206636463918	0.25	1
100402301505631057949	0.25	1
100584621762098859364	0.25	1
107169757525950006290	0.25	2
115347640840118470090	0.25	1
105963804556453504833	0.25	1
107982007839933999164	0.25	1
102156224561092001320	0.25	1
117877432795779055982	0.25	1
118002260181077148393	0.25	1
101902183831263688878	0.25	1
111467732620114456012	0.25	1
113433001494619467467	0.25	2
109855467528220475231	0.25	1
110106586947414476573	0.25	1
117045937808371931146	0.25	1
115218034784885853617	0.25	1
106413090159067280619	0.25	1
118398918573738329809	0.25	1
115916525142371908908	0.25	1
112650348159434958899	0.25	1
116059998563577101552	0.25	1
112961527663845879073	0.25	1
114460939259691300470	0.25	2
100338800222182203958	0.25	2
103135699585421857716	0.25	2
107013688749125521109	0.25	1
107890833589239925098	0.25	1
114340909209723461765	0.25	1
103613345442935092209	0.25	1
104537375806861833979	0.25	1
101494708632928300874	0.25	1
111599388141917224950	0.25	1
102631792652172447992	0.25	1
117421021456205115327	0.25	3
100555162448603417026	0.25	1
108654833827434771284	0.25	1
114407290472947588380	0.25	1
113797508378819391794	0.25	1
114836091191904667858	0.25	1
115918125306643310533	0.25	2
103166392877427816989	0.25	1
105565313546534562689	0.25	1
109304903996729396661	0.25	1
110856928078733558635	0.25	1
110720576611232766643	0.25	1
117256325610241631146	0.25	1
110226084017096916822	0.25	2
106318111152683661692	0.25	1
112607311634292542515	0.25	2
112183819311352500254	0.25	1
116940305523653374313	0.25	1
112741876592615487453	0.25	1
112936045739062010432	0.25	2
106773510080628336104	0.25	1
106393478695568433143	0.25	1
115080273675497813721	0.25	1
107743229589123592762	0.25	2
105176460251303787958	0.25	1
106787150560860988413	0.25	1
112177951351534704764	0.25	1
117084328226546848540	0.25	2
114790424055754975707	0.25	1
115100211160039958401	0.25	1
109323071486321851462	0.25	2
100566894659845026162	0.25	2
109300236710784398026	0.25	1
108031233215286540258	0.25	2
114965595795569223043	0.25	1
102452574087964707176	0.25	1
108951868713574357238	0.25	2
113053085239726972447	0.25	1
101683438032148622493	0.25	1
100988701072664772279	0.25	2
117162507282113102399	0.25	1
109368654259427988906	0.25	2
101595712297343011096	0.25	1
103887646945247867113	0.25	1
107601575071874298432	0.25	1
110515986240258085051	0.25	1
116388668762198604003	0.25	1
115403856867272859027	0.25	1
113001073761536909453	0.25	3
115919766952475225499	0.25	1
105448547868183523204	0.25	1
108956472308150371367	0.25	1
100319197841789445348	0.25	1
105112145204464229145	0.25	2
101982175661979616639	0.25	1
107672880087813382096	0.25	1
102497722463404815827	0.25	1
109213052653037315302	0.25	2
108897363724526154071	0.25	2
105107878790528682279	0.25	1
106755839826743582365	0.25	1
112399767740508618350	0.25	1
100544364397041690636	0.25	1
105226553876340461108	0.25	1
106478271434987235213	0.25	1
100180575185522802900	0.25	1
104193865136363340185	0.25	1
112696040957795558674	0.25	1
102648241632490100665	0.25	1
115838345174975374467	0.25	2
111515275098138136006	0.25	1
103887831046595957737	0.25	1
104326101779319465669	0.25	1
103511435932730435338	0.25	1
106094933863365925193	0.25	1
102247170216524289057	0.25	1
113236876780255082402	0.25	2
103175943655717888560	0.25	1
106353782123563383689	0.25	1
103147347309732225253	0.25	1
117087777841985087748	0.25	1
113728490623204305376	0.25	1
106129575223522094965	0.25	2
107833107845497630206	0.25	1
104087632674419172411	0.25	1
104753156470151028358	0.25	1
110343891537012095952	0.25	1
110563070634240721313	0.25	2
106501936839371135482	0.25	1
108918213793470922155	0.25	2
108890400948483542545	0.25	1
105688670174869390692	0.25	1
105067269948183429545	0.25	1
101964374013548035479	0.25	1
116825083494890429556	0.25	1
100057071538809202180	0.25	1
114999153204626637344	0.25	1
112198627258727043899	0.25	2
101305750804375374693	0.25	1
113194664175175149414	0.25	1
115478738847874567952	0.25	1
107523861508796892997	0.25	1
112286065502416641157	0.25	1
110479591560176287829	0.25	1
102195589250383042094	0.25	1
118089469685569390663	0.25	1
109835535942536342140	0.25	1
109346967351418099758	0.25	1
101962829696981365403	0.25	1
100394654277157500861	0.25	1
103563373067616413839	0.25	1
117709347631026699430	0.25	1
100097903377179407431	0.25	1
102678393959907040814	0.25	2
110378953230340021029	0.25	2
113413848065665509284	0.25	1
110508570226436873940	0.25	2
106130679598095630483	0.25	1
105276279690752564159	0.25	1
114932700939795553621	0.25	1
103907915631843308004	0.25	2
106325913218757169450	0.25	1
108234536208176601636	0.25	1
105551427433455873138	0.25	1
102722482248467575904	0.25	1
107546451810310474592	0.25	2
102006165030088401333	0.25	1
100055172690759548435	0.25	1
110147257132575549088	0.25	1
114892703028341590446	0.25	1
110410992998216920216	0.25	1
111803451496284973356	0.25	1
116213955655527248507	0.25	2
108929865077631414260	0.25	1
104517033820475268600	0.25	1
112153365286725889851	0.25	1
116088350583064298442	0.25	1
103106165883489884859	0.25	1
111355895099122965371	0.25	1
104056902186844323075	0.25	1
114024243471683897282	0.25	1
102989073624322904979	0.25	1
107349307374942155906	0.25	2
109920797224447152276	0.25	1
117115495439924792722	0.25	1
114393702004749953015	0.25	1
107996240019878761727	0.25	1
114409941429106157049	0.25	1
100156945788473956154	0.25	1
115201610528340789014	0.25	1
111964980790735916178	0.25	2
107754642039156183463	0.25	2
108397294034481595594	0.25	1
100730322098403304221	0.25	1
100042105400303837110	0.25	1
106252582339816604483	0.25	1
110487906130071423133	0.25	1
106009620651385224281	0.25	1
100968313568314999910	0.25	1
111584514970983629844	0.25	1
101467830378124924213	0.25	1
109388678281271150561	0.25	1
104446874179432277798	0.25	1
111126328522230364906	0.25	2
113121873571555520751	0.25	2
115625564993990145546	0.25	1
108503066662179557748	0.25	2
103814653718186136893	0.25	1
117316671086514429511	0.25	1
105955336206849759702	0.25	1
104162197579357666121	0.25	1
105012227980053775860	0.25	1
108869809408440401753	0.25	1
113402335971622689523	0.25	2
100620732971603495982	0.25	1
109204587154963604740	0.25	1
101600139368162447769	0.25	1
107095266020248547050	0.25	1
116420525701620762245	0.25	1
117158149679148494808	0.25	1
112056453080272511603	0.25	1
100745882504324675599	0.25	1
113312618768961578323	0.25	1
101334503347654022684	0.25	1
109969779660139278806	0.25	2
102918998637322237307	0.25	2
108080429117512576311	0.25	1
116119420122834839490	0.25	1
110791260170772171960	0.25	2
100547498670490382362	0.25	1
100848617499042374199	0.25	1
117900515045672742422	0.25	2
107357904018454806236	0.25	1
104123952139616090963	0.25	1
104123757262022137956	0.25	1
106438273488476549200	0.25	1
106091129569143944935	0.25	1
111128778940913280838	0.25	3
105612667855212149293	0.25	2
101567641239571518754	0.25	1
112028666405582179625	0.25	1
109432498811971933342	0.25	1
112176635193131346874	0.25	1
112974696960576021430	0.25	2
102083403729841612140	0.25	1
112118444744999958775	0.25	1
100348228053016261723	0.25	2
114165874766495952590	0.25	2
112623722232653545872	0.25	2
111305264410469361089	0.25	1
103441445293352388059	0.25	1
105930925314029630136	0.25	1
106967325646926628873	0.25	2
101319199068187021366	0.25	1
102178527217152168547	0.25	1
106412255733219697839	0.25	1
108861528956056842263	0.25	2
106558772602282494180	0.25	1
104340396279936691542	0.25	1
110123316555944704402	0.25	1
101874048281423702805	0.25	2
116400998619000880329	0.25	2
104612091113514802664	0.25	1
109742317120338281749	0.25	1
113171227622011939089	0.25	1
113418554594512897845	0.25	1
109337923495661536935	0.25	1
112647329320037673730	0.25	2
114579199262781052784	0.25	1
116519991464807427976	0.25	1
110622098561354224925	0.25	1
104473961156686397607	0.25	1
105487854388646525021	0.25	1
116344979340062061129	0.25	1
117259934788907243749	0.25	1
105378806328377750709	0.25	1
108977771951166062888	0.25	1
111470372708267909845	0.25	2
115818365607064275331	0.25	1
110279873454260970861	0.25	1
113924589090135670273	0.25	1
108961403889829901542	0.25	1
109586111726737113961	0.25	1
110521291841537640347	0.25	2
106203775985215715224	0.25	2
102755880045844773888	0.25	1
102328436589025225443	0.25	1
105645854458683725897	0.25	1
115314704721793037922	0.25	1
118189632042502811468	0.25	1
101795242593145198740	0.25	1
102615863344410467759	0.25	2
104236870906582989099	0.25	2
102453848012516453425	0.25	1
103961844764405899604	0.25	1
115053287304424638334	0.25	1
109959502580406246703	0.25	1
117892288416322141592	0.25	1
114453074731811294053	0.25	1
113135998239694342561	0.25	1
111881068300905922498	0.25	2
102324647834353381187	0.25	1
101158659765275060921	0.25	1
116916067691948954094	0.25	2
110920766054098332134	0.25	1
115694705577863745195	0.25	1
118066818975852193948	0.25	1
100933312428715463057	0.25	1
102483923645994576813	0.25	2
112039022986516057445	0.25	1
117033715264863371696	0.25	1
102944610657154936062	0.25	1
102289968845563552486	0.25	1
104753375168909176176	0.25	1
114276107608201015725	0.25	2
104557885419342982371	0.25	2
100223426453654445789	0.25	1
111548137920489485631	0.25	1
112013838980899408008	0.25	1
109275472958903148502	0.25	2
101801063324490856814	0.25	2
110516289000305046841	0.25	1
117879730166973489250	0.25	1
113345621158656129639	0.25	1
112547381334151121538	0.25	2
107384392751680393737	0.25	1
108494978560391930445	0.25	1
114766231675575465775	0.25	1
117207787193330201690	0.25	1
113581201724147813967	0.25	1
109362511029960405687	0.25	2
107056166333058621671	0.25	2
108477207247254245192	0.25	1
104630709417428322043	0.25	1
106268128704132883440	0.25	1
102504812237384979933	0.25	1
108059560806834089348	0.25	1
111148929145535325154	0.25	1
100227436861049512391	0.25	2
112115199448636041126	0.25	2
114527969442901187111	0.25	2
111219617477032612680	0.25	1
104605946488794124557	0.25	1
101206766570550710645	0.25	1
115855207434019427246	0.25	1
115369062315673853712	0.25	1
111821282583033016822	0.25	1
103639605101618596263	0.25	2
118321989430962111396	0.25	2
109325568794080123329	0.25	2
118395697585243587039	0.25	1
106534590021393670756	0.25	1
102095771607283515144	0.25	1
100640150965738247904	0.25	2
107836144820386436507	0.25	1
114244914082871792125	0.25	1
104528883763837038024	0.25	2
103000428814326899358	0.25	1
117026052320778734224	0.25	1
104166117798103658313	0.25	1
107335689754861942125	0.25	1
117560664691580702505	0.25	2
112821638546314889303	0.25	1
100632170426734690257	0.25	1
104215081746139431649	0.25	1
105736172662117422840	0.25	2
105412310357466966462	0.25	2
110026364426428491800	0.25	2
114976982266715324992	0.25	1
104794733870058284465	0.25	1
111763317710055084968	0.25	2
105161906328553942057	0.25	1
117555990096315491864	0.25	1
111202318474196769994	0.25	1
115355509510896551361	0.25	1
118424051298683868780	0.25	1
105499813513181024890	0.25	2
108483174111055128099	0.25	2
100439109861384520848	0.25	2
115854344437995415484	0.25	2
111672237763654753670	0.25	1
110317977449311219936	0.25	2
103328011963864767322	0.25	1
115673881208416151793	0.25	1
106267213264877926008	0.25	1
114546438999296253947	0.25	1
113854734486121331929	0.25	1
116665050354586924106	0.25	1
107167807339989673159	0.25	1
114615765199312756403	0.25	1
118352967741838205430	0.25	1
117821058998625758091	0.25	1
117484352468587338564	0.25	1
107677082468419952947	0.25	1
101829990343558867698	0.25	1
118012722126814621455	0.25	1
107859188684111526716	0.25	1
107179219017404092823	0.25	2
102155066952444013373	0.25	2
116205630888487199944	0.25	1
106909695352436014731	0.25	1
109750625377416110158	0.25	1
116080408327269479217	0.25	1
110347270359803332503	0.25	1
102457028132769572209	0.25	1
114775869285833699322	0.25	2
114706550303822513893	0.25	1
100151206178980470956	0.25	1
110318536620774935735	0.25	1
106012471647090911983	0.25	1
116468045941399412353	0.25	1
115096152472356120583	0.25	1
100414036831940644300	0.25	1
112345958146857992786	0.25	1
110094944251701219164	0.25	1
103030116155431184588	0.25	1
104013835962992611989	0.25	1
112444894894322397484	0.25	2
102604832247046490063	0.25	1
115341113841718684635	0.25	1
111785866026812109235	0.25	1
117791675007112917902	0.25	1
105256384500052506919	0.25	1
112251595002083918825	0.25	2
107385865447819585069	0.25	1
103415432362562035344	0.25	1
109807779729536332317	0.25	1
102932155101951597959	0.25	1
117543941326442613324	0.25	1
100050236476169505701	0.25	1
104863859643346885734	0.25	1
103051906170224974953	0.25	1
101885926862979557060	0.25	1
105469014582552539589	0.25	1
110582671305643479452	0.25	1
116913733590850826290	0.25	1
114254505413473103158	0.25	2
105779578704676468417	0.25	1
111010095740894220691	0.25	1
103442680093038883725	0.25	1
104243053732122719340	0.25	1
113276861370213912415	0.25	2
105619366900471780185	0.25	1
114822401067576646327	0.25	2
116984158806329217347	0.25	2
100977037997591614463	0.25	2
104110617315884833745	0.25	2
114130497407307723807	0.25	1
100642792829500939346	0.25	1
105868528931880806746	0.25	1
108846313016120398406	0.25	1
114149250788621760095	0.25	1
103413155580673108328	0.25	2
114880382644370462862	0.25	1
109924704826673688567	0.25	1
112555699781252956766	0.25	1
113081506638830554414	0.25	1
100481094548676430976	0.25	1
117370659306066821697	0.25	2
115757425082224421040	0.25	1
110792797923527485789	0.25	1
104260196027428537167	0.25	1
115676184622636926443	0.25	1
100150566455639793247	0.25	1
104116857746902951038	0.25	2
101797321563090647825	0.25	1
116963236140044523988	0.25	1
106100520172516227626	0.25	1
108909517464573528203	0.25	1
114576992114146786345	0.25	1
103156582871250188205	0.25	1
117803903749669009567	0.25	2
106430219639239080340	0.25	2
113135348911259277235	0.25	2
110512101498012017620	0.25	2
102829146421352914877	0.25	1
100639045969948187573	0.25	1
115315431627023710714	0.25	1
107190324562220716110	0.25	1
114657729015829097896	0.25	2
102625730026899920745	0.25	1
104305093651029346052	0.25	2
101037504613481726969	0.25	2
116009834462330022542	0.25	2
115006078135025418563	0.25	1
104419878658253394900	0.25	2
108664190243521475263	0.25	1
110810490602446383618	0.25	1
102023200234540055360	0.25	1
100021763037118622677	0.25	1
105845027464141907120	0.25	2
107103694503742730223	0.25	1
107995619131918290344	0.25	1
114936305444675663996	0.25	1
111310046455974644071	0.25	1
115884897721735446510	0.25	2
104322769031710507223	0.25	1
113849854505123227374	0.25	1
111888837048429742481	0.25	1
100076706764589642305	0.25	1
115701858978533297883	0.25	1
104462130249877869019	0.25	1
104601956257565484409	0.25	1
112893909332361280246	0.25	1
107708074081372372057	0.25	1
101082235048278284551	0.25	1
111190898924390669688	0.25	1
114848355432152538571	0.25	1
113330582175661902528	0.25	1
112510336374449688461	0.25	1
113910354100832676822	0.25	1
107138810211319505147	0.25	1
109667058854110003974	0.25	1
107876465655415214141	0.25	2
109598777281314878099	0.25	2
112090841044655427740	0.25	1
113025239827540793023	0.25	1
104087342276546176987	0.25	1
115616773717685101559	0.25	1
101453877893136139667	0.25	1
114022908309550436228	0.25	2
106493636799661464344	0.25	1
112854492965094793003	0.25	1
108633815607907240057	0.25	1
106448728985112053436	0.25	2
105918746253457933011	0.25	1
114064113161664653903	0.25	1
112858628232089299093	0.25	2
116103529679892546106	0.25	1
114767573600298391691	0.25	1
116882502495918843508	0.25	1
102769640165130455481	0.25	1
111955041561921964772	0.25	1
116834267019233927964	0.25	1
106059974873467267767	0.25	1
113056051956082413292	0.25	1
109731693609742864138	0.25	1
109746583557897830249	0.25	1
112373839002409633329	0.25	2
100081342422534336607	0.25	1
106111608936005111972	0.25	1
100206580117558206798	0.2	1
106272792451779255922	0.2	1
114625057939163878602	0.2	2
108707288314881139888	0.2	1
108172009599607363531	0.2	1
102449949858490990934	0.2	1
100124389520659251191	0.2	1
111567061469336027617	0.2	1
113897230587820705070	0.2	1
105263585893976393042	0.2	1
100070927167992422053	0.2	1
116040565882702717981	0.2	1
114010006237314988641	0.2	1
102496577203990741245	0.2	2
105207689891479566260	0.2	1
110103641077948436261	0.2	1
110976998658855886845	0.2	1
111602709021210246463	0.2	1
117780123311745959218	0.2	1
109524702084450613375	0.2	1
102521622649894671551	0.2	1
103100496883422151101	0.2	2
107033731246200681024	0.2	1
102380164715308354113	0.2	1
111861770000711596685	0.2	1
114685727151899977785	0.2	1
107968525907303243288	0.2	1
103522841430099843089	0.2	1
100163558146416521918	0.2	1
100215158885259107805	0.2	1
112740449839569050744	0.2	1
104261567553968048744	0.2	1
103242931271139699369	0.2	1
102600774742322762226	0.2	2
113102862520765968586	0.2	2
113599452138488526369	0.2	2
111499908439497508351	0.2	1
100961288997176421259	0.2	1
118292708268361843293	0.2	1
108189587050871927619	0.2	1
115376804135318461031	0.2	1
114294757055502483384	0.2	1
106792630639449031994	0.2	2
107130354111162483072	0.2	1
115703034502455688942	0.2	1
106116111304373377701	0.2	3
105106962406858998302	0.2	1
106920059607812615730	0.2	1
102311554030427331560	0.2	1
112852456566725206404	0.2	1
103756592263455012235	0.2	1
118299777136505117634	0.2	1
106654880386648202585	0.2	1
113882113745075873153	0.2	1
112072934052683456906	0.2	2
103827744225845599092	0.2	2
110318982509514011806	0.2	1
104105731492533491798	0.2	2
104108470253317688307	0.2	1
111983349552187459374	0.2	2
114037557816209327028	0.2	2
102108625619739868700	0.2	1
111169963967137030210	0.2	1
117603607686759718742	0.2	1
108945615972564140630	0.2	2
116258650604912007683	0.2	1
112602934548910270096	0.2	1
114365061169325452330	0.2	1
115182601594934760469	0.2	1
106692901703082428393	0.2	1
118170059441102440825	0.2	1
100885522325299973274	0.2	1
114048628995185346979	0.2	1
106422711035746240826	0.2	1
117840649766034848455	0.2	1
100998972239153732516	0.2	1
117808925288865527025	0.2	1
100854202666064752024	0.2	1
102717586677070253951	0.2	1
107602882044753150398	0.2	2
106119964731604142156	0.2	1
106517092226488584705	0.2	1
115212051037621986145	0.2	1
113374887519478095004	0.2	1
110349587692857642647	0.2	1
112385153799954705768	0.2	2
114122567270962169712	0.2	1
107439296467832903946	0.2	1
113021619972679856263	0.2	1
112536035689556132969	0.2	1
106876108861840284155	0.2	1
103859341877402500482	0.2	1
117935797319364093334	0.2	2
109735868860370294405	0.2	1
110563351377427897709	0.2	1
102923147893327767382	0.2	2
110554344789668969711	0.2	1
113801236315350503728	0.2	2
108062486318052703268	0.2	1
100512649718649402368	0.2	1
113899511232506817885	0.2	1
111930343403502205052	0.2	1
117378848700596735005	0.2	1
115608553892438743738	0.2	1
117600097894930800347	0.2	1
112141931042568948106	0.2	1
110031824226270752928	0.2	1
101081750997452193114	0.2	1
103688405513400260462	0.2	1
103022927889268617144	0.2	1
115282148502644807921	0.2	2
103850062796903816685	0.2	1
114671811822976355657	0.2	2
103682188246496278549	0.2	1
112553675138070217168	0.2	2
113607435918549143249	0.2	1
108773285824915730241	0.2	2
107649742523221548809	0.2	1
104972713938717882861	0.2	1
101111725148957537937	0.2	2
110819624687392857345	0.2	1
107950851093654625603	0.2	1
111732375221065535359	0.2	1
111314560398897822177	0.2	1
104550678234629742078	0.2	1
114826457457941066820	0.2	1
101213524574984631953	0.2	1
113537711651274258466	0.2	1
109838003636381977545	0.2	1
105545068944703206621	0.2	1
103010775231318293247	0.2	1
107808257391213832544	0.2	1
114088275319655825643	0.2	1
110409407167943588793	0.2	2
109765074314342933278	0.2	1
115156053198935796651	0.2	2
106752261083710991939	0.2	2
104183965153478971580	0.2	1
114617510344703462620	0.2	2
104699108013523482558	0.2	1
108034245923143539552	0.2	1
114735112562506678106	0.2	1
110471924939471675275	0.2	1
105492974704193057672	0.2	1
102725109790365996602	0.2	1
116394575739281318169	0.2	1
100940716892313727285	0.2	1
118207880179234484610	0.2	2
101569655404865588155	0.2	1
117545631826750480713	0.2	1
109590398176624020308	0.2	2
101254806877802389024	0.2	1
108380180393712839855	0.2	2
113988020346430909404	0.2	1
110351155041587328439	0.2	1
106615548454096392167	0.2	2
108243473184865090417	0.2	1
107753428759636856492	0.2	1
117826637077711958172	0.2	1
100355701161361592492	0.2	1
113698589973698283456	0.2	1
114442427880093488153	0.2	1
101038793101119748720	0.2	1
114236604403554541461	0.2	2
103672424840268250022	0.2	1
100022837800887181186	0.2	1
107140884077582692033	0.2	2
118336139840053353940	0.2	1
113835509938352188173	0.2	1
104047378152483720725	0.2	1
114801797004966639281	0.2	1
114484815067147880052	0.2	1
104052724814079219066	0.2	1
103778773247850174355	0.2	1
118043626338533733685	0.2	1
100852553003843098980	0.2	1
114082128485597146570	0.2	1
116570889542655364711	0.2	1
109268440076100174636	0.2	1
107391346918211701146	0.2	1
100852036474143402737	0.2	2
102681409209964326686	0.2	1
116541152567955767643	0.2	1
100361625055840396896	0.2	1
104250970445890717876	0.2	1
114579433151395834520	0.2	1
115982047784351676092	0.2	1
116205785394254868624	0.2	1
116364746436006927841	0.2	1
103111382143198287157	0.2	1
115562616392250088137	0.2	1
110785609347596537306	0.2	1
108255750659110762991	0.2	1
113612142759476883204	0.2	2
106665185918564754695	0.2	2
108282896766154720648	0.2	1
105405650077092541765	0.2	1
116758821429474866230	0.2	1
110025177084709634671	0.2	1
115202732633609928922	0.2	1
117555368223516714643	0.2	1
118060719740697519041	0.2	1
100239357383983715731	0.2	2
101867546374604054085	0.2	1
111605607864966798949	0.2	1
102311875004581334954	0.2	1
113567079117038816080	0.2	1
103612775462167038471	0.2	1
103100535731231785517	0.2	1
102256436189763893500	0.2	1
108690696042587736665	0.2	1
111647958621817995641	0.2	2
118075919496626375791	0.2	1
104470530675012757335	0.2	1
108770022239813194104	0.2	1
117125976214322069524	0.2	1
112278414770269581117	0.2	1
113290698547751890551	0.2	1
118418436905562612953	0.2	2
116226932711437764309	0.2	1
104918486374327073132	0.2	2
104176937291281778869	0.2	1
108690239590381459413	0.2	1
117599103108596130864	0.2	1
103076748064943867903	0.2	2
105006381068870463173	0.2	2
112756365208572318325	0.2	1
102469951620293509326	0.2	1
110260043240685719403	0.2	1
116358482624154197444	0.2	1
112838793483606070770	0.2	1
107540638333054762391	0.2	2
111164452041690496503	0.2	1
111425389710625097093	0.2	1
109914042601590898085	0.2	1
107732802446301744236	0.2	1
112374836634096795698	0.2	1
117856074972945172868	0.2	1
101511807182722362936	0.2	1
110685908868490739196	0.2	1
108059096144020001716	0.2	2
118187272963262049674	0.2	1
116131244044857846351	0.2	2
103657641753349471053	0.2	1
111042085517496880918	0.2	1
106366615678321494423	0.2	1
109463973877107367819	0.2	1
105329929314379043455	0.2	1
103713566836363406354	0.2	2
112710501221399450850	0.2	1
111666959095947698908	0.2	1
108886384290148097554	0.2	1
103637004042802406296	0.2	2
114629508960670409934	0.2	1
103300363750121441954	0.2	2
107101208158314368393	0.2	1
112106208511864515140	0.2	2
106695181236161584825	0.2	2
107606703558161507946	0.2	1
108270712126515524163	0.2	2
106185836270391214835	0.2	1
107047796519061210494	0.2	2
116089220666654676949	0.2	2
100804724941752073418	0.2	1
111742562190411471360	0.2	1
104819208193648646391	0.2	1
110981030061712822816	0.2	1
105164570509765092084	0.2	1
116626367309939192323	0.2	1
107988469357342173268	0.2	1
109450535379570250650	0.2	1
109072435332370961533	0.2	1
116312861051138180882	0.2	1
100051691779523403652	0.2	1
116424992718521920045	0.2	1
112317150952376065749	0.2	1
117696816418408972456	0.2	2
103334611312899628087	0.2	1
105936431317651182231	0.2	2
104461364885611490928	0.2	1
103743296950120157401	0.2	1
116025113186246273555	0.2	1
103864879798720765093	0.2	1
116049289435132333203	0.2	1
114978923741790486508	0.2	1
113760695441101959932	0.2	1
107399243715599955904	0.2	1
110394599356932147330	0.2	1
102090995491094543233	0.2	2
116514855719838691228	0.2	2
105347537964295352326	0.2	1
108002138812927763875	0.2	1
116675628399793386012	0.2	1
113686253941057080055	0.2	1
110047629741042205856	0.2	1
113598025206965595031	0.2	1
102212546854698006281	0.2	1
108629799648187143945	0.2	1
103036608814734002706	0.2	1
106397232733058752327	0.2	1
100073903656543799414	0.2	1
106597407209533990026	0.2	1
107254847750371936612	0.2	1
102403331307606219198	0.2	1
105332691637769400620	0.2	1
106346103000894582144	0.2	1
109988658141933240590	0.2	1
110532983418913074480	0.2	1
115920388737284036613	0.2	1
103566722317807467334	0.2	1
102147343461272423807	0.2	2
111000597927957202732	0.2	2
110683134945147464336	0.2	1
101257636214966851995	0.2	1
111877959639417128898	0.2	1
116663982997041117781	0.2	1
112798720517151675833	0.2	1
117864870325430163469	0.2	1
102851481478167103332	0.2	1
105459039689531835195	0.2	2
117152814213463502428	0.2	1
117429338994084343079	0.2	1
110760151623547085696	0.2	1
114425823354807757832	0.2	1
103515259519634902605	0.2	1
112460361944526645003	0.2	1
113491432324942287374	0.2	1
104414646264873234939	0.2	1
116621986644249676039	0.2	1
108896556048763968559	0.2	1
102664264088054159327	0.2	2
106955710512726911498	0.2	2
104126812781499672289	0.2	1
101036901083818649080	0.2	1
101954261955134304484	0.2	1
109488323897318379214	0.2	1
101623299936375408403	0.2	1
108640673873589796416	0.2	1
109633201807186374475	0.2	1
100518216397474461708	0.2	1
106674493917179154019	0.2	2
114190048396389102837	0.2	2
109022235269450532430	0.2	1
117324905176396235130	0.2	1
113364856660738963998	0.2	1
115578224090485355580	0.2	1
113127438179392830442	0.2	1
116037398056634075517	0.2	1
114800310452543164210	0.2	1
108028857014130660620	0.2	1
105176518559229728961	0.2	1
100213793430941376501	0.2	1
103605976954899443220	0.2	1
106955057806718560042	0.2	1
109432479415070880304	0.2	2
102113218326742731510	0.2	1
102747436158315285548	0.2	1
107849922105700858631	0.2	1
106111195718302652758	0.2	1
112825530763283643363	0.2	1
103772069584080057731	0.2	1
108495939879361296965	0.2	1
109747481588639022917	0.2	1
107054744026933176373	0.2	1
102545157386069758709	0.2	2
112108146349792378878	0.2	2
108424801450438618205	0.2	1
109088229817689076273	0.2	1
117731151863953390196	0.2	2
114697646623413794481	0.2	1
100838276097451809262	0.2	1
112617571814126522421	0.2	1
118227548810368513262	0.2	1
104619747503393735851	0.2	2
104049790983173844830	0.2	1
109153173014618846782	0.2	1
115916689903804116666	0.2	1
115744260030380666284	0.2	1
117528135696791827789	0.2	1
101002632394819121609	0.2	2
116545851237592991837	0.2	1
106043946923794621841	0.2	1
100985944626395890547	0.2	2
104755487586666698979	0.2	1
109100019306667996692	0.2	1
100951976559465900344	0.2	1
118357356982727825178	0.2	1
100269980559891536109	0.2	1
108067740959569006573	0.2	1
100664794686416535524	0.2	1
103541694080221120019	0.2	1
101149790069455088279	0.2	1
102496647196143813140	0.2	1
108045606825777666935	0.2	1
111310990991240556038	0.2	1
101141424784642471883	0.2	1
102848773641288493898	0.2	2
101414648594787969098	0.2	2
112311893194117715795	0.2	1
112099486767175481894	0.2	1
112395984886882740302	0.2	1
102718274791889610666	0.2	1
115982989172889057014	0.2	1
101983107762475625908	0.2	1
116452824309856782163	0.2	1
106533248943352121512	0.2	1
114803894551548417361	0.2	2
100500245299584541581	0.2	1
107651190143922693158	0.2	1
102352120060183298905	0.2	1
117954878342187283481	0.2	1
102199777787314348675	0.2	1
104038699355103594931	0.2	1
106375185385064539372	0.2	1
112844561713780016118	0.2	1
101377314432124184416	0.2	1
109296198272425566656	0.2	2
112353571951662353120	0.2	1
111326500706485286272	0.2	1
104602423740417750584	0.2	1
112453006720940889313	0.2	1
104249175041927427607	0.2	1
103022817021170264252	0.2	1
101347453976804822388	0.2	2
107999700642087952630	0.2	1
103625305650782852673	0.2	2
100701171891592623537	0.2	2
103059238641169868733	0.2	1
109409183697005229195	0.2	1
101183471597929879944	0.2	1
113910139807841637853	0.2	1
102299247290554779931	0.2	2
116194490715887865843	0.2	1
103385763780839177438	0.2	1
101097598357299353681	0.2	1
117114202722218150209	0.2	1
109588294336146429464	0.2	1
100566149204769044662	0.2	1
110009153791044267013	0.2	1
103740436504596047380	0.2	1
107267095722524064779	0.2	1
108854355910193896778	0.2	2
113435517027073274385	0.2	2
109624743480845500704	0.2	1
103849358664685526273	0.2	1
112353210404102902472	0.2	1
111652874469477727567	0.2	1
109643299526315178425	0.2	2
107714711613847705349	0.2	2
111127765976287525565	0.2	1
104401121686781166984	0.2	1
111996409013825587891	0.2	1
109731666173059832409	0.2	2
114856801761775867049	0.2	1
114338391794588005598	0.2	2
101718390566554974815	0.2	2
110836322558502335897	0.2	1
104727718422077227100	0.2	1
100290407917717250862	0.2	1
108713714482790711568	0.2	2
105049886932332906928	0.2	1
106458306010374392496	0.2	1
114500774046826192088	0.2	1
104120875155178024742	0.2	1
105187180429104089107	0.2	1
102785478968851572984	0.2	1
103926020557781274841	0.2	1
102854787498989239241	0.2	2
103363638632541199389	0.2	1
101262147826811866992	0.2	1
111030915700039774280	0.2	1
109407907214491900800	0.2	2
115521741651649419878	0.2	1
109448162492198686266	0.2	1
100948037421828558360	0.2	1
113311572945995083557	0.2	1
113175253983126961173	0.2	2
107889308834020041514	0.2	1
109205144679654268249	0.2	2
117507880291928871745	0.2	1
112172895831966524738	0.2	2
100838318974719130475	0.2	1
105074634286185557612	0.2	1
116180809349156681993	0.2	1
113949230518472826907	0.2	1
116095569828341687390	0.2	1
110891307255905847602	0.2	1
106141970002595541286	0.2	1
115130390735317423919	0.2	3
110176872665683889634	0.2	1
107669470779452583961	0.2	1
117942443067183917393	0.2	2
114089815813045809102	0.2	1
104591432846475119068	0.2	2
102443055443356357765	0.2	1
103395772177679913612	0.2	1
113660174638592427229	0.2	1
117254459099986987052	0.2	1
111588662622385001847	0.2	1
105818319441135524021	0.2	1
108750679568139936282	0.2	1
100646334382638139241	0.2	1
115570939558790629700	0.2	1
107198720927861774026	0.2	1
117344752225183656923	0.2	2
106993790975969476239	0.2	1
114592751246503219483	0.2	1
115133653231679625609	0.2	1
110563789211679581171	0.2	1
113359323653658147878	0.2	1
103237245020768290155	0.2	1
103883629881537445469	0.2	1
101890763489079583743	0.2	1
113063034789818047854	0.2	1
113034683222056567284	0.2	1
111590588936345113017	0.2	1
114756468015607312300	0.2	1
113220541195694388611	0.2	1
115037313319624350537	0.2	2
107671409514652376955	0.2	1
109539407031864086615	0.2	2
116333290923912560988	0.2	1
105716316100591540255	0.2	2
104174037294742207726	0.2	1
106009548138292190891	0.2	1
110839867176526013157	0.2	1
107239243697052142561	0.2	1
115711522874757126523	0.2	1
102921495870063367674	0.2	1
114769215890041675809	0.2	1
109467717400903653061	0.2	1
116961301915403381264	0.2	1
109099362121988925916	0.2	1
109599220524260072765	0.2	2
108909410092090333142	0.2	1
109422140668627826076	0.2	1
110677399908549124400	0.2	1
103201238410770468762	0.2	1
118133406527550382736	0.2	1
112192472591812292031	0.2	1
102907221000300969164	0.2	2
101779073533012735439	0.2	1
109042698174920402721	0.2	2
102999681352424159104	0.2	1
102733870103786741145	0.2	1
117765053522126253555	0.2	1
104906919451670502090	0.2	2
101253571626468140515	0.2	1
112298902067485082680	0.2	1
115599800236429009889	0.2	1
113524530858349421978	0.2	1
103813928596430146489	0.2	1
101806232442709918526	0.2	1
103929313090037971278	0.2	1
105130210063933896722	0.2	2
116910304844117268718	0.2	1
104330705025733851532	0.2	1
101491768729241379467	0.2	1
109326311596264502242	0.2	1
111775457589352587958	0.2	1
102103386926628480758	0.2	1
115671137696411026556	0.2	1
105116073739947536620	0.2	1
116897165866427007282	0.2	1
107218026796592407054	0.2	1
108827924070698120188	0.2	1
103489653814818422287	0.2	2
116527642554002684241	0.2	2
100383347288467674879	0.2	1
100892411376421396254	0.2	1
112924888792635085586	0.2	1
105507095357499885933	0.2	1
105971871972726847055	0.2	1
116831783688307503105	0.2	1
101935010073334602731	0.2	1
104128454477572697430	0.2	1
110327927473855794849	0.2	1
115910655628119960717	0.2	1
113390679691036376988	0.2	1
101635774737848489225	0.2	2
114725651137252000986	0.2	1
102772709636277534920	0.2	1
115838710538466135615	0.2	1
104867148520425189911	0.2	1
108117491811051359994	0.2	1
107395795129791787754	0.2	2
105706588199449251727	0.2	2
111531011712549890791	0.2	1
113945293805484848312	0.2	1
100708943432027499610	0.2	1
117641832852820190893	0.2	1
113939332173985992126	0.2	1
117260336597119077984	0.2	1
115372405214595182619	0.2	1
108050321106192246933	0.2	2
101573046878061458576	0.2	1
116164717430356367649	0.2	1
108325036468578880406	0.2	1
113272305558893306147	0.2	1
106180364516636917129	0.2	1
109280758276914754699	0.2	2
117258388843347492759	0.2	1
106273672060692715136	0.2	1
105062545746290691206	0.2	1
114964201643447496656	0.2	1
110111510059204475260	0.2	1
112846816678599570466	0.2	1
101369574596674554493	0.2	1
110348471133216488663	0.2	2
118353488536906108198	0.2	1
108821717261017099757	0.2	1
102880704819923280576	0.2	1
114034900216037711293	0.2	1
107289961585411779306	0.2	1
114605685727187968865	0.2	2
113381970363456353207	0.2	1
107179201944176343103	0.2	2
102945758979783986480	0.2	1
103688075806912719646	0.2	1
118018621153265389754	0.2	1
117143425882245613158	0.2	1
108774396611806346910	0.2	1
105747392662796079247	0.2	1
109241683619642295538	0.2	2
110835351725026783220	0.2	2
109933174446684687846	0.2	1
105324045605209315491	0.2	2
112065783932851992511	0.2	1
108944107725127713338	0.2	2
117327100275929675274	0.2	2
115407184179295920691	0.2	1
110697670321294311751	0.2	1
109591387819364984777	0.2	1
112557754128497428807	0.2	1
112732879694011682598	0.2	1
102287025037700425605	0.2	1
104034130637876370107	0.2	2
117141428207583957225	0.2	1
106840581685558577500	0.2	1
102617628172847077584	0.2	1
113640610628380286742	0.2	1
109519844611528182119	0.2	1
111408304754455411771	0.2	1
114488480398639943977	0.2	1
108783187432062275983	0.2	1
109829574817987307394	0.2	1
114133424228405038490	0.2	1
101101053534911967906	0.2	1
109974833376937432111	0.2	1
118302370508801889187	0.2	1
100873501879592013872	0.2	1
104671636596627928628	0.2	1
110412141990454266397	0.2	1
104005436274006934209	0.2	1
109365716506666224393	0.2	1
112728852089862207616	0.2	1
104973077038050828162	0.2	1
118282622766782284988	0.2	1
117110094515372104918	0.2	1
115266565535781713683	0.2	1
103512734226243667908	0.2	1
102927242133975958666	0.2	2
115696720895506924134	0.2	1
103981048997223735960	0.2	1
112104208434798636101	0.2	2
111826610705069040466	0.2	1
104337250309547718994	0.2	1
103096831713870804901	0.2	2
110414740963539188370	0.2	1
110467702883125654398	0.2	1
115527168244643436935	0.2	1
116474891455586207502	0.2	2
118352535706748672083	0.2	1
115788203615961124571	0.2	1
103751101313992876152	0.2	1
105951083208800607266	0.2	1
110946985980737716867	0.2	2
103898515118730438301	0.2	2
108247072732386730111	0.2	1
108141318692683231128	0.2	2
117946130034296521076	0.2	1
101916712372952766257	0.2	2
103212167104566683799	0.2	1
118054504250039594892	0.2	1
108643553408514834289	0.2	1
116805757070379332198	0.2	1
112658633592720298303	0.2	1
117239269999988989998	0.2	1
113209848207799340768	0.2	3
106392802833222729376	0.2	1
104950987080776411366	0.2	1
104538634996718513001	0.2	2
103266860731871773002	0.2	1
117794542369946365864	0.2	1
105151071754277395692	0.2	1
105425518837935313061	0.2	1
109855547025675747819	0.2	1
114426456655960013419	0.2	1
114844282606005678856	0.2	1
105632705274410650331	0.2	1
101928220831375355212	0.2	1
113012880306956864243	0.2	1
114604853277237932770	0.2	1
113724084710542316456	0.2	1
113572186096020956020	0.2	1
106680779913307249746	0.2	1
107140639929094144668	0.2	1
104459148305814228920	0.2	1
108202085498037515456	0.2	1
111892411070912002972	0.2	2
112919659783514238574	0.2	1
111338386557930415830	0.2	1
104758683354871067458	0.2	1
106209094867943078908	0.2	1
103846222472267112072	0.2	2
103348693812294029194	0.2	1
107552965844516484621	0.2	1
105073921972642972229	0.2	1
116815556908248220861	0.2	1
103457509627275821069	0.2	1
111916401300231612199	0.2	1
112402499433970682724	0.2	1
103343410323328731347	0.2	2
115775222190592970504	0.2	1
100000763912458474062	0.2	1
115974753495210614959	0.2	2
106332298524444965376	0.2	2
109743367019855280527	0.2	1
109726456068426241798	0.2	1
114954690177288796299	0.2	2
110591699614879778324	0.2	1
103128232230617819686	0.2	1
117805837453042503498	0.2	1
106532709318061274779	0.2	1
116630790609696847600	0.2	1
107808951807533655192	0.2	1
110675452389726744806	0.2	1
106925687033660559530	0.2	1
112335972185770334608	0.2	1
116583427095083212925	0.2	2
104959258308193038287	0.2	2
112960409008422656286	0.2	1
117231841841778412722	0.2	1
107304794162956058165	0.2	1
110423756011149599570	0.2	2
105147693407301094271	0.2	2
114899023370792587252	0.2	1
105747056228240259424	0.2	2
115611204339980536545	0.2	2
110351317290193696485	0.2	1
116554523167086525967	0.2	2
107890121535453394797	0.2	2
110637041356037924180	0.2	2
104281771991102555658	0.2	1
105598223907339480049	0.2	2
100258330325630692559	0.2	1
112662956693744460184	0.2	2
113634338398706942182	0.2	1
101388804049133894710	0.2	1
115414977082318263605	0.2	1
115997005046244268272	0.2	1
101292285801839007713	0.2	1
115792812685025548090	0.2	1
112400684421235030921	0.2	1
100662909073161676590	0.2	1
104174906205125195741	0.2	1
109171549862118277702	0.2	1
110939940621927212894	0.2	1
103923505921626240229	0.2	1
106746862389360195498	0.2	2
105355997250151938253	0.2	1
100798142896685420545	0.2	1
108582380062864553580	0.2	2
107417434288149766416	0.2	1
114018652434921457402	0.2	2
102084868861345752741	0.2	1
107162535212133846086	0.2	2
110560790507479800170	0.2	1
114165026575240989729	0.2	2
108115617136019905307	0.2	1
107975269782714364890	0.2	1
115852940304447815262	0.2	1
101588482738379761092	0.2	1
107077252837637658489	0.2	1
115516218750163971519	0.2	1
115070473523300821204	0.2	2
111089720267396135049	0.2	2
100716731348501749746	0.2	2
102408444534543125138	0.2	1
111766781414334736391	0.2	2
104464213307930594685	0.2	1
117340987436321587024	0.2	1
101236858846615839139	0.2	1
106911982681652644916	0.2	1
110435295545366323990	0.2	2
110203434930231225900	0.2	2
110132010602395281488	0.2	1
102657310604716033904	0.2	1
105471037104731246079	0.2	2
101870537775120395761	0.2	1
112577801967701652135	0.2	1
100077470889543654027	0.2	1
105172019907753442218	0.2	1
107406823952218923065	0.2	2
115517522168525801173	0.2	1
113700457319641918910	0.2	1
111278944383409322882	0.2	1
111455261058370309568	0.2	2
116766356251439373925	0.2	2
112816873551832628235	0.2	2
110672962173558720770	0.2	1
105454267347910242675	0.2	1
110641278680887196477	0.16666666666666666	1
113124358478880583737	0.16666666666666666	1
113204894998269100367	0.16666666666666666	1
103111819620088309060	0.16666666666666666	1
102048265612444661933	0.16666666666666666	1
102105845906727440764	0.16666666666666666	2
105712078837057565895	0.16666666666666666	1
106051298324143935457	0.16666666666666666	1
105928916534167699274	0.16666666666666666	1
111500686749665101323	0.16666666666666666	1
114892667463719782631	0.16666666666666666	1
113646467321645657750	0.16666666666666666	1
116568645918095855751	0.16666666666666666	1
116041118667252988149	0.16666666666666666	2
118163199138169553078	0.16666666666666666	2
100605790658970634935	0.16666666666666666	1
109121387070522265286	0.16666666666666666	1
113439011429795422194	0.16666666666666666	1
118127518340547110860	0.16666666666666666	1
115252404266418713912	0.16666666666666666	1
107936370364224965237	0.16666666666666666	1
107448805506182346590	0.16666666666666666	1
108234532142683217999	0.16666666666666666	2
118102862690539596548	0.16666666666666666	1
103231502413952116096	0.16666666666666666	1
101849510083241705372	0.16666666666666666	1
114007407080025848388	0.16666666666666666	2
104359763476253962070	0.16666666666666666	1
114128403856330399812	0.16666666666666666	1
111238994220809064329	0.16666666666666666	1
107149275488314472275	0.16666666666666666	1
117344886427356841678	0.16666666666666666	1
118284599396182669786	0.16666666666666666	1
114821823963128971807	0.16666666666666666	2
107644961955157618152	0.16666666666666666	2
117272804393056744845	0.16666666666666666	2
106534250595757498021	0.16666666666666666	2
103411282016110874733	0.16666666666666666	1
107303107611470093265	0.16666666666666666	1
110818935115315400440	0.16666666666666666	1
107114502324102064911	0.16666666666666666	1
114357601951118536391	0.16666666666666666	1
112843177657461440537	0.16666666666666666	1
103589781247706020244	0.16666666666666666	1
110993380381592315078	0.16666666666666666	1
100849476475092522282	0.16666666666666666	1
113229281229556986490	0.16666666666666666	2
115047255737970719935	0.16666666666666666	1
113172832509877765285	0.16666666666666666	1
107825391373532472511	0.16666666666666666	1
118324243428277511047	0.16666666666666666	1
109546317267245535378	0.16666666666666666	1
107369140154868290038	0.16666666666666666	1
117727867500632867043	0.16666666666666666	1
106725380411014774347	0.16666666666666666	2
114236566829995978427	0.14285714285714285	1
109412257237874861202	0	1
113895942978964425455	0	1
114572384791837115892	0	1
100873628951632372330	0	1
116761214452114671837	0	1
105649174431529384296	0	2
109161242786054443993	0	1
103233967921245494760	0	2
114907254818162267650	0	2
109139237014771009015	0	1
104233435224873922474	0	1
107970019180630435486	0	1
103097764320602190090	0	1
109193674823031718540	0	1
106189723444098348646	0	1
108122951942314673896	0	2
108249232416813189685	0	1
104048500804447341038	0	1
103438332263642514693	0	1
106154669044284257296	0	2
111661289724043424828	0	1
113288790980179920951	0	2
113247423264358423892	0	1
109817307856974317275	0	1
107026299993226528916	0	1
116651741222993143554	0	1
108159551615224338529	0	2
114696006450390555658	0	1
106672324828117531124	0	1
109813896768294978296	0	1
104883301041308726636	0	2
110858566556215922899	0	1
100918125432083359583	0	1
101886706065800845176	0	1
107234826207633309420	0	1
107011265359512082824	0	1
106717946845088683921	0	1
112218872649456413744	0	1
116177760800135388500	0	2
115007835866162791821	0	2
109555919001321700626	0	1
112063946124358686266	0	1
106594021248846012322	0	1
109873891604415873760	0	1
115552172695071755339	0	1
105540241924141497089	0	1
116640923223897011110	0	2
102366211018261594737	0	2
106326695213011334625	0	1
112004253446956844416	0	1
118320665823821681206	0	1
101055257336357362882	0	1
100651621769656849775	0	2
109380443971181362791	0	1
109100211110861785447	0	2
103759446822828646901	0	1
102943220293105257440	0	2
110807482166400328009	0	1
105061361821750358201	0	1
103035368214666982008	0	1
113210431006401244170	0	1
105636695715347097518	0	1
113089996646628106127	0	1
112930960401848447323	0	2
111817088441696761347	0	1
117841284165024027243	0	2
110749379267845817082	0	2
100258933461856349896	0	1
109140471608038321304	0	1
115744399689614835150	0	1
115695578304416858659	0	2
115924787547381310437	0	1
113891423043364949268	0	2
113143203855389025652	0	1
114220853146751120080	0	1
109074857816744029470	0	1
103885236161371171530	0	1
107117483540235115863	0	1
115740425396974668440	0	1
102452280382357513402	0	1
100187756684883327689	0	1
112583152631387332512	0	1
108462340855067816040	0	2
111003585222709735706	0	2
110824898394331651902	0	2
111962077049890418486	0	1
115314902915025797112	0	1
100188811776456776373	0	1
116727951144543307899	0	2
109599950836957989804	0	2
104730969284048173235	0	1
102219475968800204884	0	3
105737646394343924193	0	1
107496519574681170790	0	1
105354532715798223299	0	2
108700472895595187876	0	1
107982618909749811163	0	2
104352054167145813651	0	1
115404182941170857382	0	1
109931720898576608083	0	1
106605101842842927717	0	1
111285782175840598932	0	1
118327176775959145936	0	1
101494785673125223598	0	2
101975153326598871119	0	1
108176814619778619437	0	1
108772630479900043184	0	1
104885672108365535825	0	1
107784212140893392732	0	1
104376123433741873548	0	1
112609956355138553458	0	2
116948925972911973649	0	1
103080361252289883508	0	1
113186623583029971455	0	2
115736380181603051269	0	1
105786329165387175660	0	1
111164095920889813531	0	1
105653397206032971738	0	1
106829982251244280155	0	1
116222833568410151476	0	1
116916940622399669871	0	1
103429767916333774260	0	1
109518328768098946778	0	1
112599748506977857728	0	1
105532138929952652519	0	1
109895887909967698705	0	2
114338217792003600242	0	1
111923578555541250439	0	2
117882113521504063190	0	1
109202477360312997249	0	1
110315521977553596228	0	1
106356964679457436995	0	3
100446424597147316863	0	2
100619317375047403958	0	1
109195815313770783778	0	2
110282169465175925759	0	1
106511376455153027148	0	1
106835527256079594526	0	2
116211592086036388314	0	1
103100286417625000956	0	1
116826662206560476054	0	1
100025536618853941891	0	1
104168966138475388803	0	1
101483533411566453214	0	1
108144430629893821152	0	2
117171737258103261935	0	1
101935995649723391317	0	1
115777169768345614675	0	1
109688735436178937133	0	2
107776015052084750821	0	2
118435660774054677482	0	1
116992221479414639679	0	2
103929740436666277619	0	1
113681534576549611571	0	1
107590607834908463472	0	1
100906247084442837696	0	2
109147099159025717832	0	2
115127559705751985046	0	1
107165093852558360345	0	1
110634877589748180443	0	1
107495447687213723367	0	1
103558652341658229842	0	1
114228869493885222559	0	2
100219691404074384850	0	1
115130760540851771472	0	1
111499016778755078481	0	1
103125735241726262518	0	1
102431068097019314437	0	1
110616107503379493860	0	2
114580172421467353646	0	1
115863474911002159675	0	1
108202274299391625681	0	2
106260154713535804021	0	1
115185211980778442255	0	1
104533719648086541353	0	1
112326867483489579883	0	2
103797409565331693058	0	1
110648946295824984922	0	1
103368866189680641933	0	2
102148902002906233170	0	1
103046205364039460215	0	1
101709676645745930035	0	1
114760865724135687241	0	1
113093598958600969183	0	1
117362177282595168386	0	1
105455090881879814009	0	1
104390246098751387487	0	1
112009945208508693556	0	1
111438020755240363121	0	1
110352049954858592591	0	1
113754283359377615013	0	2
116195341259592356433	0	2
114905391456940493027	0	1
110838250952802427542	0	1
105095083538991543994	0	1
101127849472046131831	0	1
103678326165851692934	0	1
112564135762572403710	0	2
102717421433762219474	0	1
112600205125796554588	0	1
108482743103405304468	0	1
112174039767189541081	0	1
109647692032961252090	0	1
101872748485849744806	0	1
110416468275009384711	0	1
110983216869631462009	0	2
107784341204503092865	0	1
113082126848885774249	0	1
110812542583941616585	0	2
113641248237520845183	0	1
104487223275138277820	0	1
100272572056305744950	0	1
113026104107031516488	0	1
117690673854187012438	0	1
115023008208626768459	0	1
104828669749862517793	0	1
113117251731252114390	0	1
101274756338042764331	0	1
113424222789153728067	0	1
101816498461826411083	0	1
104656339532305544208	0	1
117381651485941996132	0	1
103319539682770023499	0	1
111600326518812216057	0	1
103636214904400746295	0	2
100523784851251213675	0	1
111822815245634683508	0	1
118013135869798179484	0	1
113751353481962008916	0	1
114019598705934897142	0	1
100011386455690017279	0	1
110304142283982781256	0	1
118104384235573316214	0	1
118001598936430013205	0	1
110581693083408452344	0	1
115755165932700408992	0	1
106912596786226524817	0	2
113156747246678129168	0	1
100593774889764346454	0	1
113477999922098854907	0	1
105037104815911535953	0	1
104287485784305992668	0	2
104680355605374576099	0	1
114512262688030479795	0	1
115678469582493805997	0	1
103384762815820358744	0	1
102766904556056700930	0	1
109504153335660824173	0	1
101387554492351829227	0	1
109667384864782087641	0	1
109821643157740585338	0	1
117944255792788034101	0	1
108152252385291870699	0	2
116595083963236962167	0	1
106138725016778836952	0	1
109499108418188468067	0	1
108384201920217141722	0	1
110255737428907780217	0	1
101365156049054444643	0	1
113935688802005528587	0	1
101399120398451286442	0	1
104846472501579099769	0	2
100416734096628214312	0	1
104482086818095930400	0	1
100639194299914291215	0	1
104757485423766041549	0	1
110793216962825384177	0	1
111924926392072104223	0	1
117655102186360873127	0	1
113051383597106550047	0	1
111472121826797094204	0	1
111832530347449196055	0	1
108012991939099820186	0	1
109830558164732334015	0	1
117489719308961334987	0	1
101028601198569716861	0	1
108761828584265913206	0	1
109345865429707844168	0	1
114468593663912084118	0	1
108026326068095989682	0	2
107024797064185129338	0	2
117766324495194350151	0	1
103961288551091243102	0	3
106799163953157740237	0	1
113973725460789606387	0	1
114904352415796399155	0	1
117861338670157326726	0	1
109770122122532409357	0	2
112618928417660085843	0	2
101872015774361781592	0	1
111811097894909948082	0	1
115675748062237570841	0	1
110255709702147736441	0	1
113381483153888636532	0	2
109552601721259087926	0	1
102720066861426936837	0	1
112706552108711585036	0	1
114490883124833173546	0	1
112067233159473085532	0	1
118022081663802896813	0	1
114948739867290323960	0	1
106653678649405633861	0	1
105051985738280261832	0	2
107548055991476992608	0	1
115192055428436328176	0	1
113687916808174552540	0	1
114632854492678778509	0	1
115526263128006609167	0	1
115013663443567631602	0	1
100398130402528526959	0	1
103682117587904833322	0	2
114738077973453472985	0	2
109397461154116413309	0	1
112033436318399326158	0	2
104373996402012587042	0	2
116748500295007307430	0	1
104634984313134133008	0	1
115264064268941645500	0	1
104328553869453938019	0	2
101738342045651955119	0	1
115516171542271021123	0	1
115640166224745944209	0	1
109255257733647889849	0	1
114579585661410116649	0	1
103981527513996142809	0	1
104137203968666287722	0	1
115984868678744352358	0	1
117350989957881101918	0	1
109854304647212696025	0	2
112528443699803395789	0	1
102053381273068034374	0	1
104458755807282024750	0	1
104304812570369572837	0	1
103538485814301529241	0	1
106419752011171815265	0	1
109486821799932251955	0	1
114650535663975026769	0	1
102974962930521686947	0	2
103857516920514021575	0	1
106409227872777906492	0	2
107624559327351970888	0	1
106641576811513429422	0	1
104112700502285331526	0	2
107707592416977920764	0	1
111753700792072954953	0	1
100605620026967730694	0	1
112071373526623040439	0	1
102528718122061029071	0	1
105850770551722768952	0	1
101130656339668533532	0	1
108563885785257287698	0	1
107665939201638457855	0	1
105501965108087246894	0	1
113640716072608481822	0	1
116154269478833904015	0	1
110167958764078863962	0	1
110328255737860258925	0	2
104831454672976043408	0	1
115602582060486074367	0	1
106122509807208834097	0	1
111991876596496628445	0	1
104990425207662620918	0	1
107192195569453684660	0	1
117889783117440513262	0	2
101208787750702758434	0	1
101704103161442695877	0	1
103618543375127073102	0	2
100487969343352743165	0	1
114813571187124139424	0	2
108392504208314197482	0	1
100125012078853567494	0	1
115362263245161504841	0	1
104895617958403173354	0	2
107828564012543852080	0	2
104478543607855159670	0	1
103095786308890475164	0	2
118051310819094153327	0	1
117810117702904644755	0	1
102285954355508747800	0	3
116464344073545994074	0	1
106720944939487995474	0	1
105674592743973562501	0	1
114424163811716070551	0	1
114754289415865880394	0	1
112585397479724226089	0	1
104437754419996754779	0	1
107148487955439180907	0	2
109554001864498151736	0	2
110182488357041602714	0	1
106258380218567160277	0	2
113771825862852660912	0	1
105872806106213007611	0	1
114618043230336563405	0	2
103073491679741548297	0	1
108316366145145424476	0	1
106926403533589251639	0	1
108312944398165015025	0	1
102633037393674620951	0	1
103682987645980361117	0	1
116418692031038827114	0	1
113469309872759209920	0	1
107132728918987466211	0	1
105481930047290102912	0	2
104837604465968633701	0	2
101773246949608471920	0	1
102924239610362339697	0	1
114333370881041289877	0	2
112413860260589530492	0	1
113104553286769158393	0	1
106056812477855110591	0	1
112159257884982213792	0	1
102001774674190160714	0	1
102848816627804143039	0	1
116413044354741091056	0	2
109548897283539543798	0	1
111180649041836321237	0	1
106916148105894447367	0	1
101562086116639142364	0	1
103204930938817570135	0	1
109624926378850839417	0	1
112154407068641195999	0	1
110814216216536485129	0	1
106532141638772645772	0	1
112546953300159727405	0	1
115176200987385683342	0	1
113984431400517644044	0	1
112393776166946876479	0	1
113735310430199015092	0	1
104371819450794752644	0	1
115978527653798764146	0	2
104413069545565696542	0	1
108799184931623330498	0	1
108635752367054807758	0	1
102314486331710415915	0	2
109022523720071680484	0	1
115142215538295075810	0	1
103735407912053721285	0	1
107194964527346394136	0	1
113776708945894269091	0	1
102646278174713579067	0	1
100192309543043196568	0	1
102259240553772717890	0	1
105593270217665985575	0	1
113805478630918777008	0	2
116626522131014198728	0	1
112771323377266882679	0	1
116738584284283239999	0	1
100624501245915211643	0	1
102152774305529158166	0	1
105450804580077896136	0	1
117501713975120009839	0	1
117310042965407401917	0	1
103177397665929023817	0	2
116969159384245484847	0	1
101565427136431573657	0	1
115620878851836664537	0	1
115060278409766341143	0	1
110870848357858768812	0	1
115425017959501168550	0	1
116744812192535694584	0	2
117407920833387007737	0	2
103776084341415100673	0	2
104843347600101507815	0	1
102384845004061897187	0	1
117910049731484591864	0	1
100709584105172709992	0	2
113758476234924638125	0	1
115514397255079403751	0	1
105627346610764729807	0	1
100412924688231832713	0	1
116354326277822099288	0	1
114452557602978803926	0	1
108124428632179421383	0	1
100382502425185475382	0	2
118254663306823054612	0	1
117606398067583660344	0	2
110399185565600323230	0	1
100234866328923609404	0	1
111115200870367736787	0	1
113676447683539467822	0	2
108648718072351487172	0	1
111083308375001753987	0	1
108090299739421355139	0	1
105423752657290675302	0	1
101074725491059204464	0	1
107876615810858105870	0	1
101861561376201676163	0	1
109302113674484082484	0	1
113177570694643743544	0	1
100280993748400666665	0	1
110707508971542570899	0	1
108486058508775411585	0	1
107663352552155463171	0	1
112332733042266989698	0	1
107402247502931224395	0	2
100573162843304301055	0	1
117963755994167232271	0	1
109964471370204431090	0	1
107905455800180378660	0	1
110882715753205711002	0	2
108753696846234273417	0	1
118177166106747864591	0	1
112642573356460292505	0	1
111005666466297482380	0	1
105002082042672500302	0	1
117119319696081537538	0	1
113651533166317708938	0	1
115936017958267168759	0	1
107226275692313566931	0	2
102452603552314336305	0	1
101462389454316292850	0	1
111903264144278356023	0	1
111775942615006547057	0	1
104868229628734496830	0	2
100217651363651256688	0	2
114635209083263014668	0	1
106792757187551462333	0	1
110842953238345234214	0	1
112096250552967536954	0	1
105022237091991065530	0	1
113499881064081911661	0	1
117281036949330216542	0	1
100523810376335283165	0	2
112311565408480976089	0	1
114107937908399677928	0	1
105937956733067826091	0	2
107219357249420222884	0	1
104558253096863947781	0	1
112953471808394921173	0	1
111592214766012539345	0	1
117897287589455462356	0	2
106085382677623098969	0	2
116797686750161798768	0	2
116563264387565094491	0	2
103419049256232792514	0	1
114280001108380956660	0	1
112604719502115782383	0	1
101161511354759424383	0	2
114624307706037411423	0	1
112313424137094619997	0	1
117245298692605482770	0	1
105496065140915063217	0	1
118397406534237711570	0	1
103462118088062305960	0	2
111752662319997528493	0	2
102538905206519918173	0	1
101707927568259704231	0	1
109668771542620903560	0	1
103951826558502729102	0	1
115474229489284556707	0	1
108586778317771300452	0	1
113209557206780066941	0	1
108980959724884908450	0	2
115168623221069432113	0	1
100444819261782786795	0	1
116204101984491980266	0	1
115115358612777809094	0	1
102579928162855977212	0	1
102422142153712608274	0	1
116517262330390477412	0	1
101333593083741950617	0	2
115535318131282198725	0	1
107097980510051172895	0	2
103370308241935002349	0	1
117984723895322432769	0	1
111901049356284773040	0	1
116989886224744526699	0	1
105876461011295011235	0	2
100415580625344661814	0	1
109539996660279466349	0	1
111061435689152295531	0	2
117713296107305485612	0	1
105292315290754691973	0	2
116484041261261475251	0	1
113477554183551820513	0	1
113132427210331642165	0	2
112543270340243460158	0	1
117059593834355077199	0	1
114727226339079428036	0	2
103522260738230890905	0	2
109741231810575140484	0	1
113241173968510004660	0	1
103691436372574870084	0	1
118112472205861065835	0	1
100964406424233231915	0	1
112384141856554981919	0	1
108794496851638167589	0	2
117268571009206094213	0	1
103118053605545281379	0	1
100997794204907913973	0	1
110860889828988888770	0	1
105904968710974272643	0	2
109747793098916934740	0	1
108115916250756840114	0	1
117630167884472612312	0	1
100050813541196148749	0	1
112438906785621511910	0	1
116416080778326730709	0	2
102039260728283333708	0	1
115968081131502531917	0	1
112190385391260661166	0	1
118213841746327585870	0	1
107642724975085424064	0	2
105267304503796017437	0	1
110804953626559077511	0	1
114896892290324391860	0	1
114480095884024488890	0	2
118331569604232438938	0	2
114386141665091216623	0	1
102867608171969317061	0	1
101967793050656360625	0	1
111687855507069645271	0	1
108178180066149902997	0	1
106049828009478130206	0	1
103125970510649691204	0	1
109340710049957632144	0	1
110331660589050358676	0	2
107055800049023665990	0	2
109229445552438690221	0	1
102463930722750242099	0	1
104752366556439758175	0	1
103196805150258193177	0	1
100101132561104295530	0	1
101607164549546362845	0	1
106644532555634339001	0	1
104250130116253463837	0	1
104286363725914412325	0	1
108683878610555901209	0	3
116891109489945023987	0	2
112457019034933541130	0	1
118150547607401753022	0	1
111185660759294459691	0	1
111258349379390009398	0	1
117537827661455365737	0	1
113614992649248835113	0	2
106103398781440294311	0	1
104404616667319908681	0	1
116008884229480275808	0	1
101023852178007414194	0	1
115515252844412246887	0	1
107953134676454924317	0	1
110376543339768154444	0	1
117373113476364547908	0	1
101311645735585775899	0	1
113905467779025537818	0	1
104422229596606767516	0	2
112158988113590372338	0	2
111245623450043909906	0	1
109200333648813090613	0	2
106078046193665051986	0	2
108673786817313474516	0	2
114932430844203717836	0	1
106023815311471870138	0	1
112514086592516861486	0	1
104896537673470410734	0	1
110712282995092828323	0	1
113988526451652063575	0	1
103923881297271424447	0	2
104870616867392622523	0	1
110984931205999155046	0	1
107276867598285658079	0	1
108924716885656829095	0	1
113955469903735289920	0	1
105840111265403535654	0	2
109809580267329149985	0	1
118330968013964736015	0	1
100719110432513315785	0	2
101092451748723511266	0	2
105069844990861987595	0	1
108264998570838621572	0	1
100259681581221953508	0	1
100277428934860974965	0	2
111572864719871614928	0	1
101034136547326604554	0	2
117872022281058444848	0	1
106515067902795022068	0	1
100692959267613406456	0	2
116842546665660450421	0	1
117817174816310737130	0	1
104585877366227662431	0	1
104364710985043058656	0	2
115342215061603484349	0	1
110277753962540708714	0	2
110923553081534378300	0	1
107973098646247401301	0	1
104472053965939876414	0	1
104858892112537688007	0	1
117198237302447279931	0	1
100915540970866628562	0	1
101354187406071300822	0	1
107118846473966400589	0	1
117212030142653743689	0	1
106448502258162613710	0	1
107890931033625636870	0	1
114610751804622117115	0	2
117152472443323112644	0	1
100053156799226426066	0	1
117077138112562039463	0	1
114413598378692555142	0	1
100087420738539825147	0	1
117689417145181059475	0	1
115339265752668340684	0	1
108287141997406129525	0	1
110262116694098837533	0	1
113449572644354121609	0	1
113665746717087158140	0	2
105139201027215244053	0	1
108238852414509837749	0	1
113090106154607407708	0	1
105343512238569231143	0	2
112069484480728694214	0	2
108795359036189709247	0	1
101292327494251658716	0	1
115826108575393488410	0	1
116539451797396019960	0	1
107358865307002159479	0	2
103042232248864570875	0	1
115779120378162557013	0	1
114875022944880667205	0	1
113327309778185097769	0	1
116863815199197314179	0	1
100232013680769762730	0	1
115328924110230592332	0	1
109509160915387426842	0	1
112525017627832939394	0	1
110780021072036141959	0	1
111392535756028664837	0	1
100198455558224467301	0	2
111356467277136681657	0	1
100151338928620812287	0	1
112974082547153331507	0	1
107226488518161332434	0	1
108308249041411758060	0	1
108586586735082562415	0	1
102650251604204383292	0	1
103824770792328787852	0	2
111476929022304645805	0	1
100556897150850716981	0	1
103585579398140930423	0	1
117070702094864821192	0	1
102176974614883859158	0	1
103400332414624329703	0	1
117572628201563148365	0	1
116482064222995960073	0	2
102666741805764181074	0	1
100396099482901901578	0	1
100676073881154981044	0	1
114754850111939107988	0	1
109891439395721007077	0	1
105787363183175221611	0	1
105638923496773907911	0	1
104509438188476011535	0	1
107245848055437034624	0	1
110061494123156591458	0	1
117771574892683578463	0	1
107846797878331550642	0	1
113601769879623116416	0	1
101559407041081165821	0	1
109781410396261072487	0	1
117668804754327622469	0	1
112551174037856770287	0	1
116801661589145649547	0	1
108500909069434150838	0	1
108077530448434441501	0	1
101459793883172097424	0	1
104896968466670455012	0	1
104854938798902396029	0	1
101939869375976465972	0	1
103185552772448250736	0	1
117205418124632452835	0	2
110428262627031866441	0	1
109993695638569781190	0	1
117580801177513950006	0	1
112239631064966225716	0	1
103434787429849659801	0	1
112775028869918641893	0	1
104817077837539787084	0	3
105322398554843398544	0	1
104919399240546923768	0	1
104859346014137939134	0	1
105054291437703254311	0	1
112544196321814397115	0	1
101153112563216516961	0	1
113250057748817195347	0	2
100197756586698521738	0	1
106829113914126262475	0	1
107316369282809906184	0	1
114715988301568528162	0	2
117811691407674618646	0	1
116917400120964459989	0	1
109381089725745119133	0	1
115106275131224073018	0	1
105017085710131099924	0	1
109601534018793668119	0	1
113291757041219703305	0	1
100971125275713770542	0	2
114898323025971251345	0	1
108396814228900850040	0	1
106051946497988758149	0	1
109510949493723481886	0	2
113863365761872463503	0	2
118216916439056413407	0	2
112509132460368995491	0	1
102874090242813007451	0	1
100937033560882515353	0	1
115065219055340818021	0	1
109474664632116517451	0	2
117932093718227335754	0	1
110831145427311371794	0	2
104786753871247948170	0	1
112334109228901321622	0	1
101079387563388769327	0	1
111225721030869758586	0	1
102917692633947670364	0	1
117994658376467685394	0	2
113866640210342162975	0	1
103681118936608513069	0	1
114825691544245259316	0	1
103592050042581381058	0	1
113793834901438087868	0	1
110974590980636749988	0	1
116811499789965667385	0	1
104512623568357192930	0	1
114438953892879387897	0	1
104157001100569327633	0	2
106059913763487160733	0	1
107575643622100616527	0	1
113819225594279948889	0	1
107505852517643725558	0	1
114151508338995369996	0	1
116413323316530767376	0	1
103355219377043598998	0	2
110992079327865803047	0	1
118383007039633421667	0	1
100987528035954403054	0	1
104317168426965250046	0	1
101915277375995666006	0	1
112647774616544771481	0	1
