#node_label	#score	#gender
103791037442392463390	1.0	1
107940613488592745009	1.0	1
115395854124808916911	1.0	1
114437821607569957251	0.5	1
107264515902167457136	0.5	1
104757860243835583747	0.3333333333333333	1
102618047349606277909	0.3333333333333333	1
107048563193682425629	0.3333333333333333	1
102476152658204495450	0.3333333333333333	2
101360643544552502915	0.3333333333333333	1
101767132811999930647	0.3333333333333333	1
118301801570268856235	0.3333333333333333	1
103453522098470167898	0.3333333333333333	1
105894760755439344491	0.3333333333333333	2
110902132030779819006	0.3333333333333333	1
114516047414042281846	0.3333333333333333	1
101826850200845604590	0.3333333333333333	1
111048918866742956374	0.3333333333333333	1
104857406109954440836	0.3333333333333333	1
116601386475273901307	0.3333333333333333	2
100080670028138179312	0.3333333333333333	1
116119893029262153595	0.3333333333333333	1
109201681846030076792	0.3333333333333333	1
114707910756425953932	0.3333333333333333	1
111584384391407513657	0.3333333333333333	1
103239560454875806844	0.3333333333333333	1
105662441312581584585	0.3333333333333333	2
104640207017509079680	0.3333333333333333	1
106036588985851683922	0.3333333333333333	1
106787651758213244268	0.3333333333333333	2
107472474647563857708	0.3333333333333333	1
115148539543102770153	0.3333333333333333	1
108065304398648112883	0.3333333333333333	1
115204805503581947511	0.3333333333333333	1
102076033841555832518	0.3333333333333333	1
111873853137122484021	0.3333333333333333	1
116811819019557849663	0.3333333333333333	1
114224073212879076999	0.3333333333333333	1
118212287532576682853	0.3333333333333333	1
114531070097717314226	0.3333333333333333	2
106250234179615025320	0.3333333333333333	3
116717920049025692043	0.3333333333333333	2
105489064367742025310	0.3333333333333333	2
107189810823071706764	0.3333333333333333	1
107459220492917008623	0.3333333333333333	1
110949655967512985542	0.3333333333333333	1
112995526873937214223	0.3333333333333333	2
103364024324721115547	0.3333333333333333	1
115604980276640526941	0.3333333333333333	2
101610023272471112926	0.3333333333333333	2
109654360331158943231	0.3333333333333333	1
107040109683948542812	0.3333333333333333	2
103175165792566231292	0.3333333333333333	1
115666311934488754009	0.3333333333333333	1
113181621354351021235	0.3333333333333333	1
114335257693284472091	0.3333333333333333	1
118163822095608736409	0.3333333333333333	2
100329698645326486178	0.3333333333333333	1
116375325352702759007	0.3333333333333333	1
116931379084245069738	0.3333333333333333	1
107776381757881810293	0.3333333333333333	1
111712166943119200092	0.3333333333333333	1
113896907556049130248	0.3333333333333333	2
103236949470535942612	0.3333333333333333	1
106416879333220203017	0.3333333333333333	1
115121555137256496805	0.3333333333333333	1
107985102860141845294	0.3333333333333333	2
117949314904695168818	0.3333333333333333	1
100892612779426154375	0.3333333333333333	1
108541235642523883716	0.3333333333333333	1
100826974865979412982	0.3333333333333333	1
117597061540365781107	0.3333333333333333	1
112016242624005519460	0.3333333333333333	2
109774951215877430341	0.3333333333333333	1
105101694711744871391	0.3333333333333333	1
109447323719942836871	0.3333333333333333	1
115924865466302265389	0.3333333333333333	1
101945270688617709389	0.3333333333333333	2
116043947632177598920	0.3333333333333333	1
111697857700553321716	0.3333333333333333	1
114088663007563758566	0.3333333333333333	1
101263615503715477581	0.3333333333333333	1
106667729510464379826	0.3333333333333333	1
110807748106301476611	0.3333333333333333	2
102714909528236560408	0.3333333333333333	1
110200115381518276083	0.3333333333333333	1
117491021008888340305	0.3333333333333333	2
114263289480870053828	0.3333333333333333	2
110815228753558444774	0.3333333333333333	1
100583643768601491449	0.3333333333333333	1
104922136166865782431	0.3333333333333333	1
108006437472813923338	0.3333333333333333	1
117087402937869787406	0.3333333333333333	1
104560663072173100039	0.3333333333333333	1
113501423705211783319	0.3333333333333333	1
106131533046921693069	0.3333333333333333	2
102788829471779007841	0.3333333333333333	1
107590093667978669374	0.3333333333333333	1
100148131753059528231	0.3333333333333333	1
106445486315230745362	0.3333333333333333	1
111862324534985995584	0.3333333333333333	2
111355797086895824103	0.3333333333333333	1
118218413582579972776	0.3333333333333333	1
111757923159267695683	0.3333333333333333	2
110272484025442251513	0.3333333333333333	1
105209854925481789028	0.3333333333333333	1
106831762557971378854	0.3333333333333333	1
111585581956730395692	0.3333333333333333	2
103150328351925153314	0.3333333333333333	2
100028689656197242043	0.3333333333333333	2
109542090307382113085	0.3333333333333333	1
108801899952694316017	0.3333333333333333	1
111895119191625228231	0.3333333333333333	1
117327973844438638644	0.3333333333333333	2
109136095613943961344	0.3333333333333333	1
111718830236077991058	0.3333333333333333	1
102170431816592344972	0.3333333333333333	1
105474544524715065767	0.3333333333333333	1
110086262320007068364	0.3333333333333333	1
105217269195142792745	0.3333333333333333	1
109734221326849566494	0.3333333333333333	1
103090889232468301451	0.3333333333333333	1
104591893998825912318	0.3333333333333333	2
103296595669319654320	0.3333333333333333	2
115275485457246100819	0.3333333333333333	1
105698379283764366996	0.3333333333333333	1
105001226804902733960	0.3333333333333333	2
102173349122411290580	0.3333333333333333	2
115213854582147469450	0.3333333333333333	2
103773583497308984430	0.3333333333333333	1
106393478695568433143	0.3333333333333333	1
111144389496315143142	0.3333333333333333	2
109130886479781915270	0.3333333333333333	1
102826652809724883705	0.3333333333333333	1
105966702668067411573	0.3333333333333333	1
115427700899384150369	0.3333333333333333	1
105213636585253009224	0.3333333333333333	2
105065317973590246539	0.3333333333333333	2
115314883913773500000	0.3333333333333333	1
104690520406213149052	0.3333333333333333	1
111058843129764709244	0.3333333333333333	1
114924205158387502434	0.3333333333333333	1
111935566152570666802	0.3333333333333333	1
115724883099396204735	0.3333333333333333	1
104723167398398004122	0.3333333333333333	1
113859540036726448291	0.3333333333333333	2
115855207434019427246	0.3333333333333333	1
103867073425136749187	0.3333333333333333	2
112507886156998828584	0.3333333333333333	2
110817132422072935212	0.3333333333333333	1
113607881597695397209	0.3333333333333333	2
114493775441328886377	0.3333333333333333	2
111409617808305551136	0.3333333333333333	1
112406962485121047523	0.3333333333333333	2
106002545837976723927	0.3333333333333333	2
112325635687379616511	0.3333333333333333	2
104778353019043232500	0.3333333333333333	1
110005870117760401605	0.3333333333333333	1
112801448828869860546	0.3333333333333333	1
104166683851434520973	0.3333333333333333	1
110782237476873083485	0.3333333333333333	1
112931539494181042672	0.3333333333333333	2
105599664704240121887	0.3333333333333333	2
113381419568450917747	0.3333333333333333	1
118158965857044805496	0.3333333333333333	1
101248054507015265353	0.3333333333333333	1
107174603951133855584	0.3333333333333333	1
105580574205118968869	0.3333333333333333	1
103776299476527190352	0.3333333333333333	1
105882590955173131262	0.3333333333333333	1
105821241826446325759	0.3333333333333333	2
102143578702997047907	0.3333333333333333	2
108561307727161070609	0.3333333333333333	1
113365051681814207532	0.3333333333333333	2
111091089527727420853	0.3333333333333333	1
107742059751171695340	0.3333333333333333	2
117950453145750849911	0.3333333333333333	1
103403824431405645263	0.3333333333333333	2
101077364858945217404	0.3333333333333333	1
110971010308065250763	0.3333333333333333	1
111749052209901260440	0.3333333333333333	1
111548137920489485631	0.3333333333333333	1
115403856867272859027	0.3333333333333333	1
105611889600461566935	0.3333333333333333	2
106890225437412284292	0.3333333333333333	2
102518365620075109973	0.3333333333333333	1
115188225931820970468	0.3333333333333333	2
116470953347091968861	0.3333333333333333	2
106244331832224111960	0.3333333333333333	2
113813534502443050477	0.3333333333333333	1
117371228393907747239	0.3333333333333333	2
107677895455342575962	0.3333333333333333	1
118116012134541220798	0.3333333333333333	1
113898697956458882832	0.3333333333333333	1
115224452334462787307	0.3333333333333333	1
111947940749970154249	0.3333333333333333	1
107169475135045361140	0.3333333333333333	1
110548244043172681974	0.3333333333333333	1
117437841282077965369	0.3333333333333333	1
102371306159232675813	0.3333333333333333	2
105373589191095322547	0.3333333333333333	2
110074044965492040002	0.3333333333333333	1
105238127119688476290	0.3333333333333333	1
114745349774668589398	0.3333333333333333	1
112029818149691167664	0.3333333333333333	2
111975224012018194892	0.3333333333333333	2
105656572281780568085	0.3333333333333333	1
109602109099036550366	0.3333333333333333	1
117611181638655435522	0.3333333333333333	2
102633142172382046999	0.3333333333333333	1
101579422741533419411	0.3333333333333333	1
107639567933788693074	0.3333333333333333	2
114105507719898905000	0.3333333333333333	2
114559845119114226260	0.3333333333333333	1
102567216996979417023	0.3333333333333333	1
112444894894322397484	0.3333333333333333	2
109410878385939067590	0.3333333333333333	2
106728288712777899597	0.3333333333333333	2
110476861613340562399	0.3333333333333333	2
114514155722976658302	0.3333333333333333	1
114492520059525754665	0.3333333333333333	1
106772544387169323774	0.3333333333333333	1
118114557675104381720	0.3333333333333333	2
118112346708818508960	0.3333333333333333	1
114922893781778662083	0.3333333333333333	1
102541295037745440355	0.3333333333333333	1
109330684746468207713	0.3333333333333333	1
103226166584311556924	0.3333333333333333	1
103612871313139094390	0.3333333333333333	3
104927293172660676732	0.3333333333333333	1
109177683659525760187	0.3333333333333333	2
101445247481137522686	0.3333333333333333	2
111278138471369922569	0.3333333333333333	1
114163495703494102790	0.3333333333333333	1
105706178492556563330	0.3333333333333333	1
113158586769399217075	0.3333333333333333	1
113998295683387625628	0.3333333333333333	2
115585398292418640701	0.3333333333333333	1
105902034553636163859	0.3333333333333333	1
114122960748905067938	0.3333333333333333	1
118333009720408143699	0.3333333333333333	2
110404902994335579225	0.3333333333333333	1
111532818340136087829	0.3333333333333333	2
117370659306066821697	0.3333333333333333	2
101436636641228654042	0.3333333333333333	1
113255240335204167235	0.3333333333333333	1
114919251411079793065	0.3333333333333333	1
100458759797322732511	0.3333333333333333	1
101170454445449447714	0.3333333333333333	1
100968313568314999910	0.3333333333333333	1
112870552917404973130	0.3333333333333333	1
117189268819713435859	0.3333333333333333	1
102503573464210184147	0.3333333333333333	2
100267777884892163462	0.3333333333333333	1
118146622799388835070	0.3333333333333333	1
114051322401103919567	0.3333333333333333	1
118359327676609567435	0.3333333333333333	1
103462873333877980961	0.3333333333333333	2
116825083494890429556	0.3333333333333333	1
104119608064940163872	0.3333333333333333	1
110970478049227720359	0.3333333333333333	1
107889816939032412666	0.3333333333333333	1
100619767619036001799	0.3333333333333333	1
104672353880057407693	0.3333333333333333	1
115106680289932322561	0.3333333333333333	1
106565143050969197990	0.3333333333333333	1
109990170444434475022	0.3333333333333333	1
100075009354696937908	0.3333333333333333	2
108766617184871622757	0.3333333333333333	1
103914809547503560483	0.3333333333333333	1
108696837616197541054	0.3333333333333333	1
109876467727174291780	0.3333333333333333	1
118339706248486457324	0.3333333333333333	1
100598525921317755223	0.3333333333333333	1
106382433884876652170	0.3333333333333333	1
104987932455782713675	0.3333333333333333	1
115380981948224185206	0.3333333333333333	1
117442880245907942763	0.3333333333333333	2
109596373340495798827	0.3333333333333333	1
116071275946594200077	0.3333333333333333	2
109109427803573497734	0.3333333333333333	1
118340132086483099005	0.3333333333333333	1
115598805733343663963	0.3333333333333333	1
115940511630531767202	0.3333333333333333	1
108282121506388079527	0.3333333333333333	1
115687178185726009185	0.3333333333333333	1
106488284533523054088	0.3333333333333333	1
110747746419769300628	0.3333333333333333	1
117105039195451218708	0.3333333333333333	1
103885915853832286234	0.3333333333333333	1
106679835211226388277	0.3333333333333333	1
101640695827845658690	0.3333333333333333	1
109708632267514741537	0.3333333333333333	2
116052312205661322001	0.3333333333333333	2
106141866246653944964	0.3333333333333333	1
105248484118148978714	0.3333333333333333	1
108346637271615594833	0.3333333333333333	1
109865005033494218972	0.3333333333333333	1
105646458226420473639	0.3333333333333333	1
107534991451098430533	0.3333333333333333	1
107101517929405026245	0.3333333333333333	1
104146670180565772194	0.3333333333333333	1
113856006709781039744	0.3333333333333333	1
106864403509249232170	0.3333333333333333	2
111674748486766258557	0.3333333333333333	1
118157552622616628536	0.3333333333333333	1
110441797803247642088	0.3333333333333333	1
103984595971776502972	0.3333333333333333	1
109080723668547114837	0.3333333333333333	1
105518467693654116370	0.3333333333333333	1
109624958288421299798	0.3333333333333333	1
109018224010056005635	0.3333333333333333	1
103102581616407808980	0.3333333333333333	2
118269717526175136537	0.3333333333333333	2
115868797658348406026	0.3333333333333333	1
115648054840814963877	0.3333333333333333	2
107727150903234299458	0.3333333333333333	1
116000959328274308893	0.3333333333333333	1
105422295613267466762	0.3333333333333333	2
111491466248379228198	0.3333333333333333	1
114110327402201135668	0.3333333333333333	1
104265751273656254845	0.3333333333333333	1
115435548586239976642	0.3333333333333333	1
110788689115113965536	0.3333333333333333	1
101789011227801183737	0.3333333333333333	2
102916216371858078567	0.3333333333333333	3
112402602902352711929	0.3333333333333333	1
103145406846784293020	0.3333333333333333	2
103121914800307372427	0.3333333333333333	1
115605115857817552535	0.3333333333333333	2
118370548304204473212	0.3333333333333333	1
113797508378819391794	0.3333333333333333	1
100157670154620604789	0.3333333333333333	2
110385399973090519138	0.3333333333333333	1
115074742580527848126	0.3333333333333333	2
109940597696193991152	0.3333333333333333	1
100566894659845026162	0.3333333333333333	2
110615537712328360708	0.3333333333333333	1
116267384604818495277	0.3333333333333333	1
108470782772821648496	0.3333333333333333	2
103797883802077039230	0.3333333333333333	2
106228758905254036967	0.3333333333333333	1
114056084994793924628	0.3333333333333333	1
104580212382911455402	0.3333333333333333	2
104651858239149478872	0.3333333333333333	2
104120872933532516419	0.3333333333333333	1
116577269515221310405	0.3333333333333333	1
100324134371388101482	0.3333333333333333	1
116752490036670751104	0.3333333333333333	1
105002356945204242757	0.3333333333333333	1
107126665887970596868	0.3333333333333333	2
117678945305736547499	0.3333333333333333	1
101373961279443806744	0.3333333333333333	1
112047849358415491555	0.3333333333333333	1
110906328246114022891	0.3333333333333333	2
115541942049354890937	0.3333333333333333	1
116318044389289937577	0.3333333333333333	2
114772370404010974598	0.3333333333333333	2
110213253066194075593	0.3333333333333333	2
113180375618328351247	0.3333333333333333	2
107773073025291449903	0.3333333333333333	1
115291834251772471034	0.3333333333333333	2
110023130397984655276	0.3333333333333333	1
107362628080904735459	0.3333333333333333	1
106827734897405620119	0.3333333333333333	3
107291158434082397409	0.3333333333333333	1
111993317164904084662	0.3333333333333333	1
117267008826838496667	0.3333333333333333	2
106170102981460245504	0.3333333333333333	1
115773559306672754858	0.3333333333333333	1
106964361259992368482	0.3333333333333333	2
105709083169353686738	0.3333333333333333	1
114768761817408936766	0.3333333333333333	1
101924354787768199796	0.3333333333333333	1
111402735079180150346	0.3333333333333333	1
116609148838132571735	0.3333333333333333	2
103838735334599733290	0.3333333333333333	1
104577357381178665210	0.3333333333333333	2
105180909071638634394	0.3333333333333333	2
118079092041447950546	0.3333333333333333	2
117668392750579292609	0.3333333333333333	1
111822524481734946409	0.3333333333333333	2
110484209568201203720	0.3333333333333333	1
100382758901355515850	0.3333333333333333	1
101464943528130253130	0.3333333333333333	1
118342749723004617709	0.3333333333333333	1
118343274911117157886	0.3333333333333333	1
112632260187323187916	0.3333333333333333	1
108505256650372818129	0.3333333333333333	1
109285787363307067684	0.3333333333333333	1
106649929935339369458	0.3333333333333333	1
115146484128708835538	0.3333333333333333	1
109718346641639271496	0.3333333333333333	1
102958145054444947691	0.3333333333333333	1
109041744478038693398	0.3333333333333333	2
102471833540021278727	0.3333333333333333	1
109479560363527324813	0.3333333333333333	2
102931053150981398407	0.3333333333333333	2
100426271418081701134	0.3333333333333333	2
102846708048856158317	0.3333333333333333	2
113789110566197571887	0.3333333333333333	2
103903198087988193655	0.3333333333333333	1
107471076116163680138	0.3333333333333333	2
116744824184754173801	0.3333333333333333	1
101824923181156392444	0.3333333333333333	1
112315969647024955539	0.3333333333333333	1
105320047707317438913	0.3333333333333333	1
115801986383089722924	0.3333333333333333	2
111925802087694731213	0.3333333333333333	1
113603343041402440854	0.3333333333333333	1
113570271720733251759	0.3333333333333333	2
118347867796626195694	0.3333333333333333	1
117507880291928871745	0.3333333333333333	1
109526388403138671732	0.3333333333333333	2
111395336413321899601	0.3333333333333333	2
105531572091125534170	0.3333333333333333	1
110262775170662376003	0.3333333333333333	1
105404026516300676515	0.3333333333333333	1
111639614810389478151	0.3333333333333333	3
111112219933154879358	0.3333333333333333	1
117027402519947885625	0.3333333333333333	1
100292799635263069743	0.3333333333333333	1
113237599575891059317	0.3333333333333333	1
104623400813415689503	0.3333333333333333	2
115535538363305223778	0.3333333333333333	1
103068252687042190272	0.3333333333333333	2
117555990096315491864	0.3333333333333333	1
112178106651226112312	0.3333333333333333	1
107010147434202364332	0.3333333333333333	1
114281258675347859543	0.3333333333333333	1
108034523839257798935	0.3333333333333333	1
110399418015934946793	0.3333333333333333	1
116701660840702373805	0.3333333333333333	2
117483306494990479133	0.3333333333333333	2
105403551499145023558	0.3333333333333333	1
101822180524655938027	0.3333333333333333	1
104013835962992611989	0.3333333333333333	1
108852776666711957274	0.3333333333333333	1
101603891187512219661	0.3333333333333333	1
117596887366632392035	0.3333333333333333	1
116337470434095717442	0.3333333333333333	2
101360078055464145943	0.3333333333333333	1
109867857011852916441	0.3333333333333333	2
102536973315470425722	0.3333333333333333	2
108145942486053400600	0.3333333333333333	1
100969232856312001330	0.3333333333333333	3
102517484322947859174	0.3333333333333333	1
103146739347913632415	0.3333333333333333	2
112391268677800082202	0.3333333333333333	1
101342422477131201541	0.3333333333333333	1
100162939717420714453	0.3333333333333333	1
100343845070063849107	0.3333333333333333	1
109593947004281665697	0.3333333333333333	1
101319199068187021366	0.3333333333333333	1
111225258941398375319	0.3333333333333333	1
113213805739104055114	0.3333333333333333	1
117888860379667170672	0.3333333333333333	1
111771137426879353123	0.3333333333333333	2
111742075541654959004	0.3333333333333333	1
118433671874589369322	0.3333333333333333	1
100580888383291593760	0.3333333333333333	3
115375019307841335136	0.3333333333333333	2
103731219545826185431	0.3333333333333333	2
113982500886526129219	0.3333333333333333	1
114647010219834364910	0.3333333333333333	1
115846057510297592992	0.3333333333333333	2
109213052653037315302	0.3333333333333333	2
103743130668254264029	0.3333333333333333	2
108087889322682448672	0.3333333333333333	1
114059849407766199667	0.3333333333333333	1
117537950835725238331	0.3333333333333333	1
100374285739701782137	0.3333333333333333	1
100342703577899262613	0.3333333333333333	1
101553006904680034563	0.3333333333333333	1
109328612626879131592	0.3333333333333333	1
118050849940309986243	0.3333333333333333	1
109290081130683690010	0.3333333333333333	1
109649505398906495516	0.3333333333333333	1
106556348323220732280	0.3333333333333333	2
112547381334151121538	0.3333333333333333	2
109266048854869007499	0.3333333333333333	2
114050159731949534652	0.3333333333333333	1
111199063664406296634	0.3333333333333333	1
101617359841967631353	0.3333333333333333	2
112648488333291330939	0.3333333333333333	2
110497909365801371707	0.3333333333333333	1
103512594611582732408	0.3333333333333333	1
105949205948005130647	0.3333333333333333	1
103326722930578065940	0.3333333333333333	1
113340344488226387361	0.3333333333333333	1
106001943352945319940	0.3333333333333333	2
109116159454028750588	0.3333333333333333	1
102910134731476500425	0.3333333333333333	2
116483876997998511262	0.3333333333333333	1
114394128653474707020	0.25	1
104289213949175742145	0.25	1
115958398724943172938	0.25	1
107916938235515948722	0.25	1
115653522232867695783	0.25	1
100330301340762919242	0.25	1
110918518132080106257	0.25	1
115389971856894286101	0.25	1
118418436905562612953	0.25	2
104426521002896211164	0.25	1
105231815240709446975	0.25	1
101103242784230519197	0.25	1
113594804899925266480	0.25	2
105421360534824524100	0.25	1
100612175927429294541	0.25	1
113116318008017777871	0.25	1
105237212888595777019	0.25	1
116766356251439373925	0.25	2
118083044235891668202	0.25	2
102871123574468799566	0.25	1
113881433443048137993	0.25	2
113869720201946939140	0.25	2
115632939368970139294	0.25	1
107589895345000267917	0.25	1
103333429938529668020	0.25	1
116247667398036716276	0.25	1
105470844763554977589	0.25	1
101153468639331529713	0.25	1
105109887978663844296	0.25	1
106927031524949591683	0.25	1
105725413140756988588	0.25	1
108032623298499022371	0.25	1
103907806627406122152	0.25	3
115382340101689912917	0.25	1
112678702228711889851	0.25	1
100733334063966339322	0.25	2
100535338638690515335	0.25	1
118237349490203284489	0.25	2
114776957810329544997	0.25	1
102221942940843100503	0.25	2
114089069528015035598	0.25	1
115644140961688148645	0.25	2
113217924531763968801	0.25	1
115655034901162574758	0.25	2
118225072890086333052	0.25	1
117385334880161997927	0.25	1
102434702507641641366	0.25	1
111890945016831896743	0.25	1
112917458914220960884	0.25	1
109643446607047710612	0.25	1
117105764275907696041	0.25	1
115058384974405026221	0.25	1
116485222102689674037	0.25	1
114172211069297965139	0.25	2
107543460658107759808	0.25	1
104838967369320804568	0.25	2
103216887847401478447	0.25	1
108504348408725731065	0.25	1
118407841431001042282	0.25	2
110318982509514011806	0.25	1
104441355304167311880	0.25	2
116909635609559926539	0.25	1
117681241555382421104	0.25	1
115135005437142391944	0.25	1
108866766699357318662	0.25	2
117540092106869387764	0.25	2
109610954243983229925	0.25	3
108140118537784280182	0.25	1
105735158965333960126	0.25	1
118274547296450170219	0.25	1
110414002328246477699	0.25	1
107958711860940415885	0.25	1
114672443824698058678	0.25	1
114362374755134054810	0.25	1
111736689735286263019	0.25	1
107383157816966336384	0.25	1
114005270876052001890	0.25	1
110168117080267015976	0.25	1
117344786984788205452	0.25	1
100882994243294441475	0.25	1
103886753187082859922	0.25	1
100458071620246434265	0.25	1
104274143500556577429	0.25	1
116834613510435630346	0.25	1
107169881344097643176	0.25	1
111693765408547131966	0.25	1
108270712126515524163	0.25	2
103294044135043698410	0.25	1
117378848700596735005	0.25	1
105936936751913099840	0.25	2
113572186096020956020	0.25	1
112354405788770041696	0.25	1
100584890113273950739	0.25	2
114853458007065354930	0.25	1
112135727624940296832	0.25	1
118058794383720702307	0.25	2
102615863344410467759	0.25	2
111124930081935539248	0.25	1
111234894962621147271	0.25	1
109463927318757525515	0.25	1
114551199693334565912	0.25	1
115659255952431552297	0.25	2
114338270254521043906	0.25	1
111991738421750230329	0.25	1
102051864239245459172	0.25	1
104672614700283598130	0.25	2
101338956056712732970	0.25	1
110335337318317731419	0.25	1
116555835417750405659	0.25	1
103626856183430984767	0.25	2
116965835302693227711	0.25	1
108027548659953992608	0.25	1
104929002613057250780	0.25	1
111907009595057957530	0.25	1
116812224748840851552	0.25	1
106630570316122323308	0.25	2
101170858167877590028	0.25	1
114205886464523850911	0.25	1
103020802233930940029	0.25	2
108376085312377399512	0.25	1
100681457459676204535	0.25	1
110193533410016731852	0.25	1
113402608391165594923	0.25	1
100500197140377336562	0.25	1
116129598096202463599	0.25	1
109960110297450500881	0.25	1
109130458455875776114	0.25	1
101473672838996083189	0.25	1
118379821279745746467	0.25	1
110636742979607726275	0.25	1
116162202951508613612	0.25	1
112339769006469685593	0.25	1
106649464253716488537	0.25	2
107195441476577339421	0.25	1
116497515893408415968	0.25	1
114452583189695653393	0.25	1
100493916583138492830	0.25	1
114241059223217128598	0.25	1
107324190974287934234	0.25	1
107588112889709601086	0.25	1
107111297336598106204	0.25	1
107385631008475075897	0.25	1
114882176689398353065	0.25	2
100561844567335186200	0.25	1
115023338901292822064	0.25	1
105151207910846934737	0.25	1
101495480187227078065	0.25	2
103532586239599524253	0.25	1
106899498657025088686	0.25	1
104064664727876450285	0.25	1
110771145190361332661	0.25	2
109731178377920056965	0.25	1
108646498933695640988	0.25	1
111099416304472533120	0.25	1
114683069618671617860	0.25	1
108404886383795022813	0.25	1
112658379482841953340	0.25	1
113292674185162823625	0.25	1
116904297999377154712	0.25	1
112028424268174966871	0.25	1
111922870999029775190	0.25	1
103159555629815965457	0.2	1
113612142759476883204	0.2	2
101257636214966851995	0.2	1
103355759425826383922	0.2	1
101864098630211377217	0	1
106322266355568739242	0	1
116354326277822099288	0	1
110036682383342142442	0	1
103636214904400746295	0	2
108527329601014444443	0	2
103684974087620751394	0	1
115600254781270647377	0	1
107066609145001672622	0	2
112011605270017123101	0	2
114771302128021571825	0	1
100048100630151349283	0	2
113155803557968243580	0	1
117880813751228693103	0	2
111562638514922412630	0	1
107982618909749811163	0	2
106189723444098348646	0	1
117461136321424092290	0	2
116941330319027747519	0	2
101062426971907362935	0	1
112215258372617797481	0	1
105875140491203787369	0	1
118247641373061037233	0	1
116640923223897011110	0	2
113027287369712034675	0	1
105390485883966445268	0	1
113097851206100618060	0	2
107490600889040777735	0	2
113401119478139089083	0	2
102239645172983099492	0	1
112537342335864964096	0	2
102533732658641069172	0	2
107185271908509011656	0	1
107951196831144721116	0	1
105933370793992913359	0	1
115428993145818153559	0	1
107632017202083922980	0	1
107542632252660344559	0	1
105873814765821560444	0	2
105336425684208963598	0	2
114228869493885222559	0	2
113117251731252114390	0	1
100932195479763784248	0	1
105637423694027427561	0	1
101112931550409182421	0	2
104304812570369572837	0	1
109514475488698891798	0	1
110765037159669773691	0	1
112063946124358686266	0	1
118320665823821681206	0	1
113007652673980589649	0	1
118076746298952458510	0	1
109895887909967698705	0	2
105466596306740968847	0	2
114208209189461132868	0	2
104016949609489688294	0	1
115066354200158420114	0	1
101832053372535369591	0	1
104028329852681318179	0	2
117429320390907645600	0	1
116219534929662479848	0	1
107966083689010962220	0	1
114536133164105123829	0	2
110287894893102510451	0	1
107013418740229269209	0	1
118197341263476239819	0	1
109397461154116413309	0	1
114482821185152912812	0	1
115614791007645952267	0	2
109331277868417982438	0	1
113381483153888636532	0	2
108855200241623204226	0	2
115249860954021772424	0	2
104371038387535921311	0	2
112069484480728694214	0	2
107408720924877751027	0	2
105804664540125819976	0	2
100519245975462538531	0	2
100605864222557374608	0	1
114991304070189283747	0	1
117937415022745482256	0	1
113566197232464539038	0	1
103048400709642338108	0	2
101059049290567215584	0	1
118004227428575279614	0	1
101348397943983026449	0	1
114025996339678208608	0	1
108586778317771300452	0	1
112761831923510245085	0	2
107420422968461975442	0	2
109723709937833717563	0	2
114459654738061491522	0	2
111267975895881595717	0	2
117581140373510919542	0	1
110738178351405818606	0	2
103984263629438381785	0	2
105248358908992136650	0	1
114153859732710523651	0	2
113894473300127215452	0	1
111051039748078110427	0	1
112130961481629219718	0	2
118208834515255752193	0	2
109610870821967806849	0	1
105271498619135161075	0	2
116111409898168592074	0	2
107117483540235115863	0	1
106660584659892866650	0	2
113826445430709315059	0	1
101245538611244626062	0	1
104857187449120013195	0	2
104441415299714065572	0	1
115143234371607892983	0	1
111060030077135962736	0	1
115990260207311840638	0	2
108091327114614335688	0	2
113186623583029971455	0	2
104316443417435189825	0	1
113776708945894269091	0	1
110806949181190360839	0	2
112867731948682371256	0	1
101975133966831452277	0	1
104087812869056701482	0	2
105786329165387175660	0	1
103761326311610249621	0	1
115811608074199996286	0	1
108862391031743001286	0	1
107707592416977920764	0	1
109987584289589960619	0	1
114618043230336563405	0	2
112401605196934673030	0	1
105788008092694912627	0	2
110924475025984196991	0	1
114146479114949843175	0	1
103481047858421470011	0	1
112369916221417513808	0	1
102524008019896509925	0	2
106133480923323663427	0	1
110260890556821654420	0	2
100441405885050682977	0	1
106758488395906535821	0	2
112999253285147253060	0	2
112789786566993332700	0	1
111183020303927203995	0	2
113125483350195804110	0	1
103426958710574056540	0	1
106176762220398854458	0	1
109925450421274121160	0	1
102365188638805021921	0	1
108924136210249299218	0	1
116524473777969007095	0	1
108508939659038303239	0	1
110806755301520450833	0	2
108016343392634120881	0	2
109560997737123153381	0	2
113027837615023628132	0	1
112529106092946833762	0	1
105161232143858721168	0	1
108254994768513256657	0	2
100016110681991167609	0	1
111178132882432270750	0	2
110678621384626297081	0	1
100715328241636136414	0	1
105508666909703535708	0	1
105547060999578080024	0	2
110807482166400328009	0	1
118229828410918651716	0	1
115603501102777898212	0	2
108159551615224338529	0	2
105980354203966235008	0	1
112005390393978914665	0	2
111924432457519468020	0	2
115590741447197562412	0	2
101765416973555767821	0	2
103226907226789753873	0	1
108384201920217141722	0	1
111112297042090413630	0	1
109782743775362085383	0	2
110304595006233532529	0	1
111531284607886845559	0	2
107538503004482952974	0	1
112050047245724905079	0	2
106653678649405633861	0	1
105607680428558991633	0	2
115412313902463340881	0	1
113654461547690050667	0	1
115351123265607800199	0	1
116682290311789132796	0	2
117149101099765677901	0	1
117627559431013489137	0	2
100546319093288424712	0	1
105421057423009814548	0	2
114954712448394413847	0	2
100592148961106498550	0	1
104131145417492243218	0	1
109485737892460402457	0	2
116087718068222355792	0	1
114764567692252908296	0	2
100482942881898107570	0	1
103094610310978659623	0	1
102171675631622616190	0	2
105183263336863590364	0	1
114579585661410116649	0	1
106170210550144754104	0	1
111658704299574083731	0	1
109282094793154276690	0	1
111022243600121278114	0	2
100377493270775536948	0	1
101331466574091241022	0	2
110983216869631462009	0	2
100761090800687227569	0	1
102976465024742837897	0	2
111071268551800734278	0	2
101050778814958592441	0	1
114468593663912084118	0	1
108112557629934458248	0	2
113531415437983740096	0	2
102755548808767411605	0	2
111679645452844346991	0	1
105670280103726644454	0	2
114368038757570758124	0	1
102001774674190160714	0	1
109129654499278135352	0	1
117682073377635126182	0	2
102518571087840972824	0	2
107307708524394964276	0	1
115598567587429372949	0	1
110255737428907780217	0	1
117884476143887009277	0	1
103233967921245494760	0	2
113011991260557689823	0	1
115981891654314432186	0	1
107072307544910688818	0	2
108623241107635805071	0	1
104515053455533706984	0	2
113102854369709041551	0	1
104436379622461086947	0	2
105046530334806680420	0	1
104328553869453938019	0	2
114318197127028344684	0	1
106777383482946175314	0	1
118050431528022904926	0	2
108538588905235310311	0	2
104573829304008843709	0	2
110495386740742342449	0	1
102340957096120356053	0	1
100827290280215599618	0	3
118081383487970670449	0	1
111731578349856195951	0	1
102010353130079040444	0	1
104129971305612636060	0	1
117399283230241619463	0	2
118369384868249491237	0	1
106986122404916886393	0	1
101145980349117737014	0	1
105119763784866168573	0	2
103423896242493726696	0	1
108719090649071657338	0	1
107342445128902420647	0	1
116287578549876401196	0	1
107290790893215879513	0	1
116581478643467215892	0	2
110507996978242488651	0	1
100940526701263911236	0	1
101437802758827481019	0	2
100188557028585168265	0	2
115308712253982266050	0	1
117136543430366556878	0	2
109870972371295881074	0	1
104083130541705011920	0	2
111246222621577046613	0	2
101287476248475945303	0	1
112703323488409728264	0	1
101432770709896418691	0	2
107113437178119387122	0	1
102510959683814539027	0	1
104241567849916091297	0	2
106737452392271403669	0	1
111815222087196377960	0	1
114547264440714100100	0	1
117749865363674826272	0	2
112507990251148189537	0	2
115589129717097285211	0	1
110064570672000384617	0	1
107516591509355176463	0	1
110607854570815877398	0	1
114919915226752492773	0	1
116691511713213317990	0	1
101546155389441427768	0	1
116426856572060857037	0	2
104630484391536529851	0	1
112904193035852658923	0	1
103197072119870191855	0	1
104373996402012587042	0	2
116264598549720788086	0	1
104957819454738884673	0	1
108176814619778619437	0	1
107525716960985821452	0	1
117939436980939541352	0	2
107402900735507110843	0	2
103899043917116388673	0	1
107747666102379771298	0	1
116367873779713286325	0	2
105380789526486529070	0	2
103604193838758665134	0	1
116672392011502086691	0	1
103232569713157928293	0	1
100616009114067625121	0	2
112213478810710491874	0	1
117143169890764705728	0	1
113859970559545588569	0	1
107192195569453684660	0	1
105149372392469422435	0	1
112528443699803395789	0	1
103476362678113473113	0	1
111919768120748204416	0	1
100265717320622923616	0	1
102225207181125422398	0	1
100651621769656849775	0	2
108904607472189043979	0	2
109121803732047023565	0	1
106956977736353271405	0	2
114834647370494857382	0	1
117186458716523937136	0	1
118224776879738188902	0	1
103589891874297491840	0	1
103673601952617127321	0	3
111174860133952172483	0	1
115891230387484725858	0	2
114195458404542931606	0	1
103293516438378653921	0	1
110486517623939606418	0	1
111910200485959385328	0	1
113067760031784364231	0	2
105431160751253834522	0	2
106687590803153376067	0	1
114053103699743693198	0	1
109043804130056015419	0	1
102295892244191044193	0	1
103618862132298404107	0	1
103482597835543369404	0	1
106407963814165910213	0	2
100672649914290702094	0	1
106875874583802889855	0	1
102425186530108954705	0	2
104748703648593159544	0	2
111112809838472063992	0	1
109157061294596605643	0	2
113055030863291439319	0	1
117251401224388113104	0	1
110001339139979553061	0	1
116259043236475953037	0	1
115956363612512643809	0	1
114611629365777822843	0	1
107585396852017903989	0	1
102588676612579097006	0	1
118239708588385194858	0	2
100764366777854207244	0	2
112281123502975004686	0	1
110581693083408452344	0	1
100889510556913995048	0	1
108539654154324707715	0	2
103118053605545281379	0	1
103928549898366062378	0	3
103467725550047725446	0	2
110317604568805674201	0	1
101732605149957891826	0	1
103634361763300054269	0	1
108693062865444341500	0	2
106552986269512069283	0	1
113863365761872463503	0	2
105250112604967150350	0	2
118277244518426914413	0	2
106990629754929211946	0	1
104119324947337436102	0	1
108597452361152433617	0	1
100234866328923609404	0	1
116131376648788686380	0	2
102146414203682149837	0	2
114542752454519869265	0	2
104458755807282024750	0	1
100918125432083359583	0	1
108258998494605140446	0	1
115750528894734726151	0	2
103784452522248646050	0	1
115143221847216992108	0	1
116422235088926068596	0	1
106587101791064367906	0	1
112360867913985105653	0	2
116229616134152031538	0	2
107956499508732734817	0	1
103637162978776725632	0	1
107828564012543852080	0	2
102812289820522889148	0	2
104584322313471697637	0	1
108076675731922659261	0	2
100031852932201570050	0	1
105790659468398173043	0	2
109611304552390459456	0	2
116702854728559432520	0	1
104948668561035704355	0	1
109599602059332655780	0	1
114330674492518947055	0	2
113987996740403605089	0	1
118408978290364069755	0	1
109581009913766956324	0	1
104531052356366757730	0	1
107566422815424097999	0	1
102422142153712608274	0	1
105069844990861987595	0	1
107863054441128406657	0	2
110279358252896773102	0	2
113284787225540728296	0	1
118067215460827738849	0	1
102621416669407753464	0	1
115694135638787408724	0	1
117363884853969096109	0	1
113411651446816733455	0	2
116316884445587960365	0	1
101885535290923906476	0	1
107428855928998975186	0	1
109960739367065180670	0	1
104310037422654113619	0	2
107969625644194200590	0	2
111026681950760455611	0	1
112610251797631908171	0	1
105009090034947721836	0	1
100633657380791975686	0	1
110390369038722061721	0	2
115759821747220395406	0	1
117966712452187367291	0	2
112855886072993423409	0	2
111866301862891223357	0	1
102991751282593163120	0	2
100423857937846043821	0	2
116817338726035926918	0	1
102393079978161767132	0	1
107620173496491159434	0	1
103104857274117679241	0	2
107235245709526978427	0	1
103339790286953344086	0	1
114878143550325918239	0	1
112652036634362439069	0	2
106005186720579294826	0	1
106377347182814958574	0	1
115602572254983357301	0	1
114117760857039657586	0	1
103437798954916183592	0	1
100532748295806038875	0	1
101364383784977781980	0	1
106921715753843978958	0	1
109204863030492721026	0	2
104234466191512918471	0	1
101948941646041623362	0	2
109067512979982380086	0	2
108124871055565677256	0	1
110350685083338124521	0	1
109170681703159212229	0	2
112539429469437111274	0	1
113056521328455527492	0	1
100479871733297109543	0	2
109917037667505661769	0	2
118171253390055055847	0	1
117333032308675024427	0	1
106549615681434518946	0	1
102221445169419687784	0	2
102242429834511779076	0	1
110790714141592768464	0	1
114238024616770599745	0	1
114586341394333647182	0	1
113174591483025744892	0	1
108557183829263545449	0	2
109815740320874383380	0	1
109990456430988755974	0	1
