#node_label	#score	#gender
104789218149315172931	1.0	1
106798642791378451894	1.0	1
118107549775305942832	1.0	2
107355720890672333961	1.0	2
116381176537835440497	1.0	1
116901019375284491764	1.0	2
117122672562418213775	1.0	1
107697215815273852420	1.0	1
109210556273985402669	1.0	2
108961465858012263140	1.0	1
111048729592199491601	1.0	2
107826059696278341352	1.0	1
108566597089115317071	1.0	2
116349651832473493936	1.0	1
116078419948490503767	1.0	1
105911645591819082586	1.0	1
114437493840725182500	1.0	1
117247005461746670344	1.0	1
105529079362175017207	1.0	2
102075339732581699600	1.0	2
113840433980723548429	1.0	2
111407952177634483703	1.0	2
109414221937352781519	0.3333333333333333	1
101360643544552502915	0.3333333333333333	1
103895106281619011477	0.3333333333333333	1
106963775238138670657	0.3333333333333333	1
112766860455754737817	0.3333333333333333	1
116887436546769375688	0.3333333333333333	2
103069435655954575455	0.3333333333333333	1
111144389496315143142	0.3333333333333333	2
114972221948028006870	0.3333333333333333	1
104607825525972194062	0.3333333333333333	2
105014028567141864192	0.3333333333333333	1
115706692326163380334	0.3333333333333333	2
101997434473364451852	0.3333333333333333	1
107483128324124814228	0.3333333333333333	1
107790367245887975375	0.3333333333333333	1
104947278653644467788	0.3333333333333333	2
111097198237997918386	0.3333333333333333	1
109236580877596744501	0.3333333333333333	2
105470950521030030829	0.3333333333333333	2
105756423183388339722	0.3333333333333333	2
104674523653618976713	0.3333333333333333	1
114661304445626184013	0.3333333333333333	1
107231086341030547456	0.3333333333333333	2
106250234179615025320	0.3333333333333333	3
114427619140485635394	0.3333333333333333	2
114772370404010974598	0.3333333333333333	2
105402259468739080137	0.3333333333333333	2
106250709374824352211	0.3333333333333333	1
115686461214690249154	0.3333333333333333	1
101403398734300997354	0.3333333333333333	2
102987934493562222561	0.3333333333333333	1
109987204938145476054	0.3333333333333333	2
113456203738507213575	0.3333333333333333	2
113384557845941391470	0.3333333333333333	1
109744843287923813474	0.3333333333333333	2
112835315010616085809	0.3333333333333333	2
104392842026507204042	0.3333333333333333	1
112622420762576522129	0.3333333333333333	1
108594512957979246960	0.3333333333333333	1
107748994758051895882	0.3333333333333333	1
102795882537271964266	0.3333333333333333	2
100771715351072186974	0.3333333333333333	1
106674561143088442070	0.3333333333333333	1
117184181258526632678	0.3333333333333333	1
110295844480825936400	0.3333333333333333	2
102607386869220645817	0.3333333333333333	2
115898638478890997015	0.3333333333333333	1
111299594167177765377	0.3333333333333333	1
106485091199453413826	0.3333333333333333	3
100494264179552780611	0.3333333333333333	2
106252443077985276411	0.3333333333333333	1
107077924989967712602	0.3333333333333333	2
108206883336506189685	0.3333333333333333	1
112172895831966524738	0.3333333333333333	2
110314117509003498873	0.3333333333333333	1
106378908153930162657	0.3333333333333333	2
105591280483231306566	0.3333333333333333	1
104426233195987299152	0.3333333333333333	1
106048773058055537048	0.3333333333333333	1
108207761965956936386	0.3333333333333333	1
103458647163810854702	0.3333333333333333	2
104214058376996487617	0.3333333333333333	2
100835437473039397104	0.3333333333333333	2
111812530852785178093	0.3333333333333333	1
102306871493187334739	0.3333333333333333	1
103049373110021341267	0.3333333333333333	1
101775378004698597747	0.3333333333333333	1
102824945684239320585	0.3333333333333333	2
110912055212888170698	0.3333333333333333	1
113252623131591435586	0.3333333333333333	1
110497909365801371707	0.3333333333333333	1
111552586981525651069	0.3333333333333333	2
101994279109931741031	0.3333333333333333	1
118147897097670149361	0.3333333333333333	2
114399570243387179751	0.3333333333333333	1
103546981939364425829	0.3333333333333333	1
112493431048167821018	0.3333333333333333	2
111234552344495202201	0.3333333333333333	2
101377128515177056129	0.3333333333333333	1
105859070951290270749	0.3333333333333333	1
102228138880231589720	0.3333333333333333	1
108559055101768603660	0.3333333333333333	1
102134343881376040393	0.3333333333333333	1
112099671655881647810	0.3333333333333333	1
102499343453644564022	0.3333333333333333	2
103382133892057015635	0.3333333333333333	1
114894421225845723637	0.3333333333333333	1
104666354485189196501	0.3333333333333333	1
116453244206808419869	0.3333333333333333	1
118051183526789336023	0.3333333333333333	1
116252237668718986379	0.3333333333333333	1
115029186078239273995	0.3333333333333333	2
101255055018541859826	0.3333333333333333	2
115787262306412315842	0.25	1
107660373411050226642	0.25	1
104342313215221608158	0.25	1
101974291882028801639	0.25	2
103358149125291535507	0.25	2
101904002149716558203	0.25	1
117344786984788205452	0.25	1
109063483052735719193	0.25	2
115581868711550786632	0.25	1
114559845119114226260	0.25	1
118249659762501201824	0.25	2
109602717285147402581	0.25	1
109330684746468207713	0.25	1
111444111877686723741	0.25	1
108805430409141907975	0.25	1
108629717769018996477	0.25	1
111887075096360352528	0.25	1
107895589408692326451	0.25	2
108506119827765810454	0.25	1
100185707560478368490	0.25	2
100472608497932134515	0.25	1
115049735125827192227	0.25	2
106306945062511966344	0.25	1
101950208653618672521	0.25	1
115204805503581947511	0.25	1
111873853137122484021	0.25	1
109050735453225493965	0.25	1
116666017993062150925	0.25	1
101949100051085600234	0.25	1
107454743276855372767	0.25	1
109201681846030076792	0.25	1
111157851933802239172	0.25	1
105621403584928506108	0.25	1
112877008808055264939	0.25	1
100324543938384912897	0.25	1
101378754357079914665	0.25	1
114430879686433947818	0.25	2
112647059413057784221	0.25	1
101407724871953043125	0.25	1
111091089527727420853	0.25	1
113184091727451211493	0.25	1
109250372881394496935	0.25	1
108655621696213706147	0.25	1
115775748957156460966	0.25	1
106713595342939258357	0.25	1
110573952887886961621	0.25	1
116319627715742877481	0.25	1
109773123295959512976	0.25	2
101206502613384107619	0.25	1
104817633668230013853	0.25	2
101603746022982792137	0.25	2
100337583583132526767	0.25	1
104987932455782713675	0.25	1
116696943168863559388	0.25	1
107379489464447013340	0.25	2
112293904643489536931	0.25	1
105093931597417731651	0.25	1
111816110574238534692	0.25	2
116230050632137216206	0.25	1
102781315536557513596	0.25	2
111324012410917919847	0.25	1
104953130808780005932	0.25	1
116420972797550666132	0.25	1
101357807332902480720	0.25	2
102359926085625474102	0.25	2
116238158286810832102	0.25	3
108421221875206061761	0.25	2
100768035340494924632	0.25	2
115104069646389182428	0.25	1
107570961829991066907	0.25	1
110704030854263574087	0.25	1
102518365620075109973	0.25	1
102961581170694777301	0.25	1
115754371967324227307	0.25	1
107646974851275524326	0.25	1
113686253941057080055	0.25	1
113024713286279331104	0.25	1
110548244043172681974	0.25	1
109904616233131659643	0.25	1
115949235079382739229	0.25	1
109213135085178239952	0.25	1
102456777374003067692	0.25	1
103977761514480488970	0.25	1
108534678587208921488	0.25	2
113271433504869081420	0.25	2
107362628080904735459	0.25	1
103009042022920905686	0.25	1
115165205120331393982	0.25	2
107277383916180293265	0.25	1
107386249394822179765	0.25	1
107101517929405026245	0.25	1
102897998524188704114	0.25	2
108357794498664587643	0.25	1
118048139271163842678	0.25	1
107069913698089137475	0.25	1
114056084994793924628	0.25	1
107037862233939639227	0.25	1
115766444879111468623	0.25	1
115045409965027013717	0.25	2
110131072053414966623	0.25	1
105637155712287876601	0.25	1
110756997972255945127	0.25	2
117737986831845620646	0.25	1
115530776534617554663	0.25	1
115489093988888524022	0.25	1
104155770298251438878	0.25	1
109579042529957997981	0.25	1
108494946397743992507	0.25	1
109171335017554837327	0.25	3
118006757100260592462	0.25	1
110329781365538654444	0.25	2
111975224012018194892	0.25	2
102742333797709782764	0.25	1
103773583497308984430	0.25	1
117408889341288914294	0.25	1
101793532287583914396	0.25	1
108501716828315561387	0.25	1
117049109301535630849	0.25	1
117624867943351457090	0.25	1
102568229143155019755	0.25	1
114535734825389534681	0.25	1
103276466601625146310	0.25	1
103857459148999991693	0.25	1
115641413807398447170	0.25	1
118142894411483692111	0.25	1
113875929160127197425	0.25	1
108307660370285174924	0.25	1
118418436905562612953	0.25	2
113751283404152316115	0.25	2
109718346641639271496	0.25	1
110787588731552125339	0.25	1
103236949470535942612	0.25	1
117959241991509944145	0.25	1
106724435919605472652	0.25	1
101035196437264488455	0.25	1
100584544075742338361	0.25	2
109897370131343108161	0.25	1
113201167135747121041	0.25	1
103296595669319654320	0.25	2
105901438974263061543	0.25	1
105072305864951447999	0.25	1
106392362777471211481	0.25	1
108584940222628465190	0.25	2
100915416592142928551	0.25	1
104795229128236730576	0.25	2
110800760184496212592	0.25	1
106297830782718462768	0.25	1
106815464003881331207	0.25	1
107195441476577339421	0.25	1
112538582868328901418	0.25	2
113537711651274258466	0.25	1
110028623417333097448	0.25	1
113944846007907559686	0.25	1
107366627473199328916	0.25	1
110484413619969864191	0.25	1
116799045993451756042	0.25	1
105168276680128924513	0.25	1
100163238332537499583	0.25	1
111177586710520279671	0.25	2
104421522022168544419	0.25	2
115746329005161350508	0.25	1
103547101416445539717	0.25	2
117613376450420237787	0.25	1
106649978359921982022	0.25	1
101844918023535804783	0.25	1
117511955612172117914	0.25	1
101089001571988994845	0.25	1
105706178492556563330	0.25	1
105057743041374553915	0.25	2
112211961703142420817	0.25	1
102349987850176560760	0.25	1
102781222101344935450	0.25	2
104577808504539973696	0.25	1
106289562822644692555	0.25	1
108721466183079531495	0.25	1
109689479493494802606	0.25	1
107668520185113566763	0.25	1
100401708106444405523	0.25	2
100262384945138917360	0.25	1
104059132776588875365	0.25	1
100811733418406054662	0.25	1
101384112455887732241	0.25	1
117939503803460916681	0.25	1
115741881225839706441	0.25	2
109602109099036550366	0.25	1
109121643567830483591	0.25	1
116765138691892499850	0.25	2
115390855161234949409	0.25	2
106096361729029699575	0.25	1
101961673975811823695	0.25	2
106248619108218109426	0.25	2
102447055528197599845	0.25	2
102073747889450351618	0.25	2
100943369816102220478	0.25	1
112974258424669667683	0.25	1
107948650868331033738	0.25	1
103020313106929208651	0.25	2
103495900583414791676	0.25	1
114568014800313483795	0.25	1
105144963864645396987	0.25	2
115150834179663036977	0.25	1
111418474601985915957	0.25	1
117757565120070816446	0.25	2
115652070490968035511	0.25	1
115403633126916585038	0.25	1
103929057358376044772	0.25	1
100892612779426154375	0.25	1
106764351587377041357	0.25	2
107985237530390893631	0.25	1
107737537304272058329	0.25	2
114955415628566000965	0.25	1
105792165101564727726	0.25	1
100045990726747178457	0.25	1
110723161182814777871	0.25	1
110637824662938652781	0.25	1
108637075068178328561	0.25	1
105508660898837488930	0.25	2
114814005044450108245	0.25	2
112402602902352711929	0.25	1
108545741131375046692	0.25	1
115517258510977043443	0.25	1
112781666749577736636	0.25	1
116247667398036716276	0.25	1
117792065524163931209	0.25	1
115649601916827760715	0.25	1
114369704013100203178	0.25	1
116929574636168979614	0.25	1
111898964366303457295	0.25	2
106028569665227723037	0.25	1
106750429545700075110	0.25	2
109447323719942836871	0.25	1
107532423542613020631	0.25	2
100872876956795042185	0.25	2
113949487993863767866	0.25	1
108707792928475298183	0.25	2
112954151067260940064	0.25	1
103861212187604422719	0.25	1
108246157440293603595	0.25	1
115028193807457522413	0.25	2
112786890450122407289	0.25	2
111134347280631145902	0.25	1
114489504825638353488	0.25	1
116250009958844646720	0.25	1
106624908229691820592	0.25	1
102541295037745440355	0.25	1
111459197718303171211	0.25	2
115313784962423522494	0.25	1
110168117080267015976	0.25	1
112174656193323553225	0.25	1
100974258168375166691	0.25	2
105276365608720077250	0.25	2
103102581616407808980	0.25	2
101059416020608978287	0.25	1
102879192142617057652	0.25	2
101765565401131286712	0.25	1
101300494158572934944	0.25	1
108609776419787341388	0.25	1
104437199009265167412	0.25	1
105604492968547001946	0.25	1
117012193154182916005	0.25	1
100255102778442021897	0.25	2
108542426628002931624	0.25	1
101649892839036081330	0.25	1
104531018148875607756	0.25	1
110182875021467884817	0.25	1
109741494581273564467	0.25	1
113677133587948721156	0.25	2
101405498415675304905	0.25	2
114125900939049731990	0.25	1
117787078960837420932	0.25	1
100309650424237078484	0.25	2
102397482698742388526	0.25	1
110192976726456451625	0.25	1
101987793376160781398	0.25	1
102476152658204495450	0.25	2
108693140064226726422	0.25	2
101163289899816448462	0.25	2
110750649272369829619	0.25	2
110965736426480668093	0.25	1
103244970994163799660	0.25	2
104927293172660676732	0.25	1
111349858851804350826	0.25	1
105017289267741004914	0.25	1
106163325326985376730	0.25	2
109410701460407703403	0.25	1
116359813708750249878	0.25	2
105080657488926892600	0.25	1
106445486315230745362	0.25	1
104519096412702496856	0.25	1
103557102007464977255	0.25	2
107599936229942032070	0.25	1
107736922941118705751	0.25	1
100695700738665614582	0.25	1
107880974706815787171	0.25	1
101517702834173981462	0.25	2
101270841777853012207	0.25	2
109117683049682245427	0.25	2
103548172913954354631	0.25	1
114753496995891786832	0.25	1
111183544898345861350	0.25	1
106533383112258363963	0.25	1
117426994241200828522	0.25	1
112374665739066603956	0.25	2
103770531046791651608	0.25	2
107308460013033893888	0.25	1
113122231216156783325	0.25	1
112681927513600948421	0.25	1
116815043422362494586	0.25	2
118043858711426094400	0.25	1
106770610787796260587	0.25	1
110962949352937565678	0.25	1
108834544234077411259	0.25	1
113718269858549593079	0.25	2
115260307850276266872	0.25	1
102444230004603405684	0.25	2
115988196673262813908	0.25	1
116673938126812294472	0.25	1
108348790329129161183	0.25	1
103274398541354707265	0.25	2
115588307990520146154	0.25	1
101721451827815664563	0.25	1
102835412008947310524	0.25	1
101562076353371698615	0.25	1
115270351257026959175	0.25	1
102111571538090124895	0.25	1
105284241644114263194	0.25	2
102285179851236075328	0.25	1
108422684832218558403	0.25	2
105565257978663183206	0.25	2
118428315130962489835	0.25	1
106031725249629160824	0.25	1
102518920220768175492	0.25	1
115289783041335985128	0.25	1
101691152556611912102	0.25	1
111557988109638065224	0.25	1
115724883099396204735	0.25	1
105950725902891401635	0.25	2
107883340894483563915	0.25	2
104293575644373367112	0.25	1
106193116821624641589	0.25	2
108546986114370631960	0.25	3
114480451015846480694	0.25	1
102471833540021278727	0.25	1
101363420670773470622	0.25	1
109513130879037590733	0.25	2
104289213949175742145	0.25	1
113346146953541262098	0.25	1
104666642804793612913	0.25	1
110589462867223710090	0.25	2
106999614238373529583	0.25	2
109705341157728078964	0.25	2
110065871079016978677	0.25	1
112898817929313530782	0.25	2
107310017590537849030	0.25	1
104376626976827590822	0.25	2
116650745275442197132	0.25	1
111849478427665530528	0.25	1
108415186676188153531	0.25	1
117511780017798682207	0.25	1
117994793060697905112	0.25	1
105638035132192474170	0.25	1
115714017024729175376	0.25	1
111064279321629547930	0.25	2
104449483355923550870	0.25	1
114807257227149972393	0.25	1
114442461145816745955	0.25	2
108845250854229233264	0.25	2
117899532765065858463	0.25	1
112267968031995007637	0.25	2
101456322606243525384	0.25	1
105441682562241867424	0.25	1
110971010308065250763	0.25	1
101221104868305787960	0.25	1
113533502402180936683	0.25	1
107885387668324360261	0.25	2
105504700594522466800	0.25	1
115217750279661462986	0.25	1
101872163606007612800	0.25	1
108358915961072417897	0.25	1
108472256021542419936	0.25	1
115909956209983539961	0.25	1
104891536829161719797	0.25	1
112829241725212945302	0.25	1
110922307451325357596	0.25	2
102103300552492613781	0.25	1
112742552407526493404	0.25	3
115391090911429381573	0.25	2
116947923643606285942	0.25	1
116385489466404408980	0.25	1
101127855437994948867	0.25	2
101450409786547262412	0.25	1
108561684577945884751	0.25	1
111308930001632578779	0.25	1
103486150650858067282	0.25	1
103127067335628413730	0.25	1
114614337701581469922	0.25	1
109315279515913622566	0.25	2
101605347171113567668	0.25	1
118255645714452180374	0.25	2
106875108203992592031	0.25	2
109861670739033511925	0.25	1
106808060895318165506	0.25	1
116318044389289937577	0.25	2
103958889550659609890	0.25	2
105024011921606888854	0.25	1
113209788861124695757	0.25	2
102002299339025067376	0.25	2
116498986729306656665	0.25	1
113800404063575133001	0.25	1
105182772231313806587	0.25	1
107835459801687737830	0.25	1
106994788622312472332	0.25	2
105772482841580574992	0.25	2
113041693148251706037	0.25	1
104577505941506079870	0.25	1
111720952354186227548	0.25	1
105216491640488683417	0.25	2
115221918388722303575	0.25	1
100002360555406652980	0.25	1
102388385704187037545	0.25	1
103103834116993607848	0.25	1
103464935474818028904	0.25	2
104414006889440330710	0.25	1
107108957512542382463	0.25	1
116010686988761119371	0.25	1
107143498371220240275	0.25	1
100570943621691880802	0.25	1
100269984923783138938	0.25	1
109344447419175414852	0.25	1
111335922737520302374	0.25	1
114899522425082849357	0.25	2
100698222236890837642	0.25	1
115978949584209885559	0.25	1
111641642825562524548	0.25	1
115592016065916157642	0.25	1
111747361369716956345	0.25	2
116676102015840295235	0.25	1
103587936057336361014	0.25	2
113520326117884248268	0.25	1
113543880726286626830	0.25	1
110142561668636219737	0.25	2
117461435525779663160	0.25	1
116265828399001050082	0.25	1
112918551982780048638	0.25	1
107283759386735058423	0.25	2
116755735817743378338	0.25	2
109214853759461755510	0.25	1
113704987612352192056	0.25	1
113018487908388903194	0.25	1
116944895639367062510	0.25	1
111530414219710845688	0.25	1
102126834369255384012	0.25	1
110296961334162565272	0.25	1
102865263115020893218	0.25	1
107383157816966336384	0.25	1
100534386183913201789	0.25	1
101735330178818807124	0.25	1
106488424923710466886	0.25	3
115524111646752962689	0.25	1
105034220628990195204	0.25	2
100621204114976031079	0.25	1
109545513681683958686	0.25	2
106962901393110437619	0.25	1
104799160568450312846	0.25	1
117383716313942655343	0.25	1
112661262066626464523	0.25	1
117269268918083247282	0.25	2
114714027943983816578	0.25	1
112373237775458072002	0.25	2
108497822730801871556	0.25	2
106407292572142932910	0.25	1
110823652171439094038	0.25	2
101665655926817231342	0.25	2
106433089606067840236	0.25	2
114368598178024988849	0.25	1
105642583014202440803	0.25	2
102929818741257862361	0.25	1
103918782714606587310	0.25	2
108284311476569620278	0.25	1
104214034036199536225	0.25	2
100578645684682196736	0.25	1
103158447944286724575	0.25	1
103753246154433626793	0.25	1
105438216157712951149	0.25	1
106369182367169177791	0.25	1
101367799604091052665	0.25	1
116947906726568301788	0.25	2
100733334063966339322	0.25	2
111527173898597270110	0.25	1
100771671272095499353	0.25	1
117188114405410532586	0.25	3
108331961243127940286	0.25	2
109685346986918673416	0.25	3
105647897153052672470	0.25	2
102615263566457101235	0.25	2
112847316090042624897	0.25	1
103850326109556474629	0.25	1
104145159340267405219	0.25	1
104485894541326791723	0.25	2
103698889037599783920	0.25	2
113179211090818435547	0.25	1
117703423505001326711	0.25	2
106411046878239514059	0.25	2
105740657860778555476	0.25	1
117189268819713435859	0.25	1
102942463804709310436	0.25	1
103739434091749997009	0.25	2
101465854435804471513	0.25	1
105237212888595777019	0.25	1
115053975672650597157	0.25	2
105621708984911922911	0.25	1
103270374002752936491	0.25	2
113327376737622693535	0.25	1
114750386879006583194	0.25	1
112571861198757001338	0.25	1
116119893029262153595	0.25	1
117058794763073546749	0.25	1
109095303593518604782	0.25	1
113240255242422536778	0.25	1
100571895408826641263	0.25	1
117949314904695168818	0.25	1
113723385189467117257	0.25	1
100518625747153429809	0.25	2
116551430990291119287	0.25	1
108303074811335210925	0.25	1
116594199576805510790	0.25	1
103958441795544241153	0.25	1
102906377456782762333	0.25	2
104545778992030182138	0.25	1
112458714478562846013	0.25	1
107778250194137329028	0.25	1
108759901321068677229	0.25	2
103429825907085420701	0.25	1
115058384974405026221	0.25	1
101313088594783802183	0.25	1
100276638705004937355	0.25	1
104950390394311878153	0.25	1
108872036879266293791	0.25	1
105362990780240393762	0.25	1
109795454744520479022	0.25	1
111979834690755246870	0.25	1
100771778865891544223	0.25	1
102100900281506406178	0.25	1
113920526057233976680	0.25	2
104000421967098138420	0.25	2
112145951608161981842	0.25	2
107510365408888413417	0.25	2
108674726803457638303	0.25	1
116293980128085708501	0.25	1
110159306642698690348	0.25	1
111101690980834001635	0.25	1
116570597784626887840	0.25	1
113646756861816224572	0.25	1
104085765174770275852	0.25	1
102122012748196677489	0.25	1
104660764126247168270	0.25	1
109385188178546641401	0.25	1
107979651021469607748	0.25	1
115137849030052712728	0.25	1
106618717445377547837	0.25	2
116989633749715333475	0.25	1
117957538062266531505	0.25	1
100962871525684315897	0.25	1
107870475679248109269	0.25	1
102550233838963881385	0.25	2
115490868856377625184	0.25	1
102675315845072594179	0.25	2
105246828264278441318	0.25	1
107742567767125793693	0.25	1
107888675587755301954	0.25	1
109332147378780297524	0.25	2
113409086302056667844	0.25	1
116779478651445155548	0.25	2
116130450559157224410	0.25	2
113641354088554800188	0.25	2
106064030310933105180	0.25	1
107291158434082397409	0.25	1
108055614721877801899	0.25	2
109508356501098742503	0.25	1
107180995614531146994	0.25	1
110423722073095835246	0.25	2
114504022490238986254	0.25	1
107608345508038384115	0.25	2
108157030836771255408	0.25	2
116565270544040241255	0.25	2
116581173626370476738	0.25	1
106206424594758074492	0.25	1
110709982674874192300	0.25	2
115658991092488583069	0.25	1
105389364748387891649	0.25	1
103893894122992806546	0.25	2
104672614700283598130	0.25	2
107731547877245030605	0.25	1
109975347168733392720	0.25	1
105259605759214369744	0.25	1
115911712838090692746	0.25	1
116927112288249522316	0.25	1
102812929107875086928	0.25	1
115605115857817552535	0.25	2
109940597696193991152	0.25	1
102945130938297404430	0.25	1
111124930081935539248	0.25	1
111734318250372866573	0.25	2
101450717666048201249	0.25	1
108490791507069410168	0.25	1
104624105015519861681	0.25	1
103140405718724149855	0.25	2
107101215197232285494	0.25	1
116056645771775490363	0.25	1
104380581224549491750	0.25	2
104833564316573420990	0.25	1
115667663268380023374	0.25	1
102768114339985212844	0.25	1
113795961594472514455	0.25	2
114631096572515710476	0.25	2
105237921709043602191	0.25	2
107652109540961048950	0.25	1
112912440438084031232	0.25	2
110322434906305176733	0.25	1
111849853958320770663	0.25	1
113883274535945670622	0.25	1
105845861210914905032	0.25	1
112955170148517351887	0.25	2
115765806106805622953	0.25	1
116011252490222413570	0.25	1
102364975200558201983	0.25	1
101670592154326222488	0.25	2
108516651469213983964	0.25	1
100194253414973156422	0.25	1
109018224010056005635	0.25	1
104914829730501706316	0.25	2
111153455306955308157	0.25	2
103024662999602309638	0.25	1
111236628099318163186	0.25	1
111080620052833032765	0.25	2
102759194596429227036	0.25	1
102642832328991846092	0.25	1
117241011389217784305	0.25	1
117697379995591819341	0.25	1
112726412224552205610	0.25	1
104763480255337902487	0.25	1
111336672090274821737	0.25	1
102391821649472776678	0.25	1
107179289042593463605	0.25	1
107459220492917008623	0.25	1
110527332382139046457	0.25	1
105001226804902733960	0.25	2
100916411312405104962	0.25	2
106127128773990697459	0.25	1
113882100233272026653	0.25	1
117906457028030551127	0.25	1
118167844798373521994	0.25	2
105736363132830887409	0.25	2
105026630819824298577	0.25	2
113644330932700489210	0.25	2
115106042459217297624	0.25	1
114655329471228854758	0.25	2
112928796157153543442	0.25	1
105920130412372989728	0.25	1
112507886156998828584	0.25	2
106787788124127706441	0.25	2
114051322401103919567	0.25	1
113806608794238498289	0.25	1
107639567933788693074	0.25	2
100821934818331147512	0.25	1
107505007518380028872	0.25	1
107561382312948155838	0.25	1
115505611402423023943	0.25	1
114897113274265449229	0.25	1
106225038734843308048	0.25	1
110101984758324108622	0.25	1
100882994243294441475	0.25	1
104541959256591361052	0.25	1
114858496219143473247	0.25	2
115305893755558429994	0.25	2
111523808203160874141	0.25	1
118234772739219454819	0.25	1
102254921263609226645	0.25	1
103744669593777813178	0.25	2
102876770831488383664	0.25	2
104999484036614399046	0.25	1
107554392786806012173	0.25	1
111719717600282565141	0.25	1
111622474605209671162	0.25	2
100382117243685711997	0.25	1
101362277703012405211	0.25	1
118240196689173394609	0.25	2
103924649151118687022	0.25	1
107404242080797040590	0.25	2
114063621336261903092	0.25	1
100332328020771247613	0.25	1
113913583772851182259	0.25	2
100252339540386672464	0.25	1
110013884799897003049	0.25	2
105551989431666449555	0.25	1
115599601881370161913	0.25	2
104401462206426890612	0.25	1
104132226672783916964	0.25	1
110067153848300259494	0.25	1
113453874689606594539	0.25	1
114503718663848433100	0.25	1
108426976618285933117	0.25	1
116742728953618819148	0.25	2
106837574755355833243	0.25	1
106932210405630123818	0.25	2
101218371689622128361	0.25	1
114103669757120530833	0.25	2
112879841470105543012	0.25	1
117800480771792525839	0.25	1
100975618421409141430	0.25	2
111378435554188237250	0.25	1
117455582278970840221	0.25	1
108053790970132797060	0.25	2
102690447793240190249	0.25	2
104545705293219420453	0.25	1
107098955698070709587	0.25	1
103774001600901781582	0.25	1
110721805765889618087	0.25	1
102385677016564126977	0.25	1
118308068668321612555	0.25	2
107188788248244608953	0.25	1
115453857428295591317	0.25	2
100186938589206311054	0.25	1
109711721158856077787	0.25	2
115535066186405182837	0.25	1
105769451938422053822	0.25	1
117143431026798289437	0.25	1
112528604568167140988	0.25	1
100058643455900335517	0.25	1
104464509525006371077	0.25	1
108171852029000919673	0.25	2
103885278007648446386	0.25	1
104374589530734162193	0.25	1
115854718917136776953	0.25	1
100201301601263371349	0.25	1
110918518132080106257	0.25	1
103894566409656204843	0.25	1
118153481843054469599	0.25	2
112247203025001649619	0.25	2
113158814439512755352	0.25	2
113409763196043464003	0.25	1
118122106764594800502	0.25	2
117231743960522064512	0.25	2
103978918457106656392	0.25	2
109493490725321636855	0.25	1
112648442511407536596	0.25	1
109421736046086266851	0.25	2
102656934497613163144	0.25	1
103701844818469254716	0.25	1
114661838207181976670	0.25	1
106623569435881634966	0.25	2
116244751484241690077	0.25	2
113862570352969863882	0.25	1
101701583331414272733	0.25	1
114121506957113347736	0.25	1
110699890044237084645	0.25	1
104768621699284314998	0.25	2
101233858111590883332	0.25	1
111522208161873916249	0.25	2
117282311721013297588	0.25	2
114256246687528755253	0.25	1
107417903339410310061	0.25	2
104512462041446244532	0.25	2
105196576634500671679	0.25	2
110715095928031808700	0.25	1
100329698645326486178	0.25	1
117115170288798542654	0.25	2
108832212601102427191	0.25	1
110967003094003846420	0.25	1
106034090314001069671	0.25	1
106091062692012637006	0.25	2
109222833364394410413	0.25	2
111637781336462698926	0.25	1
116239940073350846016	0.25	2
103011662826175289775	0.25	2
115111902757485641613	0.25	1
104423985805812651768	0.25	1
104968519195250427239	0.25	2
115663008129171661919	0.25	1
117676292483802154814	0.25	1
105211506368416369478	0.25	1
109106846200379852622	0.25	1
102712342580577775871	0.25	1
115047839720098318862	0.25	1
105040058487223563352	0.25	1
106574152861326569253	0.25	1
110384859728784051439	0.25	1
116250201527009160504	0.25	1
115841625582720575875	0.25	1
106895761306501470368	0.25	2
109598700629535139005	0.25	2
118203006950870376120	0.25	1
114346437548419029581	0.25	1
111704031312891066566	0.25	2
101222342989976293859	0.25	2
104546878095894843869	0.25	2
103015102480776323640	0.25	2
112365820314826728239	0.25	1
109930496207270853982	0.25	2
104405539079062799451	0.25	1
102159532354713518142	0.25	1
111749793836380057642	0.25	1
106132380139110554276	0.25	1
100037428816683405361	0.25	1
103471751605471219081	0.25	2
101488480621820301423	0.25	1
117411960978758881653	0.25	2
113461057494376108023	0.25	2
104092000237927788352	0.25	2
117386527918823043677	0.25	1
106671084931094301510	0.25	1
100726752818347059814	0.25	2
114944613022287164933	0.25	1
113138089506496430040	0.25	1
102863569382913847828	0.25	1
107948437960557548607	0.25	1
112016242624005519460	0.25	2
118288288231292086627	0.25	1
102610444632698510215	0.25	1
106109321880683881539	0.25	1
117079620867048812652	0.25	1
116706195717971759521	0.25	2
116594169782616598727	0.25	1
110360784207374607325	0.25	2
112011803154194471207	0.25	1
108887316590037607278	0.25	1
102363561613892769562	0.25	1
105885230746522882283	0.25	1
117300339930600767280	0.25	1
107520568772200234207	0.25	1
116984669804618209616	0.25	2
108310069137918407221	0.25	2
109280367858317936895	0.25	1
108604230015621645190	0.25	1
111260338302225430832	0.25	1
115684945308056329333	0.25	2
116232115180783765801	0.25	2
104992798176478601465	0.25	1
116776468683382365028	0.25	1
103983334866868909678	0.25	1
109240065582501674240	0.25	1
106962741502202371434	0.25	1
102414921526172028172	0.25	1
102353406400546786856	0.25	2
113127671633590034991	0.25	2
100609200747033197938	0.25	1
114135879980083602468	0.25	1
113806314825655138485	0.25	2
106134615394478313556	0.25	1
102689221066933845512	0.25	2
115288498861240787143	0.25	1
113772620663265751526	0.25	2
103575399676599635897	0.25	2
114667032191023848079	0.25	1
115455024457484679647	0.25	2
112285036359380021410	0.25	1
108925095650421163240	0.25	1
101794235393148527635	0.25	2
114274687956791581923	0.25	2
111660985235277530732	0.25	2
109084698270530348428	0.25	2
116773844805227192821	0.25	1
103488962975697693810	0.25	1
114556892277040703854	0.25	1
105345566147236475531	0.25	2
107138096600153587623	0.25	1
114149244147315691629	0.25	2
100445600040262907080	0.25	2
103092754229817039243	0.25	1
106768305584550684330	0.25	1
105486927159495363837	0.25	2
115716916626929869950	0.25	1
114864817374051239842	0.25	2
109123727761757726835	0.25	2
104214490948543919580	0.25	2
117128672203954655256	0.25	1
113708981246606191092	0.25	1
114684641858182243566	0.25	1
102213356973647350299	0.25	1
100888456528983634308	0.25	1
103390491619249993911	0.25	1
101101086295080736193	0.25	1
105669924377560628246	0.25	1
101272181017626995089	0.25	1
114822593626242568949	0.25	2
103437369723516424400	0.25	1
117945818785164608300	0.25	2
117259487643709788649	0.25	2
116204437472476177397	0.25	1
105426743019195604827	0.25	1
108958286033422167638	0.25	2
113326831198780032740	0.25	1
108216446375195032439	0.25	2
112118594569975443130	0.25	1
110169221310171686233	0.25	1
101570646809005971534	0.25	1
114238848179918960497	0.25	1
114590717897717187478	0.25	2
107936425470990053856	0.25	1
108234504729950216883	0.25	1
113991510450146807422	0.25	1
116037095013339186742	0.25	2
111648754688449664694	0.25	1
103354880948309691929	0.25	1
107308030150766265895	0.25	2
115780416069519180112	0.25	1
112380861379242468878	0.25	2
114665422301747597133	0.25	2
115615319819630033507	0.25	2
114436581393791266498	0.25	1
117585400746388462491	0.25	1
105661020346736383659	0.25	2
114722362043662276565	0.25	1
106085438545956034717	0.25	2
101400591632349985897	0.25	2
110886284995141821620	0.25	2
117537950835725238331	0.25	1
116690953875157042000	0.25	1
100005809427652429580	0.25	1
114877890538065999741	0.25	3
105828335594316527207	0.25	1
105138156255735081209	0.25	1
113435302917113419960	0.25	1
109876209882577704554	0.25	1
105168412948552978813	0.25	1
110276541203447377476	0.25	2
113483139244126583939	0.25	1
107753552544179958164	0.25	1
117298449774201305386	0.25	1
107497619856021303759	0.25	1
114275643262389643721	0.25	2
109646822745543008331	0.25	1
100490965950112173709	0.25	2
108001281996021495845	0.25	2
103657273522882559635	0.25	1
106012481736638686979	0.25	2
115602760308324028776	0.25	2
104620557066160322663	0.25	1
110282828938803516298	0.25	1
111510015637321586823	0.25	1
106369077103680701108	0.25	2
106023534619957422616	0.25	1
107738139256801286421	0.25	1
109133024978518914619	0.25	1
115389971856894286101	0.25	1
100842802922063879666	0.25	1
108621605232188649028	0.25	1
101418715115916934669	0.25	2
100391695388726523283	0.25	1
102978065556965822952	0.25	2
115927870648363036195	0.25	2
112448675882451236231	0.25	1
110645922162081253079	0.25	2
105150138107521642010	0.25	2
112960201172167885583	0.25	1
116660410556163393541	0.25	2
105852800056956495759	0.25	1
102838358536891534894	0.25	1
105281913314245593605	0.25	1
103372431688184929899	0.25	2
102153882497730102303	0.25	1
111692164559406908788	0.25	2
116691136217597661821	0.25	1
107044824725885567955	0.25	1
107074163618306062768	0.25	2
114199293941855846544	0.25	2
114007962711375573185	0.25	2
107525588207391969782	0.25	2
102276001334523769733	0.25	1
104265353587248118829	0.25	1
113148742025783782003	0.25	2
117668300375109028527	0.25	2
112027450030109652155	0.25	1
115676030745339909313	0.25	1
100000772955143706751	0.25	2
104637506708416544412	0.25	2
110300292909771695676	0.25	1
108375155964628554861	0.25	1
111720636981573848468	0.25	2
113180375618328351247	0.25	2
108296697406833275259	0.25	1
106228492415376358972	0.25	2
109646508394301470481	0.25	1
103346465651662997626	0.25	1
108500933169069069530	0.25	2
111929386215091912977	0.25	1
111821994480810693219	0.25	1
106419400577988151299	0.25	1
118369566337189424987	0.25	1
113528999197148915535	0.25	1
111525227247938797069	0.25	2
112807126566758001793	0.25	2
101170454445449447714	0.25	1
113922813642717659153	0.25	2
107315378322154900607	0.25	1
110982884491550289459	0.25	1
116106774324737158094	0.25	1
109191735296746590369	0.25	2
117021840285158672744	0.25	2
102480306790909071914	0.25	1
108282766766635868780	0.25	2
107983336737284521544	0.25	2
102271438573646882972	0.25	1
107500101027392165863	0.25	1
102861375672472314612	0.25	1
100282363024614552925	0.25	1
101265287919160637317	0.25	2
107174580285242008617	0.25	1
104458801156000551882	0.25	1
118427894834223700228	0.25	1
104315334649820883128	0.25	1
117609441101434958798	0.25	1
109635023756287333968	0.25	1
100378571023933038620	0.25	2
100161976589063044056	0.25	2
108124151155992917028	0.25	1
118297780429110098708	0.25	2
104336738801506671946	0.25	2
117837087717448638021	0.25	1
113767546761666828586	0.25	2
116426018234598080075	0.25	1
114164806141768968335	0.25	1
101799533248453553128	0.25	2
117821308943637413847	0.25	2
101828644068534620076	0.25	1
115392951895946183772	0.25	2
105236456655485859056	0.25	1
117946466323962104874	0.25	1
113919320385211951812	0.25	1
118398145764771774464	0.25	1
103452050798248282778	0.25	2
100578202127502407103	0.25	2
113799848912045378845	0.25	1
116256692848901876844	0.25	2
100790282343650757296	0.25	1
105840714957348600123	0.25	1
103163712079389164338	0.25	1
109163370142500370236	0.25	2
111807011668940200355	0.25	2
112872110915392647061	0.25	1
115289042027463454133	0.25	2
114152035007324749666	0.25	1
104273851304633009419	0.25	2
116145007461557829328	0.25	2
115747079098314287243	0.25	1
108758454758037622806	0.25	2
100771300110997138930	0.25	1
111287572135984976332	0.25	1
112019962874152071584	0.25	1
114365566709887894898	0.25	1
109015404841945658446	0.25	2
101548743359825944767	0.25	2
108682670967736508719	0.25	1
100388133861755653491	0.25	2
111466009350720554720	0.25	1
101808745049679266637	0.25	1
102072064821745107409	0.25	1
100412213386584648247	0.25	1
116111933876321104717	0.25	1
115326733070213074894	0.25	1
112474367030933587196	0.25	1
102931842347172937595	0.25	3
117207787193330201690	0.25	1
117494954219622059254	0.25	2
100969232856312001330	0.25	3
110868918414122880310	0.25	1
100623791536600553325	0.25	2
113479597774861280964	0.25	2
102939866041006166839	0.25	1
113446184053786049338	0.25	2
108369117087671819487	0.25	2
117611242424842063021	0.25	1
112596973929133983413	0.25	2
109761003239600501319	0.25	1
112384222959153537467	0.25	2
114055858947998207191	0.25	1
107242439334747430034	0.25	1
100083368149341064897	0.25	1
104543642566206158521	0.25	2
111035620299028085766	0.25	2
113238407296509200124	0.25	2
103526484929526914389	0.25	2
116476891107841579674	0.25	1
105216293260831528847	0.25	1
104973689929615532681	0.25	1
114411140288055675409	0.25	2
117889637050142878732	0.25	1
115069565990933029289	0.25	2
105965235464595868103	0.25	1
113033063970700136349	0.25	3
110881596680638137353	0.25	2
118277029446893050108	0.25	1
107012628613463550514	0.25	1
106733768004862090290	0.25	2
108155571834093720799	0.25	1
110838162887713508997	0.25	1
100706023242571286435	0.25	1
111005008195348738620	0.25	1
102552390342954072386	0.25	2
106249960280468027811	0.25	2
104156551898535769963	0.25	2
106043731707156748922	0.25	1
106916876255199541392	0.25	1
103104550840637315674	0.25	1
111742075541654959004	0.25	1
102996026951276176445	0.25	2
106951987054299687346	0.25	1
116819601264686093434	0.25	1
106134698015433082297	0.25	1
107661942391405918247	0.25	2
115351571937073769049	0.25	2
118076164907023431365	0.25	1
109692398289870186007	0.25	2
117490630809806732314	0.25	1
117835064414371041802	0.25	1
114416853067468694914	0.25	1
111819013611762065228	0.25	1
113254447794337890125	0.25	1
118380125497498826979	0.25	2
104351573029221962709	0.25	1
113039797250175866560	0.25	1
117736038773715729119	0.25	1
104498037034843830963	0.25	1
101537299037980224795	0.25	1
101985244607221445028	0.25	2
109640203836414808931	0.25	1
103727896585918252299	0.25	2
101106684057058130624	0.25	1
100762929605976411921	0.25	2
103839372439364311280	0.25	2
111258992634637082336	0.25	2
111668251246745875497	0.25	1
107691163524835429537	0.25	2
106753049292900693083	0.25	2
110210867243929014459	0.25	2
113397391314808142370	0.25	2
106410732718450585351	0.25	1
114412901009927383270	0.25	1
102786971434579204422	0.25	1
113849728411118888973	0.25	2
115799841107389567916	0.25	2
101110860364385028530	0.25	1
101498522022101542583	0.25	1
117804484225868285854	0.25	1
106863471565584446254	0.25	1
106326016563064087536	0.25	2
110505606367597611743	0.25	1
113691196316356267588	0.25	2
103850296736302280410	0.25	1
105264947160217806145	0.25	2
106527935338901270006	0.25	1
111269676982157660914	0.25	2
110315430166117786232	0.25	1
110604655857327850293	0.25	2
108524039352012210690	0.25	1
105202709512650456953	0.25	2
110954550871007449747	0.25	1
108917917927416072574	0.25	2
100361949039281004073	0.25	2
117180993499031766213	0.25	2
115307986608775128558	0.25	2
108363014770938248139	0.25	1
100064147221397944462	0.25	1
101810721211584224085	0.25	1
103225292456631554770	0.25	2
108798698997127107581	0.25	2
115325407888997573486	0.25	2
107172040488636661137	0.25	2
114723350951535444562	0.25	3
117509845915711759657	0.25	1
105943946099362806788	0.2	1
105822688186016123722	0.2	2
114786794106113206036	0.2	1
117807373507435100906	0.2	1
109746540495919889829	0.2	1
103965582964444715563	0.2	1
118258847595972123892	0.2	1
102645532385014073041	0.2	1
111538009015644508967	0.2	2
100300281975626912157	0.2	1
111297688846219234682	0.2	1
105256156026694816333	0.2	1
116040565882702717981	0.2	1
109174551750397653742	0.2	1
102227119889071109746	0.2	1
113164038788726940319	0.2	1
115655034901162574758	0.2	2
112515944562734885900	0.2	1
100095245926948995335	0.2	1
103973455051678273599	0.2	2
118269406419478362896	0.2	2
112374836634096795698	0.2	1
113720609762473463074	0.2	2
113190229460560085138	0.2	1
105852091541941306153	0.2	1
107543460658107759808	0.2	1
102871123574468799566	0.2	1
115793765515193253189	0.2	2
106665185918564754695	0.2	2
116478618781099942956	0.2	1
108705174211639807508	0.2	1
116834613510435630346	0.2	1
111583897560006148626	0.2	1
111717910782818837129	0.2	2
113612142759476883204	0.2	2
103667678270324179713	0.2	1
100987261809333853984	0.2	1
117291172056174753422	0.2	1
112180970871106507465	0.2	2
106318111152683661692	0.2	1
101011724459127748526	0.2	1
114862801614068856338	0.2	1
103492589543434845320	0.2	1
115360471097759949621	0.2	1
108376085312377399512	0.2	1
116214152295449083654	0.2	1
111582178452856649868	0.2	1
105182282046745007103	0.2	1
103678929192213568672	0.2	1
100700563258259618474	0.2	1
111065108889012087599	0.2	1
112254467169147545881	0.2	2
110323990716948783431	0.2	1
102545157386069758709	0.2	2
107054278065249979005	0.2	1
105267656376269695918	0.2	1
100521671383026672718	0.2	2
112946414169405920789	0.2	1
115260129877170686825	0.2	1
103752184467836846598	0.2	2
107858226132224039781	0.2	1
115842543183877690316	0.2	1
103815906667477097695	0.2	1
106454856985227008272	0.2	1
101114916230709970267	0.2	1
111899272101870509760	0.2	1
110814750979235028561	0.2	2
103787580098002291418	0.2	1
113387268363968644500	0.2	1
110027345274806935499	0.2	2
117122165783749287103	0.2	1
109671560761976270528	0.2	1
107004843925454095805	0.2	1
112460361944526645003	0.2	1
113455290791279442483	0.2	1
104484219049883711215	0.2	2
111310990991240556038	0.2	1
103995835398448896940	0.2	2
100150217757439777553	0.2	1
118251361769321107723	0.2	1
115799682602079658835	0.2	2
100196790907630189606	0.2	1
115733604509184177258	0.2	1
103413026854903721037	0.2	1
100500197140377336562	0.2	1
108042851508742333574	0.2	1
111136943830266615679	0.2	2
114941990960699549036	0.2	1
101628797717424992030	0.2	2
114055975301837030490	0.2	2
112745347790923628984	0.2	2
115031545528816193813	0.2	1
114202150062599138446	0.2	2
106473332550730818968	0.2	2
102626129336565123728	0.2	1
115037313319624350537	0.2	2
117809659264475717024	0.2	2
107567168414307124510	0.2	1
118058794383720702307	0.2	2
108581176656876634115	0.2	1
109452949873475779897	0.2	1
111490745412217622127	0.2	2
109688018031970881896	0.2	2
107818533325248573164	0.2	1
106100228333803048110	0.2	1
101720949843787442951	0.2	1
103978944717872769481	0.2	1
106736592653655008454	0.2	1
113801236315350503728	0.2	2
111863743690964262684	0.2	1
117119390669570908466	0.2	1
104755336394155711931	0.2	1
110500395128979271391	0.2	1
108250698633719035547	0.2	2
104192099372982491378	0.2	2
110137716201533987775	0.2	1
116808380179140553260	0.2	1
102055758187040071892	0.2	2
112493672475808051639	0.2	1
113705471360254379037	0.2	1
113992720876352031172	0.2	1
116463663709609025380	0.2	1
114919376309009531550	0.2	2
110556167739054682195	0.2	1
110133480834100847635	0.2	1
110262685796612839062	0.2	1
116466745743153301499	0.2	2
103507381465701010401	0.2	1
100310420045060623543	0.2	1
102779421660447432075	0.2	2
112754019546978412552	0.2	2
108894779805940659869	0.2	1
108010714472286910190	0.2	2
113279811202875553906	0.2	1
108196241555610157415	0.2	2
107673209521796924541	0.2	2
102886392232266276524	0.2	2
106952974709619007593	0.2	1
103546273047856488913	0.2	2
110438090236923626992	0.2	2
108272312539386570504	0.2	1
110067835153954222370	0.2	1
106957263843928791130	0.2	2
106858712553994741004	0.2	2
105298740041987975283	0.2	1
103905907245715507267	0.2	1
106261497811000262754	0.2	1
111283355559632014685	0.2	1
110168347438576033410	0.2	1
102429496922140195018	0.2	1
107968315902726063582	0.2	1
103325969492772452485	0.2	2
115842694607959851506	0.2	2
112751007849133298507	0.2	1
110484786042126682207	0.2	1
109786487088662225572	0.2	2
114338270254521043906	0.2	1
116619759776643710411	0.2	2
106265316827872063604	0.2	1
106863280892050114693	0.2	1
110496766018154274341	0.2	1
102854051892257849160	0.2	1
116272754688583808397	0.2	1
105167463152479291377	0.2	1
100911941902836919434	0.2	1
115496814324404797689	0.2	2
102015794901425980171	0.2	1
113627579169925955646	0.2	2
108362403625671095081	0.2	1
112520925289566656234	0.2	1
102855077067539438780	0.2	1
102556150969875446067	0.2	1
114352327674779556499	0.2	2
104627659572157637639	0.2	1
114385776048024218999	0.2	2
115084795444005748714	0.2	1
112404075585964695421	0.2	1
117500656086463020987	0.2	1
107643355522271518196	0.2	1
102330918621228710441	0.2	1
101740258319953096066	0.2	2
110844984491497308385	0.2	1
116022830758088572242	0.2	2
103905061867326815297	0.2	2
106790499891431007378	0.2	2
103527583204714475293	0.2	2
117254630097071533247	0.2	1
101697775213251991950	0.2	2
107469964602315974934	0.2	2
110908684768781254229	0.2	2
111812922420264066965	0.2	3
111328059953568389453	0.2	1
116361225935365912721	0.2	1
107290525520765570919	0.2	1
103999637259487452487	0.2	1
100563608970924743954	0.2	1
115808218248001986821	0.2	1
108718133891016347255	0.2	1
101934437466204409602	0.2	2
113280371971686893505	0.2	1
112526370306593564662	0.2	2
116458446436738032389	0.2	1
117460425558832405101	0.2	1
113750152701883917398	0.2	1
114756133594560951495	0.2	1
112903136003711459513	0.2	1
114620353253724833655	0.2	2
109725449640114145911	0.2	2
118048268935203902371	0.2	1
118227397456300836229	0.2	2
108424521125473538759	0.2	1
111581285399837759269	0.2	1
106818933253447157570	0.2	1
106379582664368757090	0.2	1
113802344619945542252	0.2	1
104819901401112366043	0.2	2
102915603361997652174	0.2	2
102821415147464318372	0.2	2
102418039386311028147	0.2	1
108762671490698771511	0.2	1
115170278877753972135	0.16666666666666666	1
105620619373987027172	0.16666666666666666	1
100193529331792590881	0.16666666666666666	1
100972460481761964036	0.16666666666666666	1
112048070794252585618	0.16666666666666666	1
103471889304210930424	0.16666666666666666	1
109610954243983229925	0.16666666666666666	3
111326252849459841758	0.16666666666666666	1
110544677856427522384	0.16666666666666666	1
110243713409398914612	0.16666666666666666	1
108293390474428640235	0.16666666666666666	1
110067433342071570684	0.16666666666666666	2
107940613488592745009	0.14285714285714285	1
111431694377519332046	0.14285714285714285	1
114437821607569957251	0.14285714285714285	1
107264515902167457136	0.14285714285714285	1
116032490611047283168	0.14285714285714285	2
101222125576635425546	0.14285714285714285	1
101705985546803067013	0.14285714285714285	1
102306387852716965497	0.14285714285714285	1
107825558563631314330	0	1
101423842955540149014	0	1
106322266355568739242	0	1
116790754553761013184	0	2
113211954743892121925	0	1
104112700502285331526	0	2
113165622704612371637	0	2
102409541521880756024	0	1
109171454554177779280	0	1
107066609145001672622	0	2
106144537664449988421	0	1
105559429410378216754	0	2
101360588077358765523	0	1
116008246625614132322	0	1
102377882249382281108	0	1
111550669664395804651	0	1
105873814765821560444	0	2
106176762220398854458	0	1
114045800510530461940	0	2
116369071500456395369	0	1
115574618126479084852	0	2
102518571087840972824	0	2
114536133164105123829	0	2
113107253403679023320	0	2
106281380030295054166	0	2
116642857391974581307	0	1
114914896000469569508	0	1
107784212140893392732	0	1
104279107049574225556	0	2
113104944605785201866	0	1
114132462785297040196	0	1
112202916777570498940	0	2
110001339139979553061	0	1
104316443417435189825	0	1
116649584083709634987	0	1
101700774683735545259	0	1
109420348171622152415	0	2
102864606114046363292	0	2
102920063140431683002	0	1
109937254832182762603	0	2
103341235804505564047	0	1
114979733565079457374	0	2
117738869066234923369	0	1
105637423694027427561	0	1
103233967921245494760	0	2
106467956464026331029	0	1
105514142573871707546	0	2
111112809838472063992	0	1
112314395542822752573	0	1
104025209223525301213	0	1
115239440745127890908	0	1
108593579172981593233	0	1
115168269212597481080	0	1
114153859732710523651	0	2
113406825594571237890	0	2
114480095884024488890	0	2
101872053529554144345	0	2
103310218316548260893	0	1
100003761748305295041	0	1
112050047245724905079	0	2
114482821185152912812	0	1
107874114351340563166	0	2
106795916614100659420	0	1
110407384370530730875	0	1
115883675231924152819	0	2
101180112918691810491	0	1
112352597411965977411	0	1
111240230493422963077	0	2
114146479114949843175	0	1
111346029664121783189	0	2
116219534929662479848	0	1
105769047231222924856	0	1
111988916680313318873	0	2
102669161318133687366	0	1
108396995968821132401	0	2
104282453580753584553	0	2
103435446677848757188	0	1
106287024820950801335	0	1
116166660014087779586	0	2
103761326311610249621	0	1
102117093789730100872	0	1
104836231516206450911	0	1
115396639452469509832	0	1
107185271908509011656	0	1
115956363612512643809	0	1
101915227705460638776	0	1
116863730677849618682	0	2
104154510648876236073	0	1
111262146038004038186	0	1
111973012122832065397	0	1
112292414198276054098	0	2
103330025858600351508	0	2
102559162101591701099	0	3
108155601641892969907	0	2
100994657620984789503	0	2
116075808135192798838	0	1
109808157704804887611	0	2
108744126907748487983	0	1
103950094023645163151	0	2
117429320390907645600	0	1
105613252741181373599	0	1
112422638382072847469	0	1
118068221752550925627	0	1
105142373281531092539	0	1
107771181372242547518	0	1
111574163861915313530	0	2
114848435876861502546	0	1
106128938757046456047	0	1
103694380365597972001	0	3
106202342569754356867	0	2
104359568476968412848	0	1
103634361763300054269	0	1
114725410996879442582	0	2
103586615087663445665	0	1
102873175118305865375	0	1
101016488549547001886	0	1
101006001190131292549	0	1
106880894893281296113	0	1
102963825845722550731	0	1
103423896242493726696	0	1
111747381273060022672	0	2
106120339174989120480	0	2
113864703042782812265	0	1
102349305007676725479	0	1
106237697616959334118	0	2
104312101745348855122	0	2
117384587111087743652	0	1
114245534338887342709	0	1
114574946773548399121	0	2
102000765766827851350	0	2
114801877818306839095	0	1
109507653225799908921	0	1
116469556577026921142	0	1
106327011702418086602	0	2
111563321884369400602	0	2
109838381960700452907	0	2
106526737947007406923	0	1
113553990186994535872	0	1
105626925721558847542	0	1
116099277207398914278	0	2
113815496175227038563	0	1
112402806942990334873	0	2
113491802750170725132	0	1
108266781071396472578	0	1
102943220293105257440	0	2
113669639330555286996	0	1
101145980349117737014	0	1
115571998474046088312	0	2
114908847203028092210	0	1
115143234371607892983	0	1
112786527053466874529	0	1
102556276765972971683	0	2
111577466514119212961	0	1
100377493270775536948	0	1
105489065160959389675	0	1
118301727363923491343	0	1
113012020626169688172	0	2
110913165455688349197	0	2
101059049290567215584	0	1
109248359293282070509	0	2
104016949609489688294	0	1
115163657769014504396	0	2
118254993345625377660	0	2
109351399938437494273	0	1
118029848541356213863	0	1
107400386031872110984	0	2
114441717350702263925	0	1
106073502505833617615	0	2
102295892244191044193	0	1
105336425684208963598	0	2
113935808109821908050	0	2
105682917929029880806	0	1
101765416973555767821	0	2
110002405786613212411	0	1
104384618198413714249	0	1
103522218014529209421	0	2
109725757995563930722	0	1
112776394804213099516	0	1
117951052831974893962	0	2
107317834415489961554	0	2
116474011754795363421	0	1
109925450421274121160	0	1
115471815788264818704	0	1
115895618107840963551	0	1
101259151613606315676	0	1
117675164112614703713	0	1
113096993341203159664	0	2
109412400081371783885	0	1
109128179703780508212	0	1
107632266259008580069	0	2
109501436364165187027	0	2
110051435860595155587	0	2
115851550445020159565	0	1
116411437512689977320	0	1
105046530334806680420	0	1
108583368340157326167	0	1
100605864222557374608	0	1
113097851206100618060	0	2
105547060999578080024	0	2
110283364604261253002	0	1
118020706658509952016	0	1
109364225972033274255	0	2
113464569897311842405	0	1
104700304620983553940	0	2
105434340493779534137	0	2
111293451245568790784	0	1
114618043230336563405	0	2
116254680175588639092	0	1
112904779624068057533	0	2
108347134468694009774	0	2
115087934048348184516	0	2
106110392408709376416	0	1
112957708071337353347	0	1
114849122005373371847	0	1
113027837615023628132	0	1
109960739367065180670	0	1
102122033282907873402	0	1
100458658122301138710	0	1
110292076036271913623	0	1
109187026428012507334	0	1
114703714445331612880	0	1
117341108419076839731	0	2
106093315121102404734	0	1
114737380666798321176	0	1
104477868153171626760	0	2
108065043123202343467	0	2
113095675507703644541	0	1
114611629365777822843	0	1
116995710336756123292	0	1
107329843700868576110	0	2
114324572122696049251	0	1
113544226688149802325	0	1
115249860954021772424	0	2
106567570642614609073	0	1
112630132689918237462	0	2
103784452522248646050	0	1
108189481625587435470	0	1
118428285615500919023	0	2
115020081348374234621	0	1
108586778317771300452	0	1
106100296973968329853	0	2
110784099379805584044	0	1
108872478610415147462	0	2
106725926820845459123	0	2
100021025784352405813	0	1
108601549475749028405	0	1
112553697913375929649	0	1
113564907805644842158	0	1
117310042965407401917	0	1
101832053372535369591	0	1
112855886072993423409	0	2
111759924371065234455	0	2
104957819454738884673	0	1
116444778202433288162	0	1
117880813751228693103	0	2
113210096909000624337	0	1
115005061882443895792	0	1
105298519448418630579	0	1
111318868687919410142	0	1
106542726714965514632	0	2
110846410886522908410	0	1
116576168813389390769	0	2
117944539673553852609	0	2
113413631123566181546	0	2
116524473777969007095	0	1
108340896545132368254	0	2
116935226633911874035	0	1
105550186632453721513	0	1
108924136210249299218	0	1
114195458404542931606	0	1
118359984080122421385	0	2
116463032252840790333	0	2
108184823388212202257	0	1
108400276125913558601	0	1
112027643833060705750	0	1
109031486518632696635	0	1
105228323457033543279	0	1
100860607625286470922	0	1
113826445430709315059	0	1
109787685148095217484	0	1
113847951893881070422	0	2
114468593663912084118	0	1
113621734687034433968	0	1
106065832799617372150	0	1
115066354200158420114	0	1
101371617406438805612	0	1
104830019916494620908	0	1
111921583367634816674	0	2
107491769176599437622	0	1
117748891678858207829	0	1
114820480752300993890	0	2
118103244481533188445	0	2
114239101215094182222	0	1
110071522590592019034	0	1
115647026292417015088	0	1
107919746828184942218	0	1
103197072119870191855	0	1
103902837507333573775	0	2
102473385896850739603	0	2
108729164162563480433	0	2
100679131071077043250	0	1
117733415952407247601	0	2
108153608672070881319	0	2
111163922180711177542	0	1
100192309543043196568	0	1
100081010984768669358	0	2
118130821798863756144	0	2
109686654346023962238	0	2
103243515693467499824	0	2
100744739062759166603	0	2
100845686758241484821	0	1
105471005522417570192	0	1
105165289722561068087	0	1
116555083386520176296	0	2
105715110737693124434	0	1
117804036587685325842	0	1
103332931156452078238	0	1
100142397094908216555	0	1
102393079978161767132	0	1
109149494504964305881	0	2
105976690877361609078	0	2
103476362678113473113	0	1
106870979209204208803	0	2
101483533411566453214	0	1
104014153016377817626	0	2
100715328241636136414	0	1
112022440956088651301	0	2
102365048688944919376	0	2
107383652618865802442	0	1
114596463182738407791	0	1
115910676552586250784	0	1
112750091316252656625	0	1
117283174365630308265	0	1
114474252347218597235	0	1
115431995950171822892	0	2
104525492727903017665	0	2
102863738190878180013	0	2
101894017746711407041	0	1
111789696120701217069	0	1
118331204511078835845	0	2
100802098332606875346	0	1
106313493644744559056	0	1
117831026683660485392	0	1
105186369823013844219	0	1
101683039849030383098	0	2
102510959683814539027	0	1
105948997573578625505	0	1
103052947271067730624	0	1
116147512237797116756	0	1
108112557629934458248	0	2
117278168886020265135	0	1
103685740157136493702	0	1
102446706738071032208	0	1
110023904208758175742	0	1
117235019552933435852	0	2
100745493383537483255	0	1
100884676252145293797	0	1
103637162978776725632	0	1
101348397943983026449	0	1
101732559467217160653	0	2
117884476143887009277	0	1
110901058555803377041	0	1
103366463624361111353	0	1
112130961481629219718	0	2
114522811866073303399	0	1
112879207422835329028	0	2
104660118116124484869	0	1
110727249496967897430	0	1
108096298177137829845	0	3
105786329165387175660	0	1
104486088524980775787	0	1
115961021629090154025	0	1
105096798346946472808	0	2
105293886456793645422	0	1
104253374162112952095	0	2
110304595006233532529	0	1
115604087068942740438	0	2
100580578665046055694	0	1
107420422968461975442	0	2
108258998494605140446	0	1
100714230299995389604	0	1
104081052260915687825	0	1
110507996978242488651	0	1
104108328330202120315	0	1
106332861329892738561	0	2
102522790344277499713	0	1
109121803732047023565	0	1
101892269165398528426	0	1
102241692612694148758	0	1
114685723668493364887	0	1
112097913228945570211	0	1
105809055044456717985	0	1
104244566720530687874	0	1
104361409217313730040	0	2
106756757396535914887	0	2
109551304978938700721	0	2
112466289687791451467	0	2
102970007293376301648	0	1
107542632252660344559	0	1
107454875931047016644	0	1
115527615316927235156	0	2
116362607135656263968	0	1
101241183982769454084	0	1
110300801129798685547	0	1
117891208395394989624	0	1
116867274133488266077	0	1
109146160837645362711	0	1
110391914546305008874	0	1
103903167257655564644	0	1
104382821820488735558	0	1
109330515781864267219	0	1
115603501102777898212	0	2
100964697179613756830	0	1
108571081256210523807	0	1
110508446117310549309	0	1
111402923913640845655	0	1
106700825827431997607	0	1
101921878175528130492	0	1
103846236662061752112	0	1
116709653614049345818	0	1
101520511204797359099	0	2
100372135633760991915	0	1
106851256198255577581	0	1
105851080457064708898	0	1
103762604622232918121	0	2
110402672419165178132	0	1
108991211750301683447	0	1
117186458716523937136	0	1
105351684180743907506	0	1
104807117922089582088	0	1
101763511463762540696	0	1
103468365043418765379	0	1
106827772898657086582	0	1
107968787521028284191	0	2
102401792793807339556	0	1
103293516438378653921	0	1
101127358291830015133	0	2
105423752657290675302	0	1
110304553261974904093	0	2
101287476248475945303	0	1
114428401458138152037	0	1
109653829711661354959	0	2
105875140491203787369	0	1
117216033587803854436	0	2
110287894893102510451	0	1
101670009911923895945	0	2
114090565509079137915	0	2
115526648727451857630	0	1
111117743232778422510	0	1
111109359761281857990	0	1
104517282954427853888	0	2
102703978130406483278	0	1
116275857019696190172	0	2
103422959879607680904	0	1
103110188755669663490	0	2
113807532026808117133	0	2
103333192131344312115	0	1
114164741304215712201	0	1
100471099783836970424	0	1
114992496631413071283	0	1
106195706787721857536	0	1
112998749243338946843	0	2
104704208945955537679	0	2
110514503441802354869	0	2
117477043463673068423	0	2
110257628390025868486	0	1
101952863053692958836	0	2
108370572392474482357	0	2
112418826661775774031	0	1
117998735553744736999	0	2
115203451804146087587	0	1
102429033904627798413	0	2
111362418267183364740	0	1
115078520436774133103	0	1
110389676949022465024	0	2
102249182845295578962	0	2
107313393562916069174	0	2
103423025783649000949	0	1
101325689650452213569	0	1
110875740738406507241	0	1
112944457855043984127	0	1
105640725776036778682	0	1
111314660885088440303	0	1
110544037180447481256	0	1
114023941350334024054	0	1
113411651446816733455	0	2
115017188374689068228	0	2
108463477874040157192	0	3
108358355482390234713	0	2
116892835165405541815	0	1
100629903269377636365	0	2
116443492637968772227	0	1
111045518950648031219	0	2
115062042809909264062	0	1
111924432457519468020	0	2
100980979287274593007	0	1
106086121009771648314	0	1
108935348330187170024	0	1
105167657448375010036	0	1
114336117040058992572	0	1
113609633619983805215	0	1
109237657838387286677	0	1
104245209766042196395	0	1
112721658936181743681	0	1
114809488257853535663	0	1
106076219881946713098	0	1
110256759364022125433	0	2
104018409979015812249	0	3
113459103713303498507	0	2
103488169034643528443	0	2
104100048721044197927	0	2
116517133615208841339	0	2
115176200987385683342	0	1
110399185565600323230	0	1
115770994163143043771	0	2
113632805422998323682	0	1
112302328634546793979	0	1
100765355746093664804	0	2
103108014711273100895	0	1
114131994632283189651	0	1
103503130802791609321	0	2
113984375822215033202	0	1
111900459905346803651	0	2
108847139189923294371	0	1
106901350204433474063	0	1
112906687757895917077	0	2
113180496774797510373	0	2
113070233173845123055	0	2
116114203998112257616	0	1
104969644294937516031	0	1
108333665110294798935	0	1
115726547290844905726	0	2
104776433680664140552	0	1
104746530192334374233	0	1
111341805070244323186	0	2
106365643912684301289	0	1
102261841067368758247	0	1
108339432358899155056	0	2
113899310637703974412	0	1
107191836514147826474	0	1
101989171644896834606	0	2
116376299637999803639	0	1
111913294158600874183	0	1
108927164035015492479	0	2
106056053470710703420	0	2
102674542783172778960	0	1
117423126592221087041	0	1
117028515246889767151	0	1
114518097158797553283	0	2
115594723665448665415	0	2
115277354774512813305	0	1
110156377665491013511	0	1
102376883889660461167	0	1
115592034719992693959	0	2
113922681403146970349	0	2
108387669730511244394	0	1
113093321198553494153	0	2
103892944173481294432	0	3
109879692651335695102	0	1
113383813123340121401	0	1
112436171438064292142	0	2
113875421239479760863	0	2
115378488194467614098	0	1
111236544646879948698	0	1
108667968580174698698	0	2
103916200279709797158	0	1
107596547507994105178	0	1
101188292687117521197	0	2
106074369342418466880	0	1
115855823336434851063	0	1
110326740258342642328	0	1
100349743543849719885	0	1
110429769116505259644	0	1
109709900240523274422	0	2
100473530312870132359	0	1
101118135372426186940	0	1
109086327304624846202	0	2
109303894679037529650	0	1
108544691739607569495	0	2
102993757684517674146	0	2
108751138108005469822	0	1
116286873545653281906	0	1
113482888883317009415	0	1
104472648636466535471	0	2
114991166958782929792	0	1
112149526874675689376	0	1
107608211978571081988	0	1
110711569791558072851	0	2
113481459051519094986	0	2
110241306564912101634	0	1
111474518545913990538	0	1
114072878373860296419	0	1
109331277868417982438	0	1
117922865312170219650	0	1
112033282161498094504	0	2
113756014567052941747	0	1
102140048318764498929	0	1
109550312352993731394	0	1
107104176813455812890	0	1
102573229848208163108	0	1
113294483292678662316	0	1
112714532704986500957	0	2
117683342111882996354	0	1
114096099683887759200	0	2
111640352231056603475	0	2
111875665525715264606	0	1
100712897463075952326	0	1
108069705841970462959	0	1
115002587825504375275	0	1
101034415958781062784	0	1
106231013637442996083	0	1
103913979434037185388	0	1
111796773894504400652	0	2
101487790832789414661	0	1
101693014555125876600	0	2
101010784922652715012	0	1
108538588905235310311	0	2
101291254282326702480	0	2
113642499966081941370	0	1
105456040831865657362	0	2
102440249973652568489	0	2
110164187855514316489	0	1
114283083537558532185	0	1
100413801581310316369	0	2
113795161884201937681	0	1
101411522670835290735	0	2
107801349623255426435	0	1
113615559210024038819	0	2
115952789937721911175	0	1
116892274923495893157	0	1
110240619785255499063	0	1
100950689380752786392	0	1
107781760773053016090	0	1
100068145730356623940	0	2
108465230504446641814	0	2
105210587644650065846	0	1
111903356769415643161	0	1
107946961078943370483	0	2
117044063697470262714	0	2
118079889028052392889	0	1
104715046510370920811	0	1
112720732129213592031	0	1
101748883639096024591	0	1
105412422659562771828	0	2
117622079686568464918	0	2
106979953766473365245	0	1
108857235626334570902	0	2
115538599673310186405	0	1
115629548841310688016	0	2
109129654499278135352	0	1
100565437335936094929	0	1
110417116927521392783	0	1
115679589514937555999	0	1
105343629904718099625	0	1
106749254706410187997	0	1
110457665321425603325	0	1
101036203080597048769	0	2
105980789772649176836	0	1
103434487080219673561	0	2
110617635049394275212	0	1
100778660287081084062	0	1
102470388231927849686	0	2
117552698816637823490	0	1
110836676689034486959	0	2
104772213693268114793	0	1
110211437140732101291	0	1
107888782363494114273	0	1
112089326023442890813	0	2
117556905742783806573	0	1
117544103486117718688	0	1
110607854570815877398	0	1
117224070183789845933	0	2
117172748046831321270	0	1
112585341928813448740	0	1
109876879476302416523	0	1
103936423846831648729	0	1
118074512749042983654	0	2
112789786566993332700	0	1
114754986248751812965	0	1
112460462800157435585	0	2
100661914783868753304	0	1
114122515075685499659	0	2
117900114250626860265	0	1
111232477386462053555	0	2
103057843502350710989	0	2
106330487416823424328	0	2
104010138784147579120	0	1
117131018399815646628	0	1
103632164166169075556	0	1
104290818898110908410	0	3
115633010784894156982	0	1
113088290281047707931	0	2
105867621710130583821	0	1
108324852458814017913	0	1
115093655219784901392	0	2
105377628474938621200	0	2
108126733266740039694	0	1
108389970433410842831	0	2
101520077969854966120	0	2
100407776587709985039	0	2
113836156536300987517	0	1
111418354339247945304	0	3
108204355971789246926	0	2
112158988113590372338	0	2
118143461595971235245	0	2
115864772802672600481	0	1
117580707036980580593	0	1
107182433686883691644	0	1
104356957682366570813	0	2
107477909135631364885	0	2
108353917312661123555	0	1
106716642552326584995	0	1
102011100939418580380	0	2
109411893271096185362	0	1
111633698729201578344	0	1
113327352483856893805	0	2
112659399561175810227	0	1
116861525146403142301	0	2
109296185210191545499	0	1
103725469247964473316	0	2
112710132005244395879	0	1
114620193125290475654	0	1
100163155057122890291	0	1
100080304497199877330	0	2
103507192664487181495	0	1
115747763648027263942	0	2
103076920821986804655	0	1
107474561164609530463	0	1
116614103204687068570	0	1
114766624521543225421	0	2
104610015901686190830	0	2
109674457704408200611	0	3
100096528278409188670	0	2
113192115815282097125	0	1
113235977348513117936	0	1
112240370345372758525	0	1
107689257606548570571	0	2
106403770626375562373	0	2
